Time,Vm,dVm/dt,timestep(dt),Cai(x1.000.000)(milliM->nanoM),INa(x1.000)(microA->nanoA),INaL(x1.000)(microA->nanoA),ICaL(x1.000)(microA->nanoA),Ito(x1.000)(microA->nanoA),IKr(x1.000)(microA->nanoA),IKs(x1.000)(microA->nanoA),IK1(x1.000)(microA->nanoA)
1,-11.0967,-0.0155,0.5000,163.0535,-0.0002,-0.6768,-197.0678,1.8622,47.7505,142.8851,15.3310
3,-11.1299,-0.0173,0.5000,163.0062,-0.0002,-0.6746,-195.5817,1.8631,47.7425,142.9340,15.3810
5,-11.1666,-0.0190,0.5000,162.9542,-0.0002,-0.6735,-194.8433,1.8638,47.7378,142.9541,15.4080
7,-11.2067,-0.0207,0.5000,162.8978,-0.0002,-0.6713,-193.3776,1.8655,47.7269,142.9859,15.4656
9,-11.2502,-0.0224,0.5000,162.8369,-0.0002,-0.6691,-191.9290,1.8676,47.7140,143.0060,15.5282
11,28.5810,79.7318,0.5000,162.7851,-0.0000,-0.3679,-134.8610,3.7541,64.2855,229.6728,0.3555
13,27.6118,-0.4450,0.5000,162.8514,-0.0000,-0.3741,-258.2130,7.4766,44.5274,230.3059,0.3909
15,26.7457,-0.4292,0.5000,162.9179,-0.0000,-0.3802,-258.2298,6.8592,47.2551,231.0856,0.4280
17,25.8954,-0.4228,0.5000,162.9901,-0.0000,-0.3862,-253.8936,5.5997,51.3949,231.7664,0.4673
19,25.0581,-0.4161,0.5000,163.0707,-0.0000,-0.3910,-250.4146,4.7022,54.0086,232.2513,0.5008
21,24.2346,-0.4091,0.5000,163.1604,-0.0000,-0.3964,-246.4627,3.8697,56.2583,232.7535,0.5423
23,23.4253,-0.4020,0.5000,163.2587,-0.0000,-0.4019,-242.4842,3.2120,57.9026,233.2115,0.5882
25,22.6304,-0.3947,0.5000,163.3645,-0.0000,-0.4075,-238.4019,2.6819,59.0989,233.6367,0.6404
27,21.8500,-0.3875,0.5000,163.4761,-0.0000,-0.4123,-234.9362,2.3172,59.8152,233.9650,0.6899
29,21.0840,-0.3803,0.5000,163.5918,-0.0000,-0.4164,-232.0002,2.0546,60.2509,234.2205,0.7363
31,20.3323,-0.3732,0.5000,163.7099,-0.0000,-0.4216,-228.3607,1.7749,60.6126,234.5087,0.8009
33,19.5948,-0.3661,0.5000,163.8286,-0.0000,-0.4249,-226.0770,1.6202,60.7541,234.6727,0.8461
35,18.8712,-0.3592,0.5000,163.9464,-0.0000,-0.4296,-222.8583,1.4244,60.8572,234.8802,0.9174
37,18.1613,-0.3524,0.5000,164.0618,-0.0000,-0.4341,-219.8739,1.2627,60.8644,235.0452,0.9929
39,17.4648,-0.3458,0.5000,164.1737,-0.0000,-0.4369,-218.0045,1.1698,60.8300,235.1334,1.0456
41,16.7815,-0.3392,0.5000,164.2809,-0.0000,-0.4401,-215.9020,1.0727,60.7585,235.2168,1.1105
43,16.1110,-0.3329,0.5000,164.3825,-0.0000,-0.4433,-213.8296,0.9840,60.6565,235.2810,1.1811
45,15.4530,-0.3267,0.5000,164.4779,-0.0000,-0.4467,-211.6691,0.8990,60.5193,235.3262,1.2625
47,14.8073,-0.3206,0.5000,164.5664,-0.0000,-0.4503,-209.4092,0.8177,60.3450,235.3471,1.3568
49,14.1734,-0.3148,0.5000,164.6476,-0.0000,-0.4536,-207.3192,0.7460,60.1588,235.3397,1.4529
51,13.5510,-0.3091,0.5000,164.7211,-0.0000,-0.4556,-205.9717,0.7011,60.0276,235.3202,1.5195
53,12.9398,-0.3036,0.5000,164.7867,-0.0000,-0.4586,-204.0027,0.6418,59.8227,235.2700,1.6233
55,12.3393,-0.2983,0.5000,164.8442,-0.0000,-0.4606,-202.7154,0.6075,59.6817,235.2229,1.6951
57,11.7493,-0.2931,0.5000,164.8936,-0.0000,-0.4636,-200.6058,0.5587,59.4418,235.1211,1.8189
59,11.1692,-0.2882,0.5000,164.9347,-0.0000,-0.4665,-198.5066,0.5186,59.1963,234.9900,1.9488
61,10.5987,-0.2835,0.5000,164.9676,-0.0000,-0.4686,-196.8278,0.4919,58.9979,234.8650,2.0566
63,10.0373,-0.2790,0.5000,164.9922,-0.0000,-0.4707,-195.1258,0.4691,58.7976,234.7216,2.1684
65,9.4847,-0.2747,0.5000,165.0088,-0.0000,-0.4727,-193.3931,0.4500,58.5956,234.5594,2.2843
67,8.9404,-0.2706,0.5000,165.0173,-0.0000,-0.4746,-191.6169,0.4340,58.3924,234.3782,2.4045
69,8.4041,-0.2667,0.5000,165.0178,-0.0000,-0.4765,-189.7871,0.4210,58.1882,234.1775,2.5292
71,7.8752,-0.2631,0.5000,165.0104,-0.0000,-0.4782,-187.8940,0.4105,57.9834,233.9569,2.6583
73,7.3533,-0.2597,0.5000,164.9952,-0.0000,-0.4799,-185.9289,0.4024,57.7779,233.7156,2.7922
75,6.8381,-0.2564,0.5000,164.9723,-0.0000,-0.4815,-183.8832,0.3966,57.5720,233.4529,2.9310
77,6.3290,-0.2534,0.5000,164.9418,-0.0000,-0.4831,-181.7492,0.3927,57.3658,233.1681,3.0749
79,5.8256,-0.2507,0.5000,164.9037,-0.0000,-0.4845,-179.5190,0.3908,57.1592,232.8603,3.2240
81,5.3276,-0.2481,0.5000,164.8581,-0.0000,-0.4860,-177.1856,0.3906,56.9524,232.5285,3.3787
83,4.8343,-0.2458,0.5000,164.8049,-0.0000,-0.4873,-174.7422,0.3921,56.7453,232.1717,3.5392
85,4.3454,-0.2437,0.5000,164.7443,-0.0000,-0.4886,-172.1830,0.3952,56.5380,231.7887,3.7057
87,3.8605,-0.2418,0.5000,164.6761,-0.0000,-0.4899,-169.5022,0.3997,56.3303,231.3785,3.8786
89,3.3791,-0.2401,0.5000,164.6004,-0.0000,-0.4911,-166.6952,0.4058,56.1223,230.9398,4.0582
91,2.9007,-0.2387,0.5000,164.5171,-0.0000,-0.4923,-163.7576,0.4132,55.9139,230.4714,4.2449
93,2.4249,-0.2375,0.5000,164.4261,-0.0000,-0.4934,-160.6863,0.4219,55.7049,229.9719,4.4391
95,1.9513,-0.2365,0.5000,164.3273,-0.0000,-0.4944,-157.4790,0.4320,55.4954,229.4399,4.6411
97,1.4794,-0.2357,0.5000,164.2207,-0.0000,-0.4954,-154.1345,0.4434,55.2851,228.8742,4.8516
99,1.0088,-0.2351,0.5000,164.1059,-0.0000,-0.4964,-150.6530,0.4562,55.0740,228.2732,5.0709
101,0.5390,-0.2348,0.5000,163.9830,-0.0000,-0.4973,-147.0364,0.4702,54.8620,227.6356,5.2997
103,0.0697,-0.2346,0.5000,163.8517,-0.0000,-0.4982,-143.2875,0.4855,54.6488,226.9598,5.5386
105,-0.3995,-0.2346,0.5000,163.7117,-0.0000,-0.4991,-139.4123,0.5022,54.4344,226.2445,5.7880
107,-0.8690,-0.2349,0.5000,163.5629,-0.0000,-0.4999,-135.4178,0.5202,54.2185,225.4882,6.0489
109,-1.3392,-0.2353,0.5000,163.4051,-0.0000,-0.5007,-131.3142,0.5395,54.0011,224.6896,6.3218
111,-1.8104,-0.2358,0.5000,163.2379,-0.0000,-0.5014,-127.1143,0.5604,53.7820,223.8474,6.6076
113,-2.2829,-0.2365,0.5000,163.0611,-0.0000,-0.5019,-124.1348,0.5757,53.6279,223.2333,6.8150
115,-2.7569,-0.2373,0.5000,162.8745,-0.0000,-0.5025,-120.0883,0.5975,53.4198,222.3749,7.1040
117,-3.2327,-0.2383,0.5000,162.6778,-0.0000,-0.5031,-115.9977,0.6207,53.2098,221.4758,7.4062
119,-3.7105,-0.2393,0.5000,162.4706,-0.0000,-0.5037,-111.8812,0.6452,52.9978,220.5351,7.7222
121,-4.1904,-0.2403,0.5000,162.2529,-0.0000,-0.5044,-105.7033,0.6848,52.6757,219.0448,8.2239
123,-4.6724,-0.2414,0.5000,162.0242,-0.0000,-0.5051,-100.3180,0.7226,52.3880,217.6538,8.6947
125,-5.1566,-0.2425,0.5000,161.7843,-0.0000,-0.5054,-97.0228,0.7474,52.2071,216.7519,9.0017
127,-5.6428,-0.2435,0.5000,161.5332,-0.0000,-0.5058,-93.7832,0.7735,52.0246,215.8211,9.3204
129,-6.1311,-0.2445,0.5000,161.2705,-0.0000,-0.5064,-87.5289,0.8291,51.6544,213.8727,9.9947
131,-6.6212,-0.2454,0.5000,160.9961,-0.0000,-0.5066,-84.5442,0.8588,51.4667,212.8557,10.3509
133,-7.1128,-0.2461,0.5000,160.7101,-0.0000,-0.5069,-81.6745,0.8898,51.2773,211.8105,10.7205
135,-7.6057,-0.2466,0.5000,160.4122,-0.0000,-0.5071,-78.9345,0.9222,51.0861,210.7377,11.1037
137,-8.0994,-0.2470,0.5000,160.1026,-0.0001,-0.5075,-73.9020,0.9910,50.6988,208.5113,11.9122
139,-8.5934,-0.2471,0.5000,159.7813,-0.0001,-0.5077,-71.6378,1.0276,50.5027,207.3593,12.3381
141,-9.0874,-0.2469,0.5000,159.4485,-0.0001,-0.5079,-69.5598,1.0657,50.3051,206.1824,12.7787
143,-9.5806,-0.2464,0.5000,159.1045,-0.0001,-0.5081,-66.0152,1.1465,49.9056,203.7583,13.7045
145,-10.0724,-0.2456,0.5000,158.7496,-0.0001,-0.5082,-64.5738,1.1892,49.7040,202.5134,14.1898
147,-10.5622,-0.2444,0.5000,158.3842,-0.0001,-0.5083,-63.3692,1.2336,49.5012,201.2482,14.6901
149,-11.0492,-0.2429,0.5000,158.0089,-0.0001,-0.5084,-61.7157,1.3271,49.0931,198.6627,15.7350
151,-11.5325,-0.2409,0.5000,157.6242,-0.0002,-0.5085,-61.2881,1.3763,48.8880,197.3455,16.2791
153,-12.0114,-0.2385,0.5000,157.2310,-0.0002,-0.5085,-61.1393,1.4271,48.6825,196.0142,16.8370
155,-12.4848,-0.2356,0.5000,156.8301,-0.0002,-0.5086,-61.2774,1.4795,48.4769,194.6707,17.4084
157,-12.9519,-0.2322,0.5000,156.4224,-0.0003,-0.5087,-62.4374,1.5890,48.0659,191.9543,18.5886
159,-13.4116,-0.2284,0.5000,156.0092,-0.0003,-0.5087,-63.4660,1.6461,47.8611,190.5853,19.1958
161,-13.8629,-0.2240,0.5000,155.5916,-0.0003,-0.5088,-64.7922,1.7046,47.6570,189.2118,19.8131
163,-14.3049,-0.2191,0.5000,155.1711,-0.0004,-0.5089,-68.3097,1.8257,47.2524,186.4598,21.0732
165,-14.7365,-0.2138,0.5000,154.7490,-0.0004,-0.5090,-70.4793,1.8882,47.0524,185.0854,21.7135
167,-15.1568,-0.2079,0.5000,154.3270,-0.0004,-0.5091,-72.8923,1.9518,46.8543,183.7146,22.3589
169,-15.5649,-0.2017,0.5000,153.9068,-0.0006,-0.5094,-78.3549,2.0820,46.4651,180.9916,23.6584
171,-15.9602,-0.1951,0.5000,153.4903,-0.0007,-0.5096,-81.3374,2.1484,46.2745,179.6429,24.3097
173,-16.3419,-0.1883,0.5000,153.0792,-0.0007,-0.5099,-84.4331,2.2155,46.0871,178.3046,24.9602
175,-16.7097,-0.1813,0.5000,152.6755,-0.0011,-0.5104,-90.7986,2.3510,45.7223,175.6643,26.2529
177,-17.0633,-0.1742,0.5000,152.2812,-0.0012,-0.5108,-93.9819,2.4192,45.5454,174.3642,26.8928
179,-17.4028,-0.1671,0.5000,151.8980,-0.0010,-0.5110,-96.1111,2.4654,45.4279,173.4928,27.3225
181,-17.7282,-0.1601,0.5000,151.5277,-0.0012,-0.5115,-100.2430,2.5579,45.1986,171.7699,28.1733
183,-18.0400,-0.1533,0.5000,151.1720,-0.0012,-0.5121,-104.1507,2.6501,44.9770,170.0742,29.0110
185,-18.3385,-0.1468,0.5000,150.8323,-0.0014,-0.5127,-107.8585,2.7439,44.7584,168.3672,29.8535
187,-18.6243,-0.1406,0.5000,150.5100,-0.0016,-0.5134,-111.2391,2.8370,44.5481,166.6884,30.6804
189,-18.8981,-0.1347,0.5000,150.2060,-0.0017,-0.5141,-114.2853,2.9290,44.3461,165.0369,31.4913
191,-19.1605,-0.1291,0.5000,149.9211,-0.0018,-0.5147,-117.0906,3.0226,44.1468,163.3647,32.3091
193,-19.4121,-0.1239,0.5000,149.6560,-0.0020,-0.5152,-118.8174,3.0851,44.0168,162.2494,32.8523
195,-19.6535,-0.1188,0.5000,149.4109,-0.0022,-0.5160,-121.9297,3.2081,43.7683,160.0553,33.9151
197,-19.8852,-0.1141,0.5000,149.1859,-0.0023,-0.5164,-123.3512,3.2686,43.6495,158.9760,34.4346
199,-20.1076,-0.1095,0.5000,148.9810,-0.0024,-0.5168,-124.7071,3.3283,43.5343,157.9084,34.9459
201,-20.3210,-0.1051,0.5000,148.7958,-0.0027,-0.5174,-127.2883,3.4456,43.3140,155.8080,35.9435
203,-20.5257,-0.1007,0.5000,148.6299,-0.0028,-0.5177,-128.5421,3.5031,43.2089,154.7751,36.4292
205,-20.7219,-0.0965,0.5000,148.4829,-0.0030,-0.5179,-129.7871,3.5598,43.1069,153.7540,36.9059
207,-20.9097,-0.0923,0.5000,148.3541,-0.0032,-0.5183,-132.2859,3.6708,42.9122,151.7470,37.8308
209,-21.0891,-0.0882,0.5000,148.2430,-0.0034,-0.5184,-133.5523,3.7251,42.8194,150.7614,38.2781
211,-21.2604,-0.0841,0.5000,148.1489,-0.0035,-0.5185,-134.8358,3.7785,42.7295,149.7879,38.7149
213,-21.4234,-0.0800,0.5000,148.0711,-0.0038,-0.5186,-137.4650,3.8824,42.5584,147.8778,39.5552
215,-21.5783,-0.0759,0.5000,148.0091,-0.0039,-0.5186,-138.8138,3.9330,42.4771,146.9414,39.9579
217,-21.7250,-0.0718,0.5000,147.9621,-0.0042,-0.5185,-141.5847,4.0310,42.3228,145.1070,40.7261
219,-21.8636,-0.0678,0.5000,147.9296,-0.0044,-0.5183,-143.5168,4.0949,42.2248,143.8955,41.2164
221,-21.9940,-0.0637,0.5000,147.9110,-0.0046,-0.5181,-145.4976,4.1567,42.1317,142.7081,41.6818
223,-22.1163,-0.0596,0.5000,147.9057,-0.0048,-0.5178,-147.5299,4.2164,42.0436,141.5451,42.1214
225,-22.2304,-0.0555,0.5000,147.9132,-0.0050,-0.5175,-149.6183,4.2737,41.9604,140.4071,42.5340
227,-22.3363,-0.0514,0.5000,147.9330,-0.0051,-0.5172,-151.7643,4.3287,41.8823,139.2942,42.9189
229,-22.4340,-0.0473,0.5000,147.9647,-0.0053,-0.5168,-153.9798,4.3812,41.8090,138.2070,43.2748
231,-22.5234,-0.0431,0.5000,148.0078,-0.0055,-0.5164,-156.2655,4.4312,41.7407,137.1459,43.6009
233,-22.6044,-0.0389,0.5000,148.0619,-0.0056,-0.5159,-158.6344,4.4784,41.6775,136.1114,43.8959
235,-22.6769,-0.0347,0.5000,148.1267,-0.0057,-0.5154,-161.0944,4.5229,41.6192,135.1040,44.1590
237,-22.7408,-0.0303,0.5000,148.2017,-0.0060,-0.5148,-163.6578,4.5645,41.5660,134.1243,44.3888
239,-22.7959,-0.0259,0.5000,148.2868,-0.0061,-0.5142,-166.3319,4.6032,41.5178,133.1729,44.5843
241,-22.8422,-0.0214,0.5000,148.3815,-0.0060,-0.5136,-169.1407,4.6387,41.4748,132.2506,44.7441
243,-22.8793,-0.0168,0.5000,148.4858,-0.0062,-0.5130,-172.0907,4.6711,41.4371,131.3580,44.8670
245,-22.9070,-0.0121,0.5000,148.5993,-0.0067,-0.5123,-175.2015,4.7001,41.4047,130.4962,44.9516
247,-22.9251,-0.0072,0.5000,148.7219,-0.0065,-0.5116,-178.4972,4.7258,41.3778,129.6661,44.9963
249,-22.9332,-0.0021,0.5000,148.8535,-0.0063,-0.5108,-181.9928,4.7478,41.3564,128.8687,44.9996
251,-22.9309,0.0031,0.5000,148.9940,-0.0067,-0.5100,-185.7131,4.7662,41.3407,128.1053,44.9599
253,-22.9179,0.0086,0.5000,149.1434,-0.0072,-0.5092,-189.6954,4.7807,41.3309,127.3773,44.8753
255,-22.8935,0.0143,0.5000,149.3017,-0.0060,-0.5084,-193.9581,4.7913,41.3273,126.6862,44.7438
257,-22.8573,0.0204,0.5000,149.4690,-0.0062,-0.5078,-197.3013,4.7965,41.3286,126.2009,44.6158
259,-22.8087,0.0267,0.5000,149.6453,-0.0060,-0.5068,-202.5855,4.7998,41.3370,125.5248,44.3766
261,-22.7469,0.0334,0.5000,149.8310,-0.0062,-0.5063,-205.4005,4.7996,41.3442,125.2053,44.2338
263,-22.6712,0.0406,0.5000,150.0261,-0.0068,-0.5053,-211.4060,4.7950,41.3649,124.6052,43.8996
265,-22.5806,0.0482,0.5000,150.2312,-0.0054,-0.5043,-217.9741,4.7847,41.3942,124.0597,43.4983
267,-22.4741,0.0563,0.5000,150.4465,-0.0060,-0.5035,-223.2354,4.7734,41.4218,123.6937,43.1564
269,-22.3506,0.0651,0.5000,150.6725,-0.0062,-0.5022,-231.8608,4.7502,41.4730,123.2079,42.5681
271,-22.2087,0.0745,0.5000,150.9099,-0.0054,-0.5013,-238.1597,4.7303,41.5142,122.9290,42.1234
273,-22.0471,0.0847,0.5000,151.1593,-0.0054,-0.5000,-248.5464,4.6938,41.5870,122.5831,41.3737
275,-21.8640,0.0958,0.5000,151.4215,-0.0052,-0.4987,-259.0125,4.6534,41.6649,122.3517,40.6086
277,-21.6576,0.1078,0.5000,151.6973,-0.0049,-0.4979,-266.2172,4.6243,41.7204,122.2483,40.0811
279,-21.4256,0.1210,0.5000,151.9879,-0.0046,-0.4961,-282.2486,4.5570,41.8472,122.1483,38.9162
281,-21.1658,0.1355,0.5000,152.2943,-0.0044,-0.4952,-291.1813,4.5187,41.9191,122.1562,38.2767
283,-20.8752,0.1514,0.5000,152.6180,-0.0040,-0.4932,-311.1889,4.4323,42.0814,122.2999,36.8784
285,-20.5506,0.1690,0.5000,152.9604,-0.0038,-0.4921,-322.4103,4.3841,42.1725,122.4416,36.1177
287,-20.1885,0.1886,0.5000,153.3234,-0.0034,-0.4898,-347.7252,4.2773,42.3763,122.8810,34.4688
289,-19.7846,0.2103,0.5000,153.7088,-0.0031,-0.4886,-362.0285,4.2185,42.4899,123.1864,33.5790
291,-19.3339,0.2347,0.5000,154.1188,-0.0027,-0.4859,-394.5972,4.0901,42.7428,123.9912,31.6659
293,-18.8308,0.2621,0.5000,154.5560,-0.0024,-0.4844,-413.1343,4.0205,42.8832,124.5010,30.6419
295,-18.2686,0.2930,0.5000,155.0233,-0.0020,-0.4811,-455.8709,3.8703,43.1946,125.7673,28.4582
297,-17.6392,0.3283,0.5000,155.5238,-0.0019,-0.4799,-472.6027,3.8156,43.3114,126.2850,27.6690
299,-16.9329,0.3688,0.5000,156.0613,-0.0016,-0.4772,-509.7352,3.7015,43.5619,127.4658,26.0284
301,-16.1375,0.4160,0.5000,156.6401,-0.0013,-0.4742,-553.0398,3.5814,43.8367,128.8642,24.3059
303,-15.2371,0.4720,0.5000,157.2653,-0.0010,-0.4696,-624.2486,3.4123,44.2484,131.1467,21.8669
305,-14.2102,0.5400,0.5000,157.9428,-0.0007,-0.4654,-692.9722,3.2782,44.6007,133.2737,19.9038
307,-13.0267,0.6254,0.5000,158.6802,-0.0006,-0.4607,-779.9897,3.1425,44.9897,135.8108,17.8579
309,-11.6417,0.7367,0.5000,159.4869,-0.0004,-0.4551,-894.2137,3.0085,45.4205,138.8663,15.7279
311,-9.9866,0.8883,0.5000,160.3756,-0.0003,-0.4490,-1034.0228,2.8919,45.8550,142.2401,13.7105
313,-7.9551,1.1016,0.5000,161.3639,-0.0002,-0.4395,-1281.0979,2.7639,46.4616,147.5333,11.0934
315,-5.3932,1.4000,0.5000,162.4772,-0.0001,-0.4290,-1578.0103,2.6837,47.0421,153.4145,8.7891
317,-2.1390,1.7665,0.5000,163.7511,-0.0000,-0.4149,-1939.0062,2.6502,47.6825,161.2258,6.4640
319,1.7811,2.0506,0.5000,165.2300,-0.0000,-0.3991,-2181.2942,2.6784,48.2526,169.9286,4.6036
321,5.9324,2.0508,0.5000,166.9502,-0.0000,-0.3800,-2186.3913,2.7600,48.8299,180.3560,3.0897
323,9.7548,1.8089,0.5000,168.9159,-0.0000,-0.3618,-1986.9167,2.8398,49.4609,190.3448,2.1390
325,12.9864,1.4997,0.5000,171.0921,-0.0000,-0.3458,-1742.3811,2.8692,50.2786,199.2727,1.5679
327,15.6245,1.2161,0.5000,173.4192,-0.0000,-0.3320,-1525.0474,2.8776,51.2835,207.0975,1.2171
329,17.7536,0.9795,0.5000,175.8308,-0.0000,-0.3201,-1345.6387,2.8495,52.4086,214.0636,0.9900
331,19.4653,0.7868,0.5000,178.2651,0.0000,-0.3094,-1195.5942,2.7699,53.6121,220.5558,0.8323
333,20.8381,0.6302,0.5000,180.6705,0.0000,-0.3021,-1098.8157,2.6810,54.5352,225.2244,0.7443
335,21.9347,0.5023,0.5000,183.0065,-0.0000,-0.2942,-1000.2646,2.5508,55.6019,230.5192,0.6654
337,22.8047,0.3972,0.5000,185.2438,0.0000,-0.2887,-935.4803,2.4378,56.3727,234.3894,0.6195
339,23.4876,0.3100,0.5000,187.3625,0.0000,-0.2828,-868.0938,2.2920,57.2285,238.8400,0.5774
341,24.0146,0.2372,0.5000,189.3500,0.0000,-0.2780,-815.5210,2.1542,57.9281,242.6900,0.5490
343,24.4110,0.1761,0.5000,191.1999,-0.0000,-0.2735,-767.6558,2.0071,58.5817,246.5547,0.5275
345,24.6973,0.1244,0.5000,192.9099,-0.0000,-0.2709,-740.0925,1.9118,58.9614,248.9664,0.5173
347,24.8903,0.0806,0.5000,194.4810,-0.0000,-0.2675,-704.0419,1.7739,59.4565,252.3634,0.5069
349,25.0039,0.0432,0.5000,195.9165,-0.0000,-0.2647,-673.2091,1.6431,59.8730,255.5223,0.5015
351,25.0496,0.0113,0.5000,197.2211,-0.0000,-0.2622,-646.5974,1.5200,60.2223,258.4679,0.5000
353,25.0373,-0.0161,0.5000,198.4006,-0.0000,-0.2608,-630.8138,1.4422,60.4228,260.3237,0.5008
355,24.9750,-0.0397,0.5000,199.4614,-0.0000,-0.2590,-609.6129,1.3320,60.6814,262.9587,0.5046
357,24.8699,-0.0599,0.5000,200.4101,-0.0000,-0.2575,-590.9344,1.2295,60.8961,265.4294,0.5109
359,24.7277,-0.0774,0.5000,201.2534,-0.0000,-0.2566,-579.6780,1.1654,61.0180,266.9922,0.5164
361,24.5538,-0.0925,0.5000,201.9980,-0.0000,-0.2555,-564.3338,1.0752,61.1732,269.2190,0.5264
363,24.3523,-0.1054,0.5000,202.6504,-0.0000,-0.2546,-550.5862,0.9920,61.2991,271.3148,0.5383
365,24.1272,-0.1166,0.5000,203.2169,-0.0000,-0.2541,-542.1889,0.9402,61.3688,272.6442,0.5472
367,23.8816,-0.1263,0.5000,203.7035,-0.0000,-0.2535,-530.5931,0.8677,61.4544,274.5433,0.5619
369,23.6185,-0.1346,0.5000,204.1159,-0.0000,-0.2531,-521.0773,0.8077,61.5141,276.1571,0.5765
371,23.3402,-0.1417,0.5000,204.4595,-0.0000,-0.2528,-512.8956,0.7559,61.5566,277.5840,0.5912
373,23.0490,-0.1478,0.5000,204.7396,-0.0000,-0.2525,-502.8103,0.6924,61.5960,279.3898,0.6124
375,22.7466,-0.1531,0.5000,204.9607,-0.0000,-0.2524,-496.5595,0.6535,61.6123,280.5326,0.6275
377,22.4346,-0.1576,0.5000,205.1276,-0.0000,-0.2523,-486.2018,0.5901,61.6240,282.4576,0.6564
379,22.1145,-0.1615,0.5000,205.2443,-0.0000,-0.2523,-481.3519,0.5612,61.6223,283.3684,0.6717
381,21.7874,-0.1648,0.5000,205.3149,-0.0000,-0.2523,-476.6904,0.5340,61.6159,284.2465,0.6876
383,21.4542,-0.1676,0.5000,205.3429,-0.0000,-0.2525,-467.8515,0.4844,61.5905,285.9095,0.7212
385,21.1160,-0.1700,0.5000,205.3319,-0.0000,-0.2526,-463.6382,0.4618,61.5721,286.6964,0.7389
387,20.7734,-0.1721,0.5000,205.2849,-0.0000,-0.2528,-459.5411,0.4406,61.5500,287.4548,0.7571
389,20.4270,-0.1739,0.5000,205.2050,-0.0000,-0.2530,-454.1638,0.4140,61.5150,288.4358,0.7828
391,20.0773,-0.1754,0.5000,205.0948,-0.0000,-0.2532,-448.9407,0.3896,61.4742,289.3682,0.8096
393,19.7248,-0.1767,0.5000,204.9569,-0.0000,-0.2535,-443.8432,0.3672,61.4283,290.2538,0.8375
395,19.3698,-0.1779,0.5000,204.7935,-0.0000,-0.2539,-438.8482,0.3467,61.3774,291.0937,0.8665
397,19.0127,-0.1790,0.5000,204.6070,-0.0000,-0.2542,-433.9334,0.3280,61.3220,291.8896,0.8968
399,18.6535,-0.1799,0.5000,204.3992,-0.0000,-0.2546,-429.0813,0.3109,61.2623,292.6424,0.9282
401,18.2926,-0.1808,0.5000,204.1720,-0.0000,-0.2549,-424.2764,0.2953,61.1985,293.3531,0.9609
403,17.9301,-0.1816,0.5000,203.9270,-0.0000,-0.2553,-419.5060,0.2811,61.1309,294.0227,0.9949
405,17.5660,-0.1823,0.5000,203.6659,-0.0000,-0.2558,-414.7594,0.2682,61.0596,294.6518,1.0303
407,17.2004,-0.1830,0.5000,203.3899,-0.0000,-0.2562,-410.0281,0.2565,60.9849,295.2410,1.0670
409,16.8335,-0.1837,0.5000,203.1005,-0.0000,-0.2566,-405.3054,0.2460,60.9068,295.7911,1.1052
411,16.4652,-0.1844,0.5000,202.7987,-0.0000,-0.2571,-400.5859,0.2365,60.8254,296.3024,1.1449
413,16.0956,-0.1851,0.5000,202.4857,-0.0000,-0.2576,-395.8658,0.2280,60.7409,296.7753,1.1861
415,15.7246,-0.1857,0.5000,202.1623,-0.0000,-0.2580,-391.1424,0.2204,60.6533,297.2103,1.2290
417,15.3523,-0.1864,0.5000,201.8296,-0.0000,-0.2585,-386.4140,0.2137,60.5627,297.6076,1.2736
419,14.9787,-0.1871,0.5000,201.4882,-0.0000,-0.2590,-381.6795,0.2078,60.4692,297.9675,1.3199
421,14.6037,-0.1877,0.5000,201.1390,-0.0000,-0.2595,-376.9386,0.2027,60.3728,298.2903,1.3681
423,14.2274,-0.1884,0.5000,200.7825,-0.0000,-0.2600,-372.1916,0.1979,60.2736,298.5761,1.4182
425,13.8497,-0.1891,0.5000,200.4195,-0.0000,-0.2605,-367.4388,0.1933,60.1714,298.8252,1.4703
427,13.4707,-0.1898,0.5000,200.0503,-0.0000,-0.2610,-362.6810,0.1894,60.0665,299.0377,1.5245
429,13.0903,-0.1905,0.5000,199.6754,-0.0000,-0.2615,-357.9192,0.1859,59.9588,299.2137,1.5809
431,12.7085,-0.1912,0.5000,199.2954,-0.0000,-0.2620,-353.1542,0.1831,59.8483,299.3534,1.6396
433,12.3253,-0.1919,0.5000,198.9105,-0.0000,-0.2626,-348.3869,0.1812,59.7351,299.4568,1.7006
435,11.9407,-0.1926,0.5000,198.5211,-0.0000,-0.2631,-343.6180,0.1797,59.6189,299.5240,1.7641
437,11.5547,-0.1933,0.5000,198.1276,-0.0000,-0.2636,-338.8481,0.1791,59.5000,299.5551,1.8302
439,11.1672,-0.1940,0.5000,197.7301,-0.0000,-0.2641,-334.0776,0.1791,59.3787,299.5500,1.8991
441,10.7783,-0.1947,0.5000,197.3289,-0.0000,-0.2646,-329.3064,0.1797,59.2552,299.5088,1.9707
443,10.3880,-0.1955,0.5000,196.9243,-0.0000,-0.2651,-324.6288,0.1809,59.1309,299.4333,2.0438
445,9.9962,-0.1962,0.5000,196.5164,-0.0000,-0.2656,-320.0683,0.1826,59.0073,299.3263,2.1179
447,9.6028,-0.1969,0.5000,196.1053,-0.0000,-0.2662,-314.3642,0.1854,58.8491,299.1458,2.2147
449,9.2080,-0.1977,0.5000,195.6912,-0.0000,-0.2667,-310.1592,0.1881,58.7302,298.9798,2.2891
451,8.8117,-0.1985,0.5000,195.2743,-0.0000,-0.2674,-303.6648,0.1931,58.5426,298.6681,2.4091
453,8.4137,-0.1993,0.5000,194.8546,-0.0000,-0.2677,-300.4114,0.1959,58.4469,298.4869,2.4717
455,8.0142,-0.2001,0.5000,194.4321,-0.0000,-0.2684,-293.8878,0.2024,58.2519,298.0732,2.6023
457,7.6131,-0.2009,0.5000,194.0071,-0.0000,-0.2687,-290.6154,0.2061,58.1525,297.8406,2.6705
459,7.2102,-0.2017,0.5000,193.5794,-0.0000,-0.2694,-284.0429,0.2142,57.9500,297.3234,2.8127
461,6.8056,-0.2026,0.5000,193.1493,-0.0000,-0.2697,-280.7401,0.2186,57.8470,297.0384,2.8869
463,6.3992,-0.2036,0.5000,192.7165,-0.0000,-0.2704,-274.0934,0.2283,57.6372,296.4151,3.0419
465,5.9909,-0.2045,0.5000,192.2813,-0.0000,-0.2707,-270.7461,0.2335,57.5303,296.0765,3.1229
467,5.5806,-0.2055,0.5000,191.8436,-0.0000,-0.2713,-264.9082,0.2432,57.3426,295.4472,3.2687
469,5.1682,-0.2066,0.5000,191.4033,-0.0000,-0.2716,-261.3906,0.2495,57.2287,295.0447,3.3595
471,4.7536,-0.2077,0.5000,190.9604,-0.0000,-0.2721,-256.0653,0.2594,57.0553,294.4032,3.5010
473,4.3367,-0.2089,0.5000,190.5150,-0.0000,-0.2726,-250.6740,0.2700,56.8789,293.7154,3.6492
475,3.9173,-0.2102,0.5000,190.0668,-0.0000,-0.2731,-245.8076,0.2800,56.7191,293.0627,3.7874
477,3.4953,-0.2115,0.5000,189.6159,-0.0000,-0.2735,-241.2851,0.2898,56.5703,292.4300,3.9194
479,3.0705,-0.2129,0.5000,189.1622,-0.0000,-0.2739,-235.6525,0.3025,56.3847,291.6083,4.0888
481,2.6427,-0.2145,0.5000,188.7055,-0.0000,-0.2744,-230.3344,0.3151,56.2095,290.7997,4.2538
483,2.2118,-0.2161,0.5000,188.2457,-0.0000,-0.2748,-224.9721,0.3283,56.0330,289.9535,4.4250
485,1.7774,-0.2178,0.5000,187.7827,-0.0000,-0.2753,-219.4243,0.3425,55.8507,289.0468,4.6075
487,1.3395,-0.2197,0.5000,187.3164,-0.0000,-0.2758,-213.5832,0.3580,55.6592,288.0593,4.8054
489,0.8977,-0.2216,0.5000,186.8465,-0.0000,-0.2763,-207.1016,0.3760,55.4472,286.9253,5.0323
491,0.4518,-0.2237,0.5000,186.3728,-0.0000,-0.2769,-198.1919,0.4019,55.1567,285.3033,5.3570
493,0.0017,-0.2259,0.5000,185.8952,-0.0000,-0.2772,-194.1978,0.4140,55.0267,284.5527,5.5077
495,-0.4530,-0.2282,0.5000,185.4134,-0.0000,-0.2778,-186.0651,0.4396,54.7621,282.9794,5.8249
497,-0.9125,-0.2307,0.5000,184.9272,-0.0000,-0.2781,-181.9295,0.4531,54.6274,282.1559,5.9920
499,-1.3770,-0.2332,0.5000,184.4363,-0.0000,-0.2788,-171.2738,0.4898,54.2793,279.9576,6.4421
501,-1.8467,-0.2358,0.5000,183.9404,-0.0000,-0.2792,-164.7163,0.5137,54.0633,278.5465,6.7348
503,-2.3218,-0.2386,0.5000,183.4392,-0.0000,-0.2796,-158.0975,0.5391,53.8432,277.0726,7.0443
505,-2.8024,-0.2414,0.5000,182.9324,-0.0000,-0.2800,-151.4411,0.5660,53.6188,275.5348,7.3716
507,-3.2886,-0.2442,0.5000,182.4198,-0.0000,-0.2805,-144.7738,0.5946,53.3899,273.9320,7.7180
509,-3.7805,-0.2470,0.5000,181.9009,-0.0000,-0.2809,-138.1274,0.6249,53.1564,272.2634,8.0846
511,-4.2781,-0.2498,0.5000,181.3755,-0.0000,-0.2813,-131.5395,0.6571,52.9182,270.5287,8.4728
513,-4.7812,-0.2526,0.5000,180.8433,-0.0000,-0.2817,-125.0508,0.6913,52.6752,268.7277,8.8838
515,-5.2898,-0.2553,0.5000,180.3039,-0.0000,-0.2820,-118.7036,0.7276,52.4273,266.8607,9.3189
517,-5.8035,-0.2578,0.5000,179.7571,-0.0000,-0.2824,-112.5428,0.7661,52.1744,264.9282,9.7793
519,-6.3221,-0.2602,0.5000,179.2026,-0.0000,-0.2828,-106.6154,0.8070,51.9166,262.9312,10.2664
521,-6.8451,-0.2623,0.5000,178.6403,-0.0000,-0.2831,-100.9678,0.8504,51.6539,260.8714,10.7813
523,-7.3721,-0.2642,0.5000,178.0699,-0.0000,-0.2835,-95.6435,0.8964,51.3863,258.7505,11.3251
525,-7.9024,-0.2657,0.5000,177.4913,-0.0001,-0.2837,-92.1216,0.9303,51.1955,257.2261,11.7247
527,-8.4354,-0.2669,0.5000,176.9045,-0.0000,-0.2839,-88.7944,0.9657,51.0025,255.6738,12.1394
529,-8.9703,-0.2677,0.5000,176.3095,-0.0001,-0.2842,-84.2690,1.0205,50.7139,253.3348,12.7794
531,-9.5063,-0.2681,0.5000,175.7065,-0.0001,-0.2845,-80.8610,1.0688,50.4690,251.3368,13.3407
533,-10.0425,-0.2681,0.5000,175.0955,-0.0000,-0.2848,-77.2376,1.1302,50.1700,248.8799,14.0497
535,-10.5781,-0.2675,0.5000,174.4768,-0.0002,-0.2850,-74.1772,1.1951,49.8671,246.3755,14.7943
537,-11.1119,-0.2665,0.5000,173.8509,-0.0002,-0.2853,-71.7090,1.2637,49.5609,243.8286,15.5744
539,-11.6430,-0.2649,0.5000,173.2181,-0.0001,-0.2854,-70.4053,1.3114,49.3552,242.1099,16.1140
541,-12.1703,-0.2628,0.5000,172.5791,-0.0002,-0.2857,-68.9794,1.3860,49.0448,239.5049,16.9523
543,-12.6927,-0.2601,0.5000,171.9346,-0.0003,-0.2859,-68.2051,1.4644,48.7327,236.8731,17.8244
545,-13.2090,-0.2569,0.5000,171.2854,-0.0003,-0.2861,-68.0954,1.5464,48.4198,234.2208,18.7286
547,-13.7181,-0.2531,0.5000,170.6323,-0.0002,-0.2862,-68.6558,1.6320,48.1067,231.5549,19.6631
549,-14.2188,-0.2486,0.5000,169.9765,-0.0003,-0.2864,-69.8809,1.7212,47.7944,228.8821,20.6253
551,-14.7099,-0.2436,0.5000,169.3191,-0.0004,-0.2866,-71.5536,1.8051,47.5120,226.4549,21.5205
553,-15.1904,-0.2381,0.5000,168.6614,-0.0007,-0.2868,-73.8869,1.8972,47.2139,223.8792,22.4922
555,-15.6591,-0.2321,0.5000,168.0047,-0.0006,-0.2869,-76.5375,1.9857,46.9385,221.4862,23.4140
557,-16.1152,-0.2255,0.5000,167.3507,-0.0005,-0.2871,-79.5294,2.0748,46.6713,219.1520,24.3300
559,-16.5577,-0.2187,0.5000,166.7009,-0.0007,-0.2873,-83.1568,2.1740,46.3841,216.6270,25.3384
561,-16.9861,-0.2115,0.5000,166.0570,-0.0006,-0.2875,-86.7972,2.2685,46.1209,214.2949,26.2848
563,-17.4000,-0.2042,0.5000,165.4207,-0.0008,-0.2877,-91.1408,2.3782,45.8264,211.6611,27.3692
565,-17.7991,-0.1968,0.5000,164.7936,-0.0014,-0.2879,-94.9932,2.4754,45.5746,209.3866,28.3177
567,-18.1834,-0.1895,0.5000,164.1777,-0.0013,-0.2882,-99.3265,2.5876,45.2943,206.8235,29.3985
569,-18.5534,-0.1823,0.5000,163.5743,-0.0014,-0.2885,-103.3826,2.6984,45.0276,204.3485,30.4526
571,-18.9093,-0.1754,0.5000,162.9852,-0.0017,-0.2889,-108.1920,2.8427,44.6940,201.1942,31.8093
573,-19.2519,-0.1689,0.5000,162.4118,-0.0017,-0.2891,-110.0257,2.9035,44.5579,199.8860,32.3759
575,-19.5820,-0.1628,0.5000,161.8552,-0.0020,-0.2894,-113.3200,3.0249,44.2935,197.3017,33.5016
577,-19.9004,-0.1571,0.5000,161.3164,-0.0022,-0.2898,-116.0998,3.1459,44.0391,194.7580,34.6177
579,-20.2079,-0.1518,0.5000,160.7964,-0.0025,-0.2902,-118.3806,3.2664,43.7944,192.2523,35.7251
581,-20.5054,-0.1470,0.5000,160.2956,-0.0026,-0.2904,-119.3469,3.3264,43.6757,191.0129,36.2759
583,-20.7938,-0.1425,0.5000,159.8144,-0.0029,-0.2908,-120.9688,3.4458,43.4449,188.5594,37.3724
585,-21.0736,-0.1384,0.5000,159.3530,-0.0032,-0.2911,-122.2322,3.5646,43.2228,186.1379,38.4630
587,-21.3457,-0.1346,0.5000,158.9113,-0.0035,-0.2914,-123.2042,3.6826,43.0088,183.7466,39.5488
589,-21.6105,-0.1311,0.5000,158.4890,-0.0037,-0.2916,-123.6001,3.7413,42.9046,182.5617,40.0902
591,-21.8685,-0.1278,0.5000,158.0859,-0.0041,-0.2919,-124.2441,3.8584,42.7016,180.2129,41.1703
593,-22.1202,-0.1247,0.5000,157.7014,-0.0045,-0.2921,-124.7248,3.9748,42.5054,177.8910,42.2472
595,-22.3659,-0.1218,0.5000,157.3349,-0.0047,-0.2922,-124.9135,4.0329,42.4096,176.7398,42.7846
597,-22.6060,-0.1190,0.5000,156.9858,-0.0050,-0.2924,-125.2003,4.1485,42.2225,174.4567,43.8577
599,-22.8408,-0.1164,0.5000,156.6534,-0.0057,-0.2926,-125.4149,4.3062,41.9752,171.3696,45.3245
601,-23.0706,-0.1140,0.5000,156.3369,-0.0061,-0.2927,-125.4480,4.4059,41.8231,169.4327,46.2545
603,-23.2956,-0.1117,0.5000,156.0356,-0.0064,-0.2928,-125.4046,4.5053,41.6746,167.5133,47.1840
605,-23.5163,-0.1095,0.5000,155.7486,-0.0069,-0.2929,-125.2765,4.6044,41.5294,165.6108,48.1136
607,-23.7328,-0.1075,0.5000,155.4753,-0.0074,-0.2929,-125.0643,4.7033,41.3873,163.7246,49.0438
609,-23.9455,-0.1057,0.5000,155.2148,-0.0079,-0.2929,-124.7705,4.8020,41.2481,161.8542,49.9755
611,-24.1548,-0.1040,0.5000,154.9662,-0.0083,-0.2928,-124.3811,4.9005,41.1116,159.9988,50.9094
613,-24.3609,-0.1025,0.5000,154.7290,-0.0088,-0.2928,-123.8961,4.9989,40.9776,158.1577,51.8468
615,-24.5641,-0.1011,0.5000,154.5022,-0.0095,-0.2927,-123.3296,5.0973,40.8458,156.3302,52.7885
617,-24.7648,-0.0999,0.5000,154.2851,-0.0100,-0.2926,-122.6568,5.1956,40.7161,154.5158,53.7357
619,-24.9633,-0.0989,0.5000,154.0770,-0.0104,-0.2925,-121.8714,5.2940,40.5882,152.7133,54.6900
621,-25.1600,-0.0980,0.5000,153.8771,-0.0111,-0.2923,-121.0120,5.3925,40.4620,150.9222,55.6527
623,-25.3551,-0.0973,0.5000,153.6846,-0.0120,-0.2922,-120.0374,5.4913,40.3373,149.1417,56.6253
625,-25.5491,-0.0968,0.5000,153.4988,-0.0127,-0.2920,-118.9493,5.5904,40.2137,147.3708,57.6098
627,-25.7423,-0.0965,0.5000,153.3190,-0.0129,-0.2918,-117.7853,5.6900,40.0911,145.6088,58.6081
629,-25.9350,-0.0963,0.5000,153.1444,-0.0137,-0.2916,-116.4959,5.7901,39.9694,143.8552,59.6212
631,-26.1275,-0.0963,0.5000,152.9744,-0.0147,-0.2913,-115.1064,5.8909,39.8482,142.1087,60.6524
633,-26.3202,-0.0964,0.5000,152.8082,-0.0156,-0.2911,-113.6309,5.9926,39.7273,140.3687,61.7032
635,-26.5135,-0.0968,0.5000,152.6451,-0.0161,-0.2908,-112.0126,6.0951,39.6066,138.6345,62.7760
637,-26.7078,-0.0973,0.5000,152.4846,-0.0168,-0.2905,-110.3040,6.1988,39.4858,136.9048,63.8741
639,-26.9033,-0.0980,0.5000,152.3258,-0.0180,-0.2902,-108.5115,6.3039,39.3647,135.1794,64.9991
641,-27.1004,-0.0989,0.5000,152.1681,-0.0190,-0.2899,-106.6012,6.4103,39.2430,133.4571,66.1546
643,-27.2996,-0.1000,0.5000,152.0110,-0.0197,-0.2895,-104.5983,6.5184,39.1205,131.7372,67.3434
645,-27.5011,-0.1012,0.5000,151.8536,-0.0210,-0.2891,-102.4927,6.6284,38.9969,130.0189,68.5686
647,-27.7053,-0.1026,0.5000,151.6955,-0.0224,-0.2887,-100.2822,6.7404,38.8722,128.3014,69.8336
649,-27.9126,-0.1042,0.5000,151.5360,-0.0236,-0.2883,-97.9854,6.8546,38.7459,126.5841,71.1420
651,-28.1232,-0.1060,0.5000,151.3744,-0.0248,-0.2879,-95.6035,6.9713,38.6179,124.8661,72.4977
653,-28.3377,-0.1080,0.5000,151.2103,-0.0262,-0.2874,-93.1343,7.0907,38.4879,123.1468,73.9045
655,-28.5563,-0.1101,0.5000,151.0430,-0.0278,-0.2869,-90.5822,7.2130,38.3557,121.4254,75.3666
657,-28.7794,-0.1124,0.5000,150.8719,-0.0293,-0.2864,-87.9548,7.3384,38.2211,119.7015,76.8886
659,-29.0072,-0.1149,0.5000,150.6966,-0.0310,-0.2859,-85.2588,7.4672,38.0837,117.9742,78.4751
661,-29.2402,-0.1175,0.5000,150.5165,-0.0328,-0.2853,-82.4999,7.5996,37.9435,116.2432,80.1311
663,-29.4787,-0.1203,0.5000,150.3310,-0.0349,-0.2847,-79.6849,7.7359,37.8000,114.5078,81.8619
665,-29.7230,-0.1233,0.5000,150.1396,-0.0370,-0.2841,-76.8215,7.8763,37.6532,112.7675,83.6729
667,-29.9735,-0.1264,0.5000,149.9420,-0.0393,-0.2834,-73.9181,8.0211,37.5027,111.0220,85.5702
669,-30.2303,-0.1297,0.5000,149.7376,-0.0417,-0.2827,-70.9835,8.1705,37.3483,109.2708,87.5598
671,-30.4940,-0.1331,0.5000,149.5259,-0.0444,-0.2819,-68.0265,8.3247,37.1898,107.5136,89.6484
673,-30.7646,-0.1367,0.5000,149.3066,-0.0473,-0.2811,-65.0568,8.4839,37.0269,105.7500,91.8431
675,-31.0426,-0.1404,0.5000,149.0793,-0.0505,-0.2802,-62.0838,8.6485,36.8595,103.9799,94.1512
677,-31.3282,-0.1443,0.5000,148.8435,-0.0539,-0.2792,-59.1173,8.8185,36.6872,102.2030,96.5806
679,-31.6217,-0.1483,0.5000,148.5990,-0.0576,-0.2782,-56.1672,8.9943,36.5099,100.4192,99.1399
681,-31.9233,-0.1524,0.5000,148.3453,-0.0617,-0.2771,-53.2431,9.1758,36.3273,98.6283,101.8381
683,-32.2334,-0.1566,0.5000,148.0823,-0.0661,-0.2760,-50.3547,9.3633,36.1392,96.8304,104.6849
685,-32.5522,-0.1610,0.5000,147.8096,-0.0708,-0.2747,-47.5109,9.5568,35.9454,95.0253,107.6905
687,-32.8799,-0.1656,0.5000,147.5270,-0.0761,-0.2733,-44.7208,9.7565,35.7455,93.2132,110.8664
689,-33.2168,-0.1702,0.5000,147.2342,-0.0818,-0.2719,-41.9924,9.9622,35.5395,91.3940,114.2244
691,-33.5632,-0.1750,0.5000,146.9312,-0.0880,-0.2703,-39.3334,10.1739,35.3271,89.5679,117.7778
693,-33.9194,-0.1799,0.5000,146.6177,-0.0948,-0.2685,-36.7507,10.3916,35.1079,87.7350,121.5407
695,-34.2856,-0.1850,0.5000,146.2937,-0.1022,-0.2666,-34.2506,10.6149,34.8818,85.8953,125.5286
697,-34.6621,-0.1902,0.5000,145.9591,-0.1104,-0.2646,-31.8383,10.8436,34.6485,84.0490,129.7586
699,-35.0492,-0.1956,0.5000,145.6138,-0.1193,-0.2623,-29.5185,11.0772,34.4078,82.1963,134.2491
701,-35.4474,-0.2012,0.5000,145.2579,-0.1289,-0.2599,-27.2946,11.3152,34.1592,80.3373,139.0206
703,-35.8569,-0.2069,0.5000,144.8913,-0.1395,-0.2572,-25.1696,11.5568,33.9026,78.4721,144.0958
705,-36.2781,-0.2129,0.5000,144.5141,-0.1512,-0.2544,-23.1455,11.8013,33.6375,76.6009,149.4998
707,-36.7116,-0.2190,0.5000,144.1264,-0.1640,-0.2512,-21.2239,12.0475,33.3636,74.7237,155.2602
709,-37.1576,-0.2255,0.5000,143.7283,-0.1778,-0.2477,-19.4026,12.2941,33.0804,72.8406,161.4083
711,-37.6169,-0.2322,0.5000,143.3199,-0.1929,-0.2440,-17.6865,12.5396,32.7877,70.9516,167.9790
713,-38.0900,-0.2392,0.5000,142.9016,-0.2095,-0.2399,-16.0697,12.7822,32.4847,69.0568,175.0113
715,-38.5774,-0.2465,0.5000,142.4733,-0.2277,-0.2354,-14.5531,13.0197,32.1711,67.1559,182.5498
717,-39.0801,-0.2543,0.5000,142.0355,-0.2475,-0.2306,-13.1359,13.2498,31.8462,65.2490,190.6441
719,-39.5988,-0.2624,0.5000,141.5883,-0.2691,-0.2253,-11.8112,13.4694,31.5093,63.3357,199.3517
721,-40.1344,-0.2711,0.5000,141.1320,-0.2925,-0.2196,-10.5833,13.6755,31.1597,61.4159,208.7372
723,-40.6880,-0.2803,0.5000,140.6669,-0.3181,-0.2134,-9.4400,13.8641,30.7966,59.4890,218.8759
725,-41.2607,-0.2901,0.5000,140.1934,-0.3460,-0.2068,-8.3895,14.0312,30.4189,57.5547,229.8531
727,-41.8540,-0.3006,0.5000,139.7117,-0.3761,-0.1996,-7.4115,14.1720,30.0256,55.6122,241.7690
729,-42.4693,-0.3120,0.5000,139.2222,-0.4085,-0.1919,-6.5255,14.2814,29.6155,53.6607,254.7405
731,-43.1083,-0.3242,0.5000,138.7254,-0.4436,-0.1838,-5.7083,14.3536,29.1871,51.6994,268.9030
733,-43.7731,-0.3375,0.5000,138.2215,-0.4817,-0.1751,-4.9664,14.3828,28.7391,49.7270,284.4162
735,-44.4659,-0.3519,0.5000,137.7109,-0.5224,-0.1659,-4.2929,14.3624,28.2694,47.7423,301.4705
737,-45.1893,-0.3678,0.5000,137.1941,-0.5657,-0.1563,-3.6839,14.2856,27.7762,45.7434,320.2922
739,-45.9463,-0.3852,0.5000,136.6714,-0.6117,-0.1463,-3.1367,14.1456,27.2569,43.7285,341.1540
741,-46.7405,-0.4045,0.5000,136.1432,-0.6441,-0.1394,-2.8070,14.0135,26.8941,42.3718,356.3944
743,-47.5760,-0.4260,0.5000,135.6100,-0.6775,-0.1324,-2.4990,13.8481,26.5175,41.0060,372.8075
745,-48.4576,-0.4501,0.5000,135.0722,-0.7472,-0.1182,-1.9542,13.4104,25.7190,38.2434,409.7037
747,-49.3911,-0.4772,0.5000,134.5301,-0.7833,-0.1109,-1.7146,13.1348,25.2946,36.8444,430.5175
749,-50.3835,-0.5081,0.5000,133.9843,-0.8569,-0.0965,-1.2975,12.4636,24.3887,34.0039,477.9102
751,-51.4431,-0.5434,0.5000,133.4351,-0.8938,-0.0893,-1.1176,12.0664,23.9038,32.5592,505.0095
753,-52.5800,-0.5842,0.5000,132.8829,-0.9662,-0.0753,-0.8101,11.1475,22.8601,29.6108,567.6750
755,-53.8068,-0.6318,0.5000,132.3281,-1.0008,-0.0685,-0.6807,10.6268,22.2963,28.1022,604.0921
757,-55.1389,-0.6878,0.5000,131.7713,-1.0639,-0.0555,-0.4657,9.4697,21.0701,25.0012,689.8492
759,-56.5957,-0.7542,0.5000,131.2127,-1.0910,-0.0494,-0.3782,8.8380,20.4002,23.4015,740.6117
761,-58.2015,-0.8340,0.5000,130.6528,-1.1259,-0.0405,-0.2671,7.8087,19.2835,20.8668,831.4839
763,-59.9871,-0.9304,0.5000,130.0920,-1.1458,-0.0335,-0.1907,6.8640,18.2076,18.5657,926.3205
765,-61.9911,-1.0478,0.5000,129.5307,-1.1546,-0.0250,-0.1148,5.5645,16.5937,15.3420,1080.8944
767,-64.2607,-1.1903,0.5000,128.9693,-1.1448,-0.0194,-0.0744,4.5854,15.2194,12.7879,1221.7026
769,-66.8493,-1.3600,0.5000,128.4083,-1.1172,-0.0146,-0.0457,3.6307,13.6759,10.1039,1384.6130
771,-69.8049,-1.5499,0.5000,127.8480,-1.0565,-0.0101,-0.0244,2.6217,11.6994,6.9203,1585.8298
773,-73.1337,-1.7280,0.5000,127.2888,-0.9430,-0.0065,-0.0113,1.6819,9.3020,3.3969,1776.8318
775,-76.7198,-1.8131,0.5000,126.7312,-0.7945,-0.0043,-0.0053,1.0251,7.0168,0.3535,1833.3543
777,-80.2277,-1.6856,0.5000,126.1754,-0.6302,-0.0031,-0.0025,0.5717,4.8378,-2.2592,1680.9844
779,-83.1619,-1.3111,0.5000,125.6217,-0.4849,-0.0024,-0.0012,0.2714,2.8198,-4.3652,1264.4849
781,-85.1989,-0.8454,0.5000,125.0703,-0.4164,-0.0022,-0.0007,0.1335,1.5753,-5.4035,828.9051
783,-86.4006,-0.4720,0.5000,124.5213,-0.3975,-0.0022,-0.0005,0.0633,0.8032,-5.7931,471.6193
785,-87.0359,-0.2415,0.5000,123.9748,-0.4150,-0.0024,-0.0004,0.0299,0.3903,-5.7301,246.3775
787,-87.3521,-0.1183,0.5000,123.4310,-0.4489,-0.0027,-0.0004,0.0164,0.2142,-5.4713,141.0045
789,-87.5053,-0.0571,0.5000,122.8900,-0.4910,-0.0031,-0.0004,0.0101,0.1302,-5.1412,88.2066
791,-87.5794,-0.0277,0.5000,122.3520,-0.5360,-0.0034,-0.0004,0.0070,0.0900,-4.7947,62.1902
793,-87.6157,-0.0138,0.5000,121.8171,-0.5817,-0.0038,-0.0004,0.0056,0.0702,-4.4557,49.2277
795,-87.6343,-0.0072,0.5000,121.2855,-0.6253,-0.0042,-0.0004,0.0048,0.0599,-4.1337,42.5083
797,-87.6446,-0.0041,0.5000,120.7573,-0.6678,-0.0046,-0.0004,0.0044,0.0541,-3.8320,38.7575
799,-87.6509,-0.0027,0.5000,120.2326,-0.7072,-0.0050,-0.0004,0.0041,0.0505,-3.5510,36.4229
801,-87.6553,-0.0020,0.5000,119.7115,-0.7452,-0.0054,-0.0004,0.0039,0.0479,-3.2900,34.7728
803,-87.6588,-0.0016,0.5000,119.1942,-0.7806,-0.0058,-0.0004,0.0038,0.0459,-3.0480,33.4630
805,-87.6618,-0.0014,0.5000,118.6806,-0.8138,-0.0062,-0.0004,0.0037,0.0442,-2.8237,32.3311
807,-87.6645,-0.0013,0.5000,118.1710,-0.8469,-0.0066,-0.0004,0.0035,0.0425,-2.6029,31.2358
809,-87.6670,-0.0013,0.5000,117.6652,-0.8785,-0.0070,-0.0004,0.0034,0.0409,-2.3955,30.1911
811,-87.6695,-0.0012,0.5000,117.1634,-0.9068,-0.0074,-0.0004,0.0033,0.0395,-2.2118,29.2366
813,-87.6718,-0.0012,0.5000,116.6656,-0.9333,-0.0077,-0.0004,0.0032,0.0382,-2.0423,28.3198
815,-87.6741,-0.0011,0.5000,116.1720,-0.9581,-0.0081,-0.0004,0.0031,0.0369,-1.8858,27.4357
817,-87.6762,-0.0011,0.5000,115.6824,-0.9757,-0.0084,-0.0004,0.0030,0.0359,-1.7759,26.7896
819,-87.6783,-0.0010,0.5000,115.1969,-1.0083,-0.0090,-0.0004,0.0029,0.0341,-1.5750,25.5434
821,-87.6804,-0.0010,0.5000,114.7155,-1.0276,-0.0093,-0.0004,0.0028,0.0330,-1.4584,24.7738
823,-87.6824,-0.0010,0.5000,114.2384,-1.0456,-0.0097,-0.0004,0.0027,0.0320,-1.3504,24.0259
825,-87.6843,-0.0010,0.5000,113.7653,-1.0626,-0.0100,-0.0004,0.0026,0.0309,-1.2504,23.2985
827,-87.6862,-0.0009,0.5000,113.2965,-1.0785,-0.0104,-0.0004,0.0026,0.0299,-1.1579,22.5907
829,-87.6880,-0.0009,0.5000,112.8318,-1.0934,-0.0107,-0.0004,0.0025,0.0289,-1.0723,21.9015
831,-87.6898,-0.0009,0.5000,112.3713,-1.1074,-0.0110,-0.0004,0.0024,0.0280,-0.9931,21.2298
833,-87.6915,-0.0009,0.5000,111.9150,-1.1205,-0.0114,-0.0004,0.0023,0.0271,-0.9197,20.5747
835,-87.6932,-0.0008,0.5000,111.4628,-1.1328,-0.0117,-0.0004,0.0023,0.0262,-0.8518,19.9355
837,-87.6949,-0.0008,0.5000,111.0148,-1.1443,-0.0120,-0.0004,0.0022,0.0253,-0.7890,19.3115
839,-87.6965,-0.0008,0.5000,110.5710,-1.1551,-0.0124,-0.0004,0.0021,0.0244,-0.7309,18.7018
841,-87.6981,-0.0008,0.5000,110.1312,-1.1652,-0.0127,-0.0004,0.0021,0.0236,-0.6771,18.1059
843,-87.6996,-0.0008,0.5000,109.6955,-1.1747,-0.0130,-0.0004,0.0020,0.0228,-0.6273,17.5231
845,-87.7011,-0.0007,0.5000,109.2640,-1.1837,-0.0133,-0.0004,0.0019,0.0220,-0.5812,16.9529
847,-87.7026,-0.0007,0.5000,108.8365,-1.1920,-0.0136,-0.0004,0.0019,0.0212,-0.5385,16.3948
849,-87.7040,-0.0007,0.5000,108.4130,-1.1999,-0.0139,-0.0004,0.0018,0.0205,-0.4990,15.8481
851,-87.7055,-0.0007,0.5000,107.9936,-1.2073,-0.0143,-0.0004,0.0017,0.0198,-0.4625,15.3124
853,-87.7068,-0.0007,0.5000,107.5781,-1.2141,-0.0146,-0.0004,0.0017,0.0190,-0.4287,14.7874
855,-87.7082,-0.0007,0.5000,107.1666,-1.2207,-0.0149,-0.0004,0.0016,0.0183,-0.3974,14.2726
857,-87.7095,-0.0007,0.5000,106.7591,-1.2265,-0.0152,-0.0004,0.0016,0.0177,-0.3685,13.7676
859,-87.7108,-0.0006,0.5000,106.3554,-1.2325,-0.0155,-0.0004,0.0015,0.0170,-0.3417,13.2718
861,-87.7121,-0.0006,0.5000,105.9557,-1.2376,-0.0157,-0.0004,0.0015,0.0163,-0.3169,12.7856
863,-87.7134,-0.0006,0.5000,105.5598,-1.2428,-0.0160,-0.0004,0.0014,0.0157,-0.2939,12.3076
865,-87.7146,-0.0006,0.5000,105.1677,-1.2474,-0.0163,-0.0004,0.0013,0.0151,-0.2727,11.8385
867,-87.7158,-0.0006,0.5000,104.7794,-1.2519,-0.0166,-0.0004,0.0013,0.0144,-0.2530,11.3772
869,-87.7170,-0.0006,0.5000,104.3948,-1.2559,-0.0169,-0.0004,0.0012,0.0138,-0.2348,10.9241
871,-87.7182,-0.0006,0.5000,104.0140,-1.2599,-0.0172,-0.0004,0.0012,0.0132,-0.2180,10.4785
873,-87.7194,-0.0006,0.5000,103.6369,-1.2635,-0.0175,-0.0004,0.0011,0.0127,-0.2024,10.0404
875,-87.7205,-0.0006,0.5000,103.2634,-1.2669,-0.0177,-0.0004,0.0011,0.0121,-0.1880,9.6094
877,-87.7216,-0.0006,0.5000,102.8936,-1.2701,-0.0180,-0.0004,0.0010,0.0115,-0.1747,9.1854
879,-87.7227,-0.0005,0.5000,102.5273,-1.2731,-0.0183,-0.0004,0.0010,0.0110,-0.1623,8.7681
881,-87.7238,-0.0005,0.5000,102.1647,-1.2759,-0.0185,-0.0004,0.0010,0.0105,-0.1509,8.3575
883,-87.7249,-0.0005,0.5000,101.8055,-1.2785,-0.0188,-0.0004,0.0009,0.0099,-0.1403,7.9532
885,-87.7259,-0.0005,0.5000,101.4499,-1.2810,-0.0191,-0.0004,0.0009,0.0094,-0.1306,7.5551
887,-87.7269,-0.0005,0.5000,101.0977,-1.2833,-0.0193,-0.0004,0.0008,0.0089,-0.1215,7.1631
889,-87.7279,-0.0005,0.5000,100.7489,-1.2854,-0.0196,-0.0004,0.0008,0.0084,-0.1131,6.7769
891,-87.7289,-0.0005,0.5000,100.4035,-1.2875,-0.0198,-0.0004,0.0007,0.0079,-0.1054,6.3965
893,-87.7299,-0.0005,0.5000,100.0615,-1.2894,-0.0201,-0.0004,0.0007,0.0074,-0.0982,6.0217
895,-87.7309,-0.0005,0.5000,99.7229,-1.2911,-0.0203,-0.0004,0.0006,0.0070,-0.0916,5.6524
897,-87.7319,-0.0005,0.5000,99.3875,-1.2928,-0.0206,-0.0004,0.0006,0.0065,-0.0854,5.2884
899,-87.7328,-0.0005,0.5000,99.0554,-1.2944,-0.0208,-0.0004,0.0006,0.0061,-0.0797,4.9296
901,-87.7337,-0.0005,0.5000,98.7265,-1.2958,-0.0211,-0.0004,0.0005,0.0056,-0.0745,4.5759
903,-87.7346,-0.0005,0.5000,98.4008,-1.2972,-0.0213,-0.0004,0.0005,0.0052,-0.0696,4.2272
905,-87.7355,-0.0004,0.5000,98.0783,-1.2985,-0.0216,-0.0004,0.0004,0.0047,-0.0651,3.8834
907,-87.7364,-0.0004,0.5000,97.7590,-1.2997,-0.0218,-0.0004,0.0004,0.0043,-0.0609,3.5443
909,-87.7373,-0.0004,0.5000,97.4427,-1.3008,-0.0220,-0.0004,0.0004,0.0039,-0.0571,3.2099
911,-87.7382,-0.0004,0.5000,97.1295,-1.3018,-0.0223,-0.0004,0.0003,0.0035,-0.0535,2.8801
913,-87.7390,-0.0004,0.5000,96.8193,-1.3028,-0.0225,-0.0004,0.0003,0.0031,-0.0502,2.5547
915,-87.7399,-0.0004,0.5000,96.5122,-1.3037,-0.0227,-0.0004,0.0003,0.0027,-0.0471,2.2338
917,-87.7407,-0.0004,0.5000,96.2080,-1.3045,-0.0229,-0.0004,0.0002,0.0023,-0.0443,1.9171
919,-87.7415,-0.0004,0.5000,95.9068,-1.3053,-0.0232,-0.0004,0.0002,0.0019,-0.0417,1.6047
921,-87.7423,-0.0004,0.5000,95.6085,-1.3061,-0.0234,-0.0004,0.0001,0.0016,-0.0392,1.2964
923,-87.7431,-0.0004,0.5000,95.3131,-1.3068,-0.0236,-0.0004,0.0001,0.0012,-0.0370,0.9922
925,-87.7439,-0.0004,0.5000,95.0206,-1.3074,-0.0238,-0.0004,0.0001,0.0008,-0.0349,0.6919
927,-87.7447,-0.0004,0.5000,94.7308,-1.3080,-0.0240,-0.0004,0.0000,0.0005,-0.0330,0.3956
929,-87.7455,-0.0004,0.5000,94.4439,-1.3085,-0.0243,-0.0004,0.0000,0.0001,-0.0312,0.1031
931,-87.7462,-0.0004,0.5000,94.1598,-1.3091,-0.0245,-0.0004,-0.0000,-0.0002,-0.0296,-0.1855
933,-87.7470,-0.0004,0.5000,93.8783,-1.3095,-0.0247,-0.0004,-0.0001,-0.0006,-0.0280,-0.4705
935,-87.7477,-0.0004,0.5000,93.5996,-1.3100,-0.0249,-0.0004,-0.0001,-0.0009,-0.0266,-0.7518
937,-87.7484,-0.0004,0.5000,93.3236,-1.3104,-0.0251,-0.0004,-0.0001,-0.0012,-0.0253,-1.0295
939,-87.7492,-0.0004,0.5000,93.0503,-1.3108,-0.0253,-0.0004,-0.0001,-0.0015,-0.0241,-1.3037
941,-87.7499,-0.0004,0.5000,92.7795,-1.3111,-0.0255,-0.0004,-0.0002,-0.0019,-0.0230,-1.5745
943,-87.7506,-0.0003,0.5000,92.5114,-1.3114,-0.0257,-0.0004,-0.0002,-0.0022,-0.0219,-1.8417
945,-87.7513,-0.0003,0.5000,92.2459,-1.3117,-0.0259,-0.0004,-0.0002,-0.0025,-0.0210,-2.1057
947,-87.7519,-0.0003,0.5000,91.9829,-1.3120,-0.0261,-0.0004,-0.0003,-0.0028,-0.0201,-2.3663
949,-87.7526,-0.0003,0.5000,91.7224,-1.3123,-0.0263,-0.0004,-0.0003,-0.0031,-0.0192,-2.6237
951,-87.7533,-0.0003,0.5000,91.4644,-1.3125,-0.0265,-0.0004,-0.0003,-0.0034,-0.0185,-2.8778
953,-87.7539,-0.0003,0.5000,91.2089,-1.3127,-0.0267,-0.0004,-0.0004,-0.0036,-0.0178,-3.1289
955,-87.7546,-0.0003,0.5000,90.9559,-1.3129,-0.0269,-0.0004,-0.0004,-0.0039,-0.0171,-3.3768
957,-87.7552,-0.0003,0.5000,90.7052,-1.3131,-0.0271,-0.0004,-0.0004,-0.0042,-0.0165,-3.6216
959,-87.7559,-0.0003,0.5000,90.4570,-1.3132,-0.0273,-0.0004,-0.0004,-0.0045,-0.0159,-3.8634
961,-87.7565,-0.0003,0.5000,90.2111,-1.3134,-0.0274,-0.0004,-0.0005,-0.0047,-0.0154,-4.1023
963,-87.7571,-0.0003,0.5000,89.9676,-1.3135,-0.0276,-0.0004,-0.0005,-0.0050,-0.0149,-4.3382
965,-87.7577,-0.0003,0.5000,89.7263,-1.3136,-0.0278,-0.0004,-0.0005,-0.0053,-0.0145,-4.5713
967,-87.7583,-0.0003,0.5000,89.4874,-1.3137,-0.0280,-0.0004,-0.0006,-0.0055,-0.0141,-4.8015
969,-87.7589,-0.0003,0.5000,89.2508,-1.3138,-0.0282,-0.0004,-0.0006,-0.0058,-0.0137,-5.0289
971,-87.7595,-0.0003,0.5000,89.0164,-1.3139,-0.0283,-0.0004,-0.0006,-0.0060,-0.0133,-5.2536
973,-87.7601,-0.0003,0.5000,88.7842,-1.3140,-0.0285,-0.0004,-0.0006,-0.0062,-0.0130,-5.4755
975,-87.7607,-0.0003,0.5000,88.5543,-1.3141,-0.0287,-0.0004,-0.0007,-0.0065,-0.0127,-5.6948
977,-87.7612,-0.0003,0.5000,88.3265,-1.3141,-0.0289,-0.0004,-0.0007,-0.0067,-0.0124,-5.9114
979,-87.7618,-0.0003,0.5000,88.1009,-1.3142,-0.0290,-0.0004,-0.0007,-0.0069,-0.0121,-6.1254
981,-87.7623,-0.0003,0.5000,87.8774,-1.3142,-0.0292,-0.0004,-0.0007,-0.0072,-0.0119,-6.3369
983,-87.7629,-0.0003,0.5000,87.6561,-1.3142,-0.0294,-0.0004,-0.0008,-0.0074,-0.0117,-6.5458
985,-87.7634,-0.0003,0.5000,87.4368,-1.3142,-0.0295,-0.0004,-0.0008,-0.0076,-0.0115,-6.7523
987,-87.7640,-0.0003,0.5000,87.2196,-1.3143,-0.0297,-0.0004,-0.0008,-0.0078,-0.0113,-6.9563
989,-87.7645,-0.0003,0.5000,87.0045,-1.3143,-0.0299,-0.0004,-0.0008,-0.0080,-0.0111,-7.1578
991,-87.7650,-0.0003,0.5000,86.7914,-1.3143,-0.0300,-0.0004,-0.0009,-0.0082,-0.0109,-7.3570
993,-87.7655,-0.0003,0.5000,86.5803,-1.3143,-0.0302,-0.0004,-0.0009,-0.0084,-0.0107,-7.5538
995,-87.7660,-0.0003,0.5000,86.3712,-1.3143,-0.0303,-0.0004,-0.0009,-0.0086,-0.0106,-7.7483
997,-87.7666,-0.0003,0.5000,86.1641,-1.3143,-0.0305,-0.0004,-0.0009,-0.0088,-0.0105,-7.9404
999,-87.7670,-0.0002,0.5000,85.9589,-1.3142,-0.0307,-0.0004,-0.0009,-0.0090,-0.0103,-8.1304
1001,-87.7675,-0.0002,0.5000,85.7557,-1.3142,-0.0308,-0.0004,-0.0010,-0.0092,-0.0102,-8.3181
1003,-87.7680,-0.0002,0.5000,85.5543,-1.3142,-0.0310,-0.0004,-0.0010,-0.0094,-0.0101,-8.5035
1005,-87.7685,-0.0002,0.5000,85.3549,-1.3142,-0.0311,-0.0004,-0.0010,-0.0096,-0.0100,-8.6868
1007,-87.7690,-0.0002,0.5000,85.1573,-1.3141,-0.0313,-0.0004,-0.0010,-0.0098,-0.0099,-8.8680
1009,-87.7695,-0.0002,0.5000,84.9616,-1.3141,-0.0314,-0.0004,-0.0010,-0.0100,-0.0098,-9.0471
1011,-87.7699,-0.0002,0.5000,84.7678,-1.3141,-0.0316,-0.0004,-0.0011,-0.0101,-0.0097,-9.2240
1013,-87.7704,-0.0002,0.5000,84.5757,-1.3140,-0.0317,-0.0004,-0.0011,-0.0103,-0.0097,-9.3989
1015,-87.7708,-0.0002,0.5000,84.3855,-1.3140,-0.0319,-0.0004,-0.0011,-0.0105,-0.0096,-9.5718
1017,-87.7713,-0.0002,0.5000,84.1970,-1.3140,-0.0320,-0.0004,-0.0011,-0.0106,-0.0095,-9.7427
1019,-87.7717,-0.0002,0.5000,84.0103,-1.3139,-0.0321,-0.0004,-0.0011,-0.0108,-0.0094,-9.9115
1021,-87.7722,-0.0002,0.5000,83.8253,-1.3139,-0.0323,-0.0004,-0.0012,-0.0110,-0.0094,-10.0785
1023,-87.7726,-0.0002,0.5000,83.6421,-1.3138,-0.0324,-0.0004,-0.0012,-0.0111,-0.0093,-10.2435
1025,-87.7730,-0.0002,0.5000,83.4606,-1.3138,-0.0326,-0.0004,-0.0012,-0.0113,-0.0093,-10.4066
1027,-87.7734,-0.0002,0.5000,83.2808,-1.3137,-0.0327,-0.0004,-0.0012,-0.0114,-0.0092,-10.5678
1029,-87.7739,-0.0002,0.5000,83.1026,-1.3137,-0.0328,-0.0004,-0.0012,-0.0116,-0.0092,-10.7272
1031,-87.7743,-0.0002,0.5000,82.9262,-1.3136,-0.0330,-0.0004,-0.0013,-0.0117,-0.0091,-10.8847
1033,-87.7747,-0.0002,0.5000,82.7513,-1.3136,-0.0331,-0.0004,-0.0013,-0.0119,-0.0091,-11.0404
1035,-87.7751,-0.0002,0.5000,82.5782,-1.3135,-0.0332,-0.0004,-0.0013,-0.0120,-0.0091,-11.1944
1037,-87.7755,-0.0002,0.5000,82.4066,-1.3134,-0.0334,-0.0004,-0.0013,-0.0122,-0.0090,-11.3466
1039,-87.7759,-0.0002,0.5000,82.2366,-1.3134,-0.0335,-0.0004,-0.0013,-0.0123,-0.0090,-11.4970
1041,-87.7763,-0.0002,0.5000,82.0682,-1.3133,-0.0336,-0.0004,-0.0014,-0.0124,-0.0090,-11.6457
1043,-87.7767,-0.0002,0.5000,81.9014,-1.3133,-0.0338,-0.0004,-0.0014,-0.0126,-0.0089,-11.7928
1045,-87.7770,-0.0002,0.5000,81.7361,-1.3132,-0.0339,-0.0004,-0.0014,-0.0127,-0.0089,-11.9381
1047,-87.7774,-0.0002,0.5000,81.5724,-1.3131,-0.0340,-0.0004,-0.0014,-0.0128,-0.0089,-12.0819
1049,-87.7778,-0.0002,0.5000,81.4102,-1.3131,-0.0341,-0.0004,-0.0014,-0.0130,-0.0088,-12.2239
1051,-87.7782,-0.0002,0.5000,81.2495,-1.3130,-0.0343,-0.0004,-0.0014,-0.0131,-0.0088,-12.3644
1053,-87.7785,-0.0002,0.5000,81.0903,-1.3130,-0.0344,-0.0004,-0.0015,-0.0132,-0.0088,-12.5033
1055,-87.7789,-0.0002,0.5000,80.9325,-1.3129,-0.0345,-0.0004,-0.0015,-0.0133,-0.0088,-12.6406
1057,-87.7792,-0.0002,0.5000,80.7763,-1.3128,-0.0346,-0.0004,-0.0015,-0.0134,-0.0087,-12.7764
1059,-87.7796,-0.0002,0.5000,80.6215,-1.3128,-0.0347,-0.0004,-0.0015,-0.0135,-0.0087,-12.9106
1061,-87.7799,-0.0002,0.5000,80.4681,-1.3127,-0.0349,-0.0004,-0.0015,-0.0137,-0.0087,-13.0433
1063,-87.7803,-0.0002,0.5000,80.3161,-1.3127,-0.0350,-0.0004,-0.0015,-0.0138,-0.0087,-13.1746
1065,-87.7806,-0.0002,0.5000,80.1656,-1.3126,-0.0351,-0.0004,-0.0016,-0.0139,-0.0087,-13.3043
1067,-87.7810,-0.0002,0.5000,80.0165,-1.3125,-0.0352,-0.0004,-0.0016,-0.0140,-0.0086,-13.4326
1069,-87.7813,-0.0002,0.5000,79.8687,-1.3125,-0.0353,-0.0004,-0.0016,-0.0141,-0.0086,-13.5595
1071,-87.7816,-0.0002,0.5000,79.7223,-1.3124,-0.0354,-0.0004,-0.0016,-0.0142,-0.0086,-13.6849
1073,-87.7819,-0.0002,0.5000,79.5773,-1.3123,-0.0356,-0.0004,-0.0016,-0.0143,-0.0086,-13.8090
1075,-87.7823,-0.0002,0.5000,79.4336,-1.3123,-0.0357,-0.0004,-0.0016,-0.0144,-0.0086,-13.9316
1077,-87.7826,-0.0002,0.5000,79.2913,-1.3122,-0.0358,-0.0004,-0.0016,-0.0145,-0.0086,-14.0529
1079,-87.7829,-0.0002,0.5000,79.1502,-1.3122,-0.0359,-0.0004,-0.0017,-0.0146,-0.0085,-14.1729
1081,-87.7832,-0.0002,0.5000,79.0105,-1.3121,-0.0360,-0.0004,-0.0017,-0.0147,-0.0085,-14.2915
1083,-87.7835,-0.0002,0.5000,78.8721,-1.3120,-0.0361,-0.0004,-0.0017,-0.0148,-0.0085,-14.4087
1085,-87.7838,-0.0002,0.5000,78.7349,-1.3120,-0.0362,-0.0004,-0.0017,-0.0149,-0.0085,-14.5247
1087,-87.7841,-0.0002,0.5000,78.5990,-1.3119,-0.0363,-0.0004,-0.0017,-0.0150,-0.0085,-14.6394
1089,-87.7844,-0.0001,0.5000,78.4644,-1.3119,-0.0364,-0.0004,-0.0017,-0.0151,-0.0085,-14.7528
1091,-87.7847,-0.0001,0.5000,78.3311,-1.3118,-0.0365,-0.0004,-0.0017,-0.0151,-0.0085,-14.8650
1093,-87.7850,-0.0001,0.5000,78.1989,-1.3117,-0.0366,-0.0004,-0.0018,-0.0152,-0.0084,-14.9759
1095,-87.7853,-0.0001,0.5000,78.0680,-1.3117,-0.0367,-0.0004,-0.0018,-0.0153,-0.0084,-15.0856
1097,-87.7856,-0.0001,0.5000,77.9383,-1.3116,-0.0368,-0.0004,-0.0018,-0.0154,-0.0084,-15.1941
1099,-87.7859,-0.0001,0.5000,77.8098,-1.3116,-0.0369,-0.0004,-0.0018,-0.0155,-0.0084,-15.3014
1101,-87.7862,-0.0001,0.5000,77.6825,-1.3115,-0.0370,-0.0004,-0.0018,-0.0155,-0.0084,-15.4075
1103,-87.7864,-0.0001,0.5000,77.5564,-1.3114,-0.0371,-0.0004,-0.0018,-0.0156,-0.0084,-15.5125
1105,-87.7867,-0.0001,0.5000,77.4314,-1.3114,-0.0372,-0.0004,-0.0018,-0.0157,-0.0084,-15.6163
1107,-87.7870,-0.0001,0.5000,77.3076,-1.3113,-0.0373,-0.0004,-0.0018,-0.0158,-0.0084,-15.7189
1109,-87.7872,-0.0001,0.5000,77.1849,-1.3113,-0.0374,-0.0004,-0.0019,-0.0158,-0.0084,-15.8204
1111,-87.7875,-0.0001,0.5000,77.0634,-1.3112,-0.0375,-0.0004,-0.0019,-0.0159,-0.0083,-15.9208
1113,-87.7878,-0.0001,0.5000,76.9430,-1.3112,-0.0376,-0.0004,-0.0019,-0.0160,-0.0083,-16.0201
1115,-87.7880,-0.0001,0.5000,76.8237,-1.3111,-0.0377,-0.0004,-0.0019,-0.0161,-0.0083,-16.1184
1117,-87.7883,-0.0001,0.5000,76.7056,-1.3110,-0.0378,-0.0004,-0.0019,-0.0161,-0.0083,-16.2155
1119,-87.7885,-0.0001,0.5000,76.5885,-1.3110,-0.0379,-0.0004,-0.0019,-0.0162,-0.0083,-16.3116
1121,-87.7888,-0.0001,0.5000,76.4725,-1.3109,-0.0380,-0.0004,-0.0019,-0.0163,-0.0083,-16.4066
1123,-87.7890,-0.0001,0.5000,76.3575,-1.3109,-0.0381,-0.0004,-0.0019,-0.0163,-0.0083,-16.5006
1125,-87.7893,-0.0001,0.5000,76.2437,-1.3108,-0.0382,-0.0004,-0.0020,-0.0164,-0.0083,-16.5936
1127,-87.7895,-0.0001,0.5000,76.1309,-1.3108,-0.0383,-0.0004,-0.0020,-0.0164,-0.0083,-16.6856
1129,-87.7898,-0.0001,0.5000,76.0191,-1.3107,-0.0383,-0.0004,-0.0020,-0.0165,-0.0082,-16.7765
1131,-87.7900,-0.0001,0.5000,75.9084,-1.3107,-0.0384,-0.0004,-0.0020,-0.0166,-0.0082,-16.8665
1133,-87.7902,-0.0001,0.5000,75.7987,-1.3106,-0.0385,-0.0004,-0.0020,-0.0166,-0.0082,-16.9555
1135,-87.7905,-0.0001,0.5000,75.6900,-1.3106,-0.0386,-0.0004,-0.0020,-0.0167,-0.0082,-17.0435
1137,-87.7907,-0.0001,0.5000,75.5824,-1.3105,-0.0387,-0.0004,-0.0020,-0.0167,-0.0082,-17.1306
1139,-87.7909,-0.0001,0.5000,75.4757,-1.3105,-0.0388,-0.0004,-0.0020,-0.0168,-0.0082,-17.2167
1141,-87.7911,-0.0001,0.5000,75.3700,-1.3104,-0.0389,-0.0004,-0.0020,-0.0168,-0.0082,-17.3019
1143,-87.7914,-0.0001,0.5000,75.2653,-1.3104,-0.0389,-0.0004,-0.0020,-0.0169,-0.0082,-17.3862
1145,-87.7916,-0.0001,0.5000,75.1616,-1.3103,-0.0390,-0.0004,-0.0021,-0.0169,-0.0082,-17.4695
1147,-87.7918,-0.0001,0.5000,75.0588,-1.3103,-0.0391,-0.0004,-0.0021,-0.0170,-0.0082,-17.5520
1149,-87.7920,-0.0001,0.5000,74.9570,-1.3102,-0.0392,-0.0004,-0.0021,-0.0170,-0.0082,-17.6335
1151,-87.7922,-0.0001,0.5000,74.8561,-1.3102,-0.0393,-0.0004,-0.0021,-0.0171,-0.0081,-17.7142
1153,-87.7924,-0.0001,0.5000,74.7562,-1.3101,-0.0393,-0.0004,-0.0021,-0.0171,-0.0081,-17.7940
1155,-87.7927,-0.0001,0.5000,74.6572,-1.3101,-0.0394,-0.0004,-0.0021,-0.0172,-0.0081,-17.8730
1157,-87.7929,-0.0001,0.5000,74.5591,-1.3100,-0.0395,-0.0004,-0.0021,-0.0172,-0.0081,-17.9511
1159,-87.7931,-0.0001,0.5000,74.4620,-1.3100,-0.0396,-0.0004,-0.0021,-0.0173,-0.0081,-18.0283
1161,-87.7933,-0.0001,0.5000,74.3657,-1.3099,-0.0397,-0.0004,-0.0021,-0.0173,-0.0081,-18.1048
1163,-87.7935,-0.0001,0.5000,74.2703,-1.3099,-0.0397,-0.0004,-0.0021,-0.0173,-0.0081,-18.1804
1165,-87.7937,-0.0001,0.5000,74.1759,-1.3099,-0.0398,-0.0004,-0.0022,-0.0174,-0.0081,-18.2552
1167,-87.7939,-0.0001,0.5000,74.0823,-1.3098,-0.0399,-0.0004,-0.0022,-0.0174,-0.0081,-18.3291
1169,-87.7941,-0.0001,0.5000,73.9896,-1.3098,-0.0400,-0.0004,-0.0022,-0.0174,-0.0081,-18.4023
1171,-87.7942,-0.0001,0.5000,73.8977,-1.3097,-0.0400,-0.0004,-0.0022,-0.0175,-0.0080,-18.4747
1173,-87.7944,-0.0001,0.5000,73.8067,-1.3097,-0.0401,-0.0004,-0.0022,-0.0175,-0.0080,-18.5464
1175,-87.7946,-0.0001,0.5000,73.7165,-1.3096,-0.0402,-0.0004,-0.0022,-0.0176,-0.0080,-18.6172
1177,-87.7948,-0.0001,0.5000,73.6272,-1.3096,-0.0402,-0.0004,-0.0022,-0.0176,-0.0080,-18.6873
1179,-87.7950,-0.0001,0.5000,73.5388,-1.3096,-0.0403,-0.0004,-0.0022,-0.0176,-0.0080,-18.7567
1181,-87.7952,-0.0001,0.5000,73.4511,-1.3095,-0.0404,-0.0004,-0.0022,-0.0177,-0.0080,-18.8252
1183,-87.7954,-0.0001,0.5000,73.3643,-1.3095,-0.0405,-0.0004,-0.0022,-0.0177,-0.0080,-18.8931
1185,-87.7955,-0.0001,0.5000,73.2783,-1.3094,-0.0405,-0.0004,-0.0022,-0.0177,-0.0080,-18.9602
1187,-87.7957,-0.0001,0.5000,73.1931,-1.3094,-0.0406,-0.0004,-0.0023,-0.0178,-0.0080,-19.0267
1189,-87.7959,-0.0001,0.5000,73.1087,-1.3094,-0.0407,-0.0004,-0.0023,-0.0178,-0.0080,-19.0924
1191,-87.7961,-0.0001,0.5000,73.0251,-1.3093,-0.0407,-0.0004,-0.0023,-0.0178,-0.0080,-19.1574
1193,-87.7962,-0.0001,0.5000,72.9422,-1.3093,-0.0408,-0.0004,-0.0023,-0.0178,-0.0080,-19.2217
1195,-87.7964,-0.0001,0.5000,72.8602,-1.3092,-0.0409,-0.0004,-0.0023,-0.0179,-0.0079,-19.2853
1197,-87.7966,-0.0001,0.5000,72.7789,-1.3092,-0.0409,-0.0004,-0.0023,-0.0179,-0.0079,-19.3482
1199,-87.7967,-0.0001,0.5000,72.6984,-1.3092,-0.0410,-0.0004,-0.0023,-0.0179,-0.0079,-19.4105
1201,-87.7969,-0.0001,0.5000,72.6186,-1.3091,-0.0411,-0.0004,-0.0023,-0.0179,-0.0079,-19.4721
1203,-87.7970,-0.0001,0.5000,72.5396,-1.3091,-0.0411,-0.0004,-0.0023,-0.0180,-0.0079,-19.5330
1205,-87.7972,-0.0001,0.5000,72.4614,-1.3091,-0.0412,-0.0004,-0.0023,-0.0180,-0.0079,-19.5933
1207,-87.7974,-0.0001,0.5000,72.3838,-1.3090,-0.0413,-0.0004,-0.0023,-0.0180,-0.0079,-19.6530
1209,-87.7975,-0.0001,0.5000,72.3070,-1.3090,-0.0413,-0.0004,-0.0023,-0.0180,-0.0079,-19.7120
1211,-87.7977,-0.0001,0.5000,72.2310,-1.3089,-0.0414,-0.0004,-0.0024,-0.0181,-0.0079,-19.7703
1213,-87.7978,-0.0001,0.5000,72.1556,-1.3089,-0.0414,-0.0004,-0.0024,-0.0181,-0.0079,-19.8281
1215,-87.7980,-0.0001,0.5000,72.0810,-1.3089,-0.0415,-0.0004,-0.0024,-0.0181,-0.0079,-19.8852
1217,-87.7981,-0.0001,0.5000,72.0071,-1.3088,-0.0416,-0.0004,-0.0024,-0.0181,-0.0078,-19.9417
1219,-87.7983,-0.0001,0.5000,71.9338,-1.3088,-0.0416,-0.0004,-0.0024,-0.0181,-0.0078,-19.9976
1221,-87.7984,-0.0001,0.5000,71.8613,-1.3088,-0.0417,-0.0004,-0.0024,-0.0181,-0.0078,-20.0530
1223,-87.7986,-0.0001,0.5000,71.7895,-1.3087,-0.0418,-0.0004,-0.0024,-0.0182,-0.0078,-20.1077
1225,-87.7987,-0.0001,0.5000,71.7183,-1.3087,-0.0418,-0.0004,-0.0024,-0.0182,-0.0078,-20.1618
1227,-87.7989,-0.0001,0.5000,71.6478,-1.3087,-0.0419,-0.0004,-0.0024,-0.0182,-0.0078,-20.2154
1229,-87.7990,-0.0001,0.5000,71.5780,-1.3086,-0.0419,-0.0004,-0.0024,-0.0182,-0.0078,-20.2684
1231,-87.7991,-0.0001,0.5000,71.5088,-1.3086,-0.0420,-0.0004,-0.0024,-0.0182,-0.0078,-20.3208
1233,-87.7993,-0.0001,0.5000,71.4403,-1.3086,-0.0420,-0.0004,-0.0024,-0.0182,-0.0078,-20.3727
1235,-87.7994,-0.0001,0.5000,71.3725,-1.3086,-0.0421,-0.0004,-0.0024,-0.0183,-0.0078,-20.4240
1237,-87.7996,-0.0001,0.5000,71.3053,-1.3085,-0.0422,-0.0004,-0.0024,-0.0183,-0.0078,-20.4748
1239,-87.7997,-0.0001,0.5000,71.2388,-1.3085,-0.0422,-0.0004,-0.0024,-0.0183,-0.0078,-20.5250
1241,-87.7998,-0.0001,0.5000,71.1729,-1.3085,-0.0423,-0.0004,-0.0025,-0.0183,-0.0077,-20.5747
1243,-87.8000,-0.0001,0.5000,71.1076,-1.3084,-0.0423,-0.0004,-0.0025,-0.0183,-0.0077,-20.6238
1245,-87.8001,-0.0001,0.5000,71.0429,-1.3084,-0.0424,-0.0004,-0.0025,-0.0183,-0.0077,-20.6724
1247,-87.8002,-0.0001,0.5000,70.9789,-1.3084,-0.0424,-0.0004,-0.0025,-0.0183,-0.0077,-20.7205
1249,-87.8003,-0.0001,0.5000,70.9155,-1.3083,-0.0425,-0.0004,-0.0025,-0.0183,-0.0077,-20.7681
1251,-87.8005,-0.0001,0.5000,70.8527,-1.3083,-0.0425,-0.0004,-0.0025,-0.0183,-0.0077,-20.8152
1253,-87.8006,-0.0001,0.5000,70.7905,-1.3083,-0.0426,-0.0004,-0.0025,-0.0184,-0.0077,-20.8618
1255,-87.8007,-0.0001,0.5000,70.7289,-1.3083,-0.0426,-0.0004,-0.0025,-0.0184,-0.0077,-20.9078
1257,-87.8008,-0.0001,0.5000,70.6679,-1.3082,-0.0427,-0.0004,-0.0025,-0.0184,-0.0077,-20.9534
1259,-87.8010,-0.0001,0.5000,70.6075,-1.3082,-0.0427,-0.0004,-0.0025,-0.0184,-0.0077,-20.9985
1261,-87.8011,-0.0001,0.5000,70.5476,-1.3082,-0.0428,-0.0004,-0.0025,-0.0184,-0.0077,-21.0431
1263,-87.8012,-0.0001,0.5000,70.4884,-1.3081,-0.0428,-0.0004,-0.0025,-0.0184,-0.0077,-21.0872
1265,-87.8013,-0.0001,0.5000,70.4297,-1.3081,-0.0429,-0.0004,-0.0025,-0.0184,-0.0076,-21.1309
1267,-87.8014,-0.0001,0.5000,70.3716,-1.3081,-0.0429,-0.0004,-0.0025,-0.0184,-0.0076,-21.1741
1269,-87.8015,-0.0001,0.5000,70.3140,-1.3081,-0.0430,-0.0004,-0.0025,-0.0184,-0.0076,-21.2168
1271,-87.8017,-0.0001,0.5000,70.2571,-1.3080,-0.0430,-0.0004,-0.0025,-0.0184,-0.0076,-21.2590
1273,-87.8018,-0.0001,0.5000,70.2006,-1.3080,-0.0431,-0.0004,-0.0026,-0.0184,-0.0076,-21.3009
1275,-87.8019,-0.0001,0.5000,70.1448,-1.3080,-0.0431,-0.0004,-0.0026,-0.0184,-0.0076,-21.3422
1277,-87.8020,-0.0001,0.5000,70.0894,-1.3080,-0.0432,-0.0004,-0.0026,-0.0184,-0.0076,-21.3831
1279,-87.8021,-0.0001,0.5000,70.0347,-1.3079,-0.0432,-0.0004,-0.0026,-0.0184,-0.0076,-21.4236
1281,-87.8022,-0.0001,0.5000,69.9804,-1.3079,-0.0433,-0.0004,-0.0026,-0.0184,-0.0076,-21.4636
1283,-87.8023,-0.0001,0.5000,69.9267,-1.3079,-0.0433,-0.0004,-0.0026,-0.0184,-0.0076,-21.5032
1285,-87.8024,-0.0001,0.5000,69.8735,-1.3079,-0.0434,-0.0004,-0.0026,-0.0184,-0.0076,-21.5424
1287,-87.8025,-0.0001,0.5000,69.8208,-1.3078,-0.0434,-0.0004,-0.0026,-0.0184,-0.0076,-21.5811
1289,-87.8026,-0.0001,0.5000,69.7687,-1.3078,-0.0435,-0.0004,-0.0026,-0.0184,-0.0076,-21.6194
1291,-87.8027,-0.0001,0.5000,69.7171,-1.3078,-0.0435,-0.0004,-0.0026,-0.0184,-0.0075,-21.6574
1293,-87.8028,-0.0001,0.5000,69.6659,-1.3078,-0.0436,-0.0004,-0.0026,-0.0184,-0.0075,-21.6948
1295,-87.8029,-0.0000,0.5000,69.6153,-1.3078,-0.0436,-0.0004,-0.0026,-0.0184,-0.0075,-21.7319
1297,-87.8030,-0.0000,0.5000,69.5652,-1.3077,-0.0436,-0.0004,-0.0026,-0.0184,-0.0075,-21.7686
1299,-87.8031,-0.0000,0.5000,69.5156,-1.3077,-0.0437,-0.0004,-0.0026,-0.0184,-0.0075,-21.8049
1301,-87.8032,-0.0000,0.5000,69.4665,-1.3077,-0.0437,-0.0004,-0.0026,-0.0184,-0.0075,-21.8408
1303,-87.8033,-0.0000,0.5000,69.4179,-1.3077,-0.0438,-0.0004,-0.0026,-0.0184,-0.0075,-21.8763
1305,-87.8034,-0.0000,0.5000,69.3697,-1.3076,-0.0438,-0.0004,-0.0026,-0.0184,-0.0075,-21.9114
1307,-87.8035,-0.0000,0.5000,69.3221,-1.3076,-0.0439,-0.0004,-0.0026,-0.0184,-0.0075,-21.9462
1309,-87.8036,-0.0000,0.5000,69.2749,-1.3076,-0.0439,-0.0004,-0.0026,-0.0184,-0.0075,-21.9805
1311,-87.8037,-0.0000,0.5000,69.2282,-1.3076,-0.0439,-0.0004,-0.0026,-0.0184,-0.0075,-22.0145
1313,-87.8038,-0.0000,0.5000,69.1819,-1.3076,-0.0440,-0.0004,-0.0027,-0.0184,-0.0075,-22.0481
1315,-87.8039,-0.0000,0.5000,69.1361,-1.3075,-0.0440,-0.0004,-0.0027,-0.0184,-0.0074,-22.0813
1317,-87.8040,-0.0000,0.5000,69.0908,-1.3075,-0.0441,-0.0004,-0.0027,-0.0184,-0.0074,-22.1142
1319,-87.8041,-0.0000,0.5000,69.0460,-1.3075,-0.0441,-0.0004,-0.0027,-0.0184,-0.0074,-22.1467
1321,-87.8041,-0.0000,0.5000,69.0016,-1.3075,-0.0442,-0.0004,-0.0027,-0.0184,-0.0074,-22.1789
1323,-87.8042,-0.0000,0.5000,68.9576,-1.3075,-0.0442,-0.0004,-0.0027,-0.0184,-0.0074,-22.2107
1325,-87.8043,-0.0000,0.5000,68.9141,-1.3074,-0.0442,-0.0004,-0.0027,-0.0184,-0.0074,-22.2421
1327,-87.8044,-0.0000,0.5000,68.8711,-1.3074,-0.0443,-0.0004,-0.0027,-0.0184,-0.0074,-22.2732
1329,-87.8045,-0.0000,0.5000,68.8284,-1.3074,-0.0443,-0.0004,-0.0027,-0.0184,-0.0074,-22.3040
1331,-87.8046,-0.0000,0.5000,68.7863,-1.3074,-0.0443,-0.0004,-0.0027,-0.0183,-0.0074,-22.3344
1333,-87.8046,-0.0000,0.5000,68.7445,-1.3074,-0.0444,-0.0004,-0.0027,-0.0183,-0.0074,-22.3645
1335,-87.8047,-0.0000,0.5000,68.7032,-1.3074,-0.0444,-0.0004,-0.0027,-0.0183,-0.0074,-22.3942
1337,-87.8048,-0.0000,0.5000,68.6623,-1.3073,-0.0445,-0.0004,-0.0027,-0.0183,-0.0074,-22.4236
1339,-87.8049,-0.0000,0.5000,68.6218,-1.3073,-0.0445,-0.0004,-0.0027,-0.0183,-0.0074,-22.4527
1341,-87.8050,-0.0000,0.5000,68.5817,-1.3073,-0.0445,-0.0004,-0.0027,-0.0183,-0.0073,-22.4815
1343,-87.8050,-0.0000,0.5000,68.5421,-1.3073,-0.0446,-0.0004,-0.0027,-0.0183,-0.0073,-22.5099
1345,-87.8051,-0.0000,0.5000,68.5029,-1.3073,-0.0446,-0.0004,-0.0027,-0.0183,-0.0073,-22.5381
1347,-87.8052,-0.0000,0.5000,68.4640,-1.3072,-0.0446,-0.0004,-0.0027,-0.0183,-0.0073,-22.5659
1349,-87.8053,-0.0000,0.5000,68.4256,-1.3072,-0.0447,-0.0004,-0.0027,-0.0183,-0.0073,-22.5934
1351,-87.8053,-0.0000,0.5000,68.3876,-1.3072,-0.0447,-0.0004,-0.0027,-0.0183,-0.0073,-22.6206
1353,-87.8054,-0.0000,0.5000,68.3500,-1.3072,-0.0448,-0.0004,-0.0027,-0.0183,-0.0073,-22.6474
1355,-87.8055,-0.0000,0.5000,68.3127,-1.3072,-0.0448,-0.0004,-0.0027,-0.0182,-0.0073,-22.6740
1357,-87.8056,-0.0000,0.5000,68.2759,-1.3072,-0.0448,-0.0004,-0.0027,-0.0182,-0.0073,-22.7003
1359,-87.8056,-0.0000,0.5000,68.2395,-1.3072,-0.0449,-0.0004,-0.0027,-0.0182,-0.0073,-22.7263
1361,-87.8057,-0.0000,0.5000,68.2034,-1.3071,-0.0449,-0.0004,-0.0028,-0.0182,-0.0073,-22.7520
1363,-87.8058,-0.0000,0.5000,68.1677,-1.3071,-0.0449,-0.0004,-0.0028,-0.0182,-0.0073,-22.7773
1365,-87.8058,-0.0000,0.5000,68.1324,-1.3071,-0.0450,-0.0004,-0.0028,-0.0182,-0.0073,-22.8024
1367,-87.8059,-0.0000,0.5000,68.0975,-1.3071,-0.0450,-0.0004,-0.0028,-0.0182,-0.0073,-22.8273
1369,-87.8060,-0.0000,0.5000,68.0629,-1.3071,-0.0450,-0.0004,-0.0028,-0.0182,-0.0072,-22.8518
1371,-87.8060,-0.0000,0.5000,68.0287,-1.3071,-0.0451,-0.0004,-0.0028,-0.0182,-0.0072,-22.8760
1373,-87.8061,-0.0000,0.5000,67.9949,-1.3070,-0.0451,-0.0004,-0.0028,-0.0181,-0.0072,-22.9000
1375,-87.8062,-0.0000,0.5000,67.9615,-1.3070,-0.0451,-0.0004,-0.0028,-0.0181,-0.0072,-22.9237
1377,-87.8062,-0.0000,0.5000,67.9284,-1.3070,-0.0452,-0.0004,-0.0028,-0.0181,-0.0072,-22.9471
1379,-87.8063,-0.0000,0.5000,67.8956,-1.3070,-0.0452,-0.0004,-0.0028,-0.0181,-0.0072,-22.9703
1381,-87.8064,-0.0000,0.5000,67.8632,-1.3070,-0.0452,-0.0004,-0.0028,-0.0181,-0.0072,-22.9932
1383,-87.8064,-0.0000,0.5000,67.8312,-1.3070,-0.0453,-0.0004,-0.0028,-0.0181,-0.0072,-23.0158
1385,-87.8065,-0.0000,0.5000,67.7995,-1.3070,-0.0453,-0.0004,-0.0028,-0.0181,-0.0072,-23.0382
1387,-87.8066,-0.0000,0.5000,67.7682,-1.3069,-0.0453,-0.0004,-0.0028,-0.0181,-0.0072,-23.0603
1389,-87.8066,-0.0000,0.5000,67.7372,-1.3069,-0.0453,-0.0004,-0.0028,-0.0180,-0.0072,-23.0821
1391,-87.8067,-0.0000,0.5000,67.7065,-1.3069,-0.0454,-0.0004,-0.0028,-0.0180,-0.0072,-23.1037
1393,-87.8067,-0.0000,0.5000,67.6762,-1.3069,-0.0454,-0.0004,-0.0028,-0.0180,-0.0072,-23.1250
1395,-87.8068,-0.0000,0.5000,67.6462,-1.3069,-0.0454,-0.0004,-0.0028,-0.0180,-0.0071,-23.1461
1397,-87.8069,-0.0000,0.5000,67.6166,-1.3069,-0.0455,-0.0004,-0.0028,-0.0180,-0.0071,-23.1669
1399,-87.8069,-0.0000,0.5000,67.5873,-1.3069,-0.0455,-0.0004,-0.0028,-0.0180,-0.0071,-23.1875
1401,-87.8070,-0.0000,0.5000,67.5583,-1.3069,-0.0455,-0.0004,-0.0028,-0.0179,-0.0071,-23.2078
1403,-87.8070,-0.0000,0.5000,67.5296,-1.3068,-0.0456,-0.0004,-0.0028,-0.0179,-0.0071,-23.2279
1405,-87.8071,-0.0000,0.5000,67.5013,-1.3068,-0.0456,-0.0004,-0.0028,-0.0179,-0.0071,-23.2478
1407,-87.8071,-0.0000,0.5000,67.4732,-1.3068,-0.0456,-0.0004,-0.0028,-0.0179,-0.0071,-23.2674
1409,-87.8072,-0.0000,0.5000,67.4455,-1.3068,-0.0456,-0.0004,-0.0028,-0.0179,-0.0071,-23.2868
1411,-87.8072,-0.0000,0.5000,67.4181,-1.3068,-0.0457,-0.0004,-0.0028,-0.0179,-0.0071,-23.3059
1413,-87.8073,-0.0000,0.5000,67.3910,-1.3068,-0.0457,-0.0004,-0.0028,-0.0179,-0.0071,-23.3248
1415,-87.8073,-0.0000,0.5000,67.3643,-1.3068,-0.0457,-0.0004,-0.0028,-0.0178,-0.0071,-23.3435
1417,-87.8074,-0.0000,0.5000,67.3378,-1.3068,-0.0458,-0.0004,-0.0028,-0.0178,-0.0071,-23.3620
1419,-87.8074,-0.0000,0.5000,67.3116,-1.3068,-0.0458,-0.0004,-0.0028,-0.0178,-0.0071,-23.3802
1421,-87.8075,-0.0000,0.5000,67.2858,-1.3067,-0.0458,-0.0004,-0.0028,-0.0178,-0.0071,-23.3983
1423,-87.8076,-0.0000,0.5000,67.2602,-1.3067,-0.0458,-0.0004,-0.0029,-0.0178,-0.0070,-23.4160
1425,-87.8076,-0.0000,0.5000,67.2349,-1.3067,-0.0459,-0.0004,-0.0029,-0.0178,-0.0070,-23.4336
1427,-87.8076,-0.0000,0.5000,67.2099,-1.3067,-0.0459,-0.0004,-0.0029,-0.0177,-0.0070,-23.4510
1429,-87.8077,-0.0000,0.5000,67.1853,-1.3067,-0.0459,-0.0004,-0.0029,-0.0177,-0.0070,-23.4681
1431,-87.8077,-0.0000,0.5000,67.1609,-1.3067,-0.0459,-0.0004,-0.0029,-0.0177,-0.0070,-23.4850
1433,-87.8078,-0.0000,0.5000,67.1368,-1.3067,-0.0460,-0.0004,-0.0029,-0.0177,-0.0070,-23.5018
1435,-87.8078,-0.0000,0.5000,67.1129,-1.3067,-0.0460,-0.0004,-0.0029,-0.0177,-0.0070,-23.5183
1437,-87.8079,-0.0000,0.5000,67.0894,-1.3067,-0.0460,-0.0004,-0.0029,-0.0177,-0.0070,-23.5346
1439,-87.8079,-0.0000,0.5000,67.0661,-1.3067,-0.0461,-0.0004,-0.0029,-0.0176,-0.0070,-23.5507
1441,-87.8080,-0.0000,0.5000,67.0431,-1.3066,-0.0461,-0.0004,-0.0029,-0.0176,-0.0070,-23.5666
1443,-87.8080,-0.0000,0.5000,67.0204,-1.3066,-0.0461,-0.0004,-0.0029,-0.0176,-0.0070,-23.5823
1445,-87.8081,-0.0000,0.5000,66.9980,-1.3066,-0.0461,-0.0004,-0.0029,-0.0176,-0.0070,-23.5978
1447,-87.8081,-0.0000,0.5000,66.9758,-1.3066,-0.0462,-0.0004,-0.0029,-0.0176,-0.0070,-23.6131
1449,-87.8082,-0.0000,0.5000,66.9539,-1.3066,-0.0462,-0.0004,-0.0029,-0.0175,-0.0070,-23.6281
1451,-87.8082,-0.0000,0.5000,66.9323,-1.3066,-0.0462,-0.0004,-0.0029,-0.0175,-0.0070,-23.6431
1453,-87.8082,-0.0000,0.5000,66.9109,-1.3066,-0.0462,-0.0004,-0.0029,-0.0175,-0.0069,-23.6578
1455,-87.8083,-0.0000,0.5000,66.8898,-1.3066,-0.0463,-0.0004,-0.0029,-0.0175,-0.0069,-23.6723
1457,-87.8083,-0.0000,0.5000,66.8690,-1.3066,-0.0463,-0.0004,-0.0029,-0.0175,-0.0069,-23.6866
1459,-87.8084,-0.0000,0.5000,66.8484,-1.3066,-0.0463,-0.0004,-0.0029,-0.0174,-0.0069,-23.7008
1461,-87.8084,-0.0000,0.5000,66.8281,-1.3066,-0.0463,-0.0004,-0.0029,-0.0174,-0.0069,-23.7147
1463,-87.8084,-0.0000,0.5000,66.8080,-1.3065,-0.0463,-0.0004,-0.0029,-0.0174,-0.0069,-23.7285
1465,-87.8085,-0.0000,0.5000,66.7882,-1.3065,-0.0464,-0.0004,-0.0029,-0.0174,-0.0069,-23.7421
1467,-87.8085,-0.0000,0.5000,66.7686,-1.3065,-0.0464,-0.0004,-0.0029,-0.0174,-0.0069,-23.7555
1469,-87.8086,-0.0000,0.5000,66.7493,-1.3065,-0.0464,-0.0004,-0.0029,-0.0173,-0.0069,-23.7687
1471,-87.8086,-0.0000,0.5000,66.7302,-1.3065,-0.0464,-0.0004,-0.0029,-0.0173,-0.0069,-23.7818
1473,-87.8086,-0.0000,0.5000,66.7114,-1.3065,-0.0465,-0.0004,-0.0029,-0.0173,-0.0069,-23.7946
1475,-87.8087,-0.0000,0.5000,66.6928,-1.3065,-0.0465,-0.0004,-0.0029,-0.0173,-0.0069,-23.8073
1477,-87.8087,-0.0000,0.5000,66.6745,-1.3065,-0.0465,-0.0004,-0.0029,-0.0173,-0.0069,-23.8198
1479,-87.8087,-0.0000,0.5000,66.6563,-1.3065,-0.0465,-0.0004,-0.0029,-0.0172,-0.0069,-23.8322
1481,-87.8088,-0.0000,0.5000,66.6385,-1.3065,-0.0466,-0.0004,-0.0029,-0.0172,-0.0068,-23.8444
1483,-87.8088,-0.0000,0.5000,66.6208,-1.3065,-0.0466,-0.0004,-0.0029,-0.0172,-0.0068,-23.8564
1485,-87.8088,-0.0000,0.5000,66.6034,-1.3065,-0.0466,-0.0004,-0.0029,-0.0172,-0.0068,-23.8682
1487,-87.8089,-0.0000,0.5000,66.5862,-1.3065,-0.0466,-0.0004,-0.0029,-0.0172,-0.0068,-23.8799
1489,-87.8089,-0.0000,0.5000,66.5693,-1.3064,-0.0466,-0.0004,-0.0029,-0.0171,-0.0068,-23.8914
1491,-87.8090,-0.0000,0.5000,66.5526,-1.3064,-0.0467,-0.0004,-0.0029,-0.0171,-0.0068,-23.9028
1493,-87.8090,-0.0000,0.5000,66.5361,-1.3064,-0.0467,-0.0004,-0.0029,-0.0171,-0.0068,-23.9140
1495,-87.8090,-0.0000,0.5000,66.5198,-1.3064,-0.0467,-0.0004,-0.0029,-0.0171,-0.0068,-23.9250
1497,-87.8090,-0.0000,0.5000,66.5038,-1.3064,-0.0467,-0.0004,-0.0029,-0.0171,-0.0068,-23.9359
1499,-87.8091,-0.0000,0.5000,66.4879,-1.3064,-0.0467,-0.0004,-0.0029,-0.0170,-0.0068,-23.9466
1501,-87.8091,-0.0000,0.5000,66.4723,-1.3064,-0.0468,-0.0004,-0.0029,-0.0170,-0.0068,-23.9572
1503,-87.8091,-0.0000,0.5000,66.4569,-1.3064,-0.0468,-0.0004,-0.0029,-0.0170,-0.0068,-23.9676
1505,-87.8092,-0.0000,0.5000,66.4417,-1.3064,-0.0468,-0.0004,-0.0029,-0.0170,-0.0068,-23.9778
1507,-87.8092,-0.0000,0.5000,66.4268,-1.3064,-0.0468,-0.0004,-0.0029,-0.0170,-0.0068,-23.9879
1509,-87.8092,-0.0000,0.5000,66.4120,-1.3064,-0.0469,-0.0004,-0.0029,-0.0169,-0.0068,-23.9979
1511,-87.8093,-0.0000,0.5000,66.3975,-1.3064,-0.0469,-0.0004,-0.0029,-0.0169,-0.0067,-24.0077
1513,-87.8093,-0.0000,0.5000,66.3831,-1.3064,-0.0469,-0.0004,-0.0029,-0.0169,-0.0067,-24.0173
1515,-87.8093,-0.0000,0.5000,66.3690,-1.3064,-0.0469,-0.0004,-0.0030,-0.0169,-0.0067,-24.0268
1517,-87.8094,-0.0000,0.5000,66.3551,-1.3064,-0.0469,-0.0004,-0.0030,-0.0168,-0.0067,-24.0362
1519,-87.8094,-0.0000,0.5000,66.3413,-1.3064,-0.0470,-0.0004,-0.0030,-0.0168,-0.0067,-24.0454
1521,-87.8094,-0.0000,0.5000,66.3278,-1.3064,-0.0470,-0.0004,-0.0030,-0.0168,-0.0067,-24.0545
1523,-87.8094,-0.0000,0.5000,66.3145,-1.3063,-0.0470,-0.0004,-0.0030,-0.0168,-0.0067,-24.0634
1525,-87.8095,-0.0000,0.5000,66.3014,-1.3063,-0.0470,-0.0004,-0.0030,-0.0168,-0.0067,-24.0722
1527,-87.8095,-0.0000,0.5000,66.2884,-1.3063,-0.0470,-0.0004,-0.0030,-0.0167,-0.0067,-24.0808
1529,-87.8095,-0.0000,0.5000,66.2757,-1.3063,-0.0470,-0.0004,-0.0030,-0.0167,-0.0067,-24.0893
1531,-87.8095,-0.0000,0.5000,66.2632,-1.3063,-0.0471,-0.0004,-0.0030,-0.0167,-0.0067,-24.0977
1533,-87.8096,-0.0000,0.5000,66.2508,-1.3063,-0.0471,-0.0004,-0.0030,-0.0167,-0.0067,-24.1059
1535,-87.8096,-0.0000,0.5000,66.2387,-1.3063,-0.0471,-0.0004,-0.0030,-0.0166,-0.0067,-24.1140
1537,-87.8096,-0.0000,0.5000,66.2267,-1.3063,-0.0471,-0.0004,-0.0030,-0.0166,-0.0067,-24.1220
1539,-87.8096,-0.0000,0.5000,66.2149,-1.3063,-0.0471,-0.0004,-0.0030,-0.0166,-0.0067,-24.1298
1541,-87.8097,-0.0000,0.5000,66.2033,-1.3063,-0.0472,-0.0004,-0.0030,-0.0166,-0.0066,-24.1375
1543,-87.8097,-0.0000,0.5000,66.1919,-1.3063,-0.0472,-0.0004,-0.0030,-0.0166,-0.0066,-24.1451
1545,-87.8097,-0.0000,0.5000,66.1807,-1.3063,-0.0472,-0.0004,-0.0030,-0.0165,-0.0066,-24.1526
1547,-87.8097,-0.0000,0.5000,66.1696,-1.3063,-0.0472,-0.0004,-0.0030,-0.0165,-0.0066,-24.1599
1549,-87.8098,-0.0000,0.5000,66.1588,-1.3063,-0.0472,-0.0004,-0.0030,-0.0165,-0.0066,-24.1671
1551,-87.8098,-0.0000,0.5000,66.1481,-1.3063,-0.0472,-0.0004,-0.0030,-0.0165,-0.0066,-24.1741
1553,-87.8098,-0.0000,0.5000,66.1376,-1.3063,-0.0473,-0.0004,-0.0030,-0.0164,-0.0066,-24.1811
1555,-87.8098,-0.0000,0.5000,66.1272,-1.3063,-0.0473,-0.0004,-0.0030,-0.0164,-0.0066,-24.1879
1557,-87.8098,-0.0000,0.5000,66.1171,-1.3063,-0.0473,-0.0004,-0.0030,-0.0164,-0.0066,-24.1946
1559,-87.8099,-0.0000,0.5000,66.1071,-1.3063,-0.0473,-0.0004,-0.0030,-0.0164,-0.0066,-24.2011
1561,-87.8099,-0.0000,0.5000,66.0973,-1.3063,-0.0473,-0.0004,-0.0030,-0.0164,-0.0066,-24.2076
1563,-87.8099,-0.0000,0.5000,66.0876,-1.3063,-0.0473,-0.0004,-0.0030,-0.0163,-0.0066,-24.2139
1565,-87.8099,-0.0000,0.5000,66.0781,-1.3063,-0.0474,-0.0004,-0.0030,-0.0163,-0.0066,-24.2201
1567,-87.8099,-0.0000,0.5000,66.0688,-1.3063,-0.0474,-0.0004,-0.0030,-0.0163,-0.0066,-24.2262
1569,-87.8100,-0.0000,0.5000,66.0597,-1.3062,-0.0474,-0.0004,-0.0030,-0.0163,-0.0066,-24.2322
1571,-87.8100,-0.0000,0.5000,66.0507,-1.3062,-0.0474,-0.0004,-0.0030,-0.0162,-0.0066,-24.2381
1573,-87.8100,-0.0000,0.5000,66.0419,-1.3062,-0.0474,-0.0004,-0.0030,-0.0162,-0.0065,-24.2438
1575,-87.8100,-0.0000,0.5000,66.0332,-1.3062,-0.0474,-0.0004,-0.0030,-0.0162,-0.0065,-24.2495
1577,-87.8100,-0.0000,0.5000,66.0247,-1.3062,-0.0475,-0.0004,-0.0030,-0.0162,-0.0065,-24.2550
1579,-87.8101,-0.0000,0.5000,66.0164,-1.3062,-0.0475,-0.0004,-0.0030,-0.0161,-0.0065,-24.2604
1581,-87.8101,-0.0000,0.5000,66.0082,-1.3062,-0.0475,-0.0004,-0.0030,-0.0161,-0.0065,-24.2657
1583,-87.8101,-0.0000,0.5000,66.0002,-1.3062,-0.0475,-0.0004,-0.0030,-0.0161,-0.0065,-24.2709
1585,-87.8101,-0.0000,0.5000,65.9924,-1.3062,-0.0475,-0.0004,-0.0030,-0.0161,-0.0065,-24.2759
1587,-87.8101,-0.0000,0.5000,65.9846,-1.3062,-0.0475,-0.0004,-0.0030,-0.0160,-0.0065,-24.2809
1589,-87.8101,-0.0000,0.5000,65.9771,-1.3062,-0.0476,-0.0004,-0.0030,-0.0160,-0.0065,-24.2858
1591,-87.8102,-0.0000,0.5000,65.9697,-1.3062,-0.0476,-0.0004,-0.0030,-0.0160,-0.0065,-24.2905
1593,-87.8102,-0.0000,0.5000,65.9624,-1.3062,-0.0476,-0.0004,-0.0030,-0.0160,-0.0065,-24.2952
1595,-87.8102,-0.0000,0.5000,65.9553,-1.3062,-0.0476,-0.0004,-0.0030,-0.0160,-0.0065,-24.2997
1597,-87.8102,-0.0000,0.5000,65.9484,-1.3062,-0.0476,-0.0004,-0.0030,-0.0159,-0.0065,-24.3042
1599,-87.8102,-0.0000,0.5000,65.9416,-1.3062,-0.0476,-0.0004,-0.0030,-0.0159,-0.0065,-24.3085
1601,-87.8102,-0.0000,0.5000,65.9349,-1.3062,-0.0477,-0.0004,-0.0030,-0.0159,-0.0065,-24.3128
1603,-87.8103,-0.0000,0.5000,65.9284,-1.3062,-0.0477,-0.0004,-0.0030,-0.0159,-0.0065,-24.3169
1605,-87.8103,-0.0000,0.5000,65.9220,-1.3062,-0.0477,-0.0004,-0.0030,-0.0158,-0.0064,-24.3209
1607,-87.8103,-0.0000,0.5000,65.9158,-1.3062,-0.0477,-0.0004,-0.0030,-0.0158,-0.0064,-24.3249
1609,-87.8103,-0.0000,0.5000,65.9097,-1.3062,-0.0477,-0.0004,-0.0030,-0.0158,-0.0064,-24.3287
1611,-87.8103,-0.0000,0.5000,65.9038,-1.3062,-0.0477,-0.0004,-0.0030,-0.0158,-0.0064,-24.3324
1613,-87.8103,-0.0000,0.5000,65.8980,-1.3062,-0.0477,-0.0004,-0.0030,-0.0157,-0.0064,-24.3361
1615,-87.8103,-0.0000,0.5000,65.8923,-1.3062,-0.0478,-0.0004,-0.0030,-0.0157,-0.0064,-24.3396
1617,-87.8104,-0.0000,0.5000,65.8868,-1.3062,-0.0478,-0.0004,-0.0030,-0.0157,-0.0064,-24.3431
1619,-87.8104,-0.0000,0.5000,65.8814,-1.3062,-0.0478,-0.0004,-0.0030,-0.0157,-0.0064,-24.3464
1621,-87.8104,-0.0000,0.5000,65.8761,-1.3062,-0.0478,-0.0004,-0.0030,-0.0156,-0.0064,-24.3497
1623,-87.8104,-0.0000,0.5000,65.8710,-1.3062,-0.0478,-0.0004,-0.0030,-0.0156,-0.0064,-24.3529
1625,-87.8104,-0.0000,0.5000,65.8660,-1.3062,-0.0478,-0.0004,-0.0030,-0.0156,-0.0064,-24.3559
1627,-87.8104,-0.0000,0.5000,65.8612,-1.3062,-0.0478,-0.0004,-0.0030,-0.0156,-0.0064,-24.3589
1629,-87.8104,-0.0000,0.5000,65.8564,-1.3062,-0.0479,-0.0004,-0.0030,-0.0155,-0.0064,-24.3618
1631,-87.8104,-0.0000,0.5000,65.8518,-1.3062,-0.0479,-0.0004,-0.0030,-0.0155,-0.0064,-24.3646
1633,-87.8105,-0.0000,0.5000,65.8474,-1.3062,-0.0479,-0.0004,-0.0030,-0.0155,-0.0064,-24.3673
1635,-87.8105,-0.0000,0.5000,65.8430,-1.3062,-0.0479,-0.0004,-0.0030,-0.0155,-0.0064,-24.3700
1637,-87.8105,-0.0000,0.5000,65.8388,-1.3062,-0.0479,-0.0004,-0.0030,-0.0155,-0.0063,-24.3725
1639,-87.8105,-0.0000,0.5000,65.8347,-1.3062,-0.0479,-0.0004,-0.0030,-0.0154,-0.0063,-24.3750
1641,-87.8105,-0.0000,0.5000,65.8307,-1.3062,-0.0479,-0.0004,-0.0030,-0.0154,-0.0063,-24.3773
1643,-87.8105,-0.0000,0.5000,65.8269,-1.3062,-0.0479,-0.0004,-0.0030,-0.0154,-0.0063,-24.3796
1645,-87.8105,-0.0000,0.5000,65.8232,-1.3062,-0.0480,-0.0004,-0.0030,-0.0154,-0.0063,-24.3818
1647,-87.8105,-0.0000,0.5000,65.8196,-1.3062,-0.0480,-0.0004,-0.0030,-0.0153,-0.0063,-24.3839
1649,-87.8105,-0.0000,0.5000,65.8161,-1.3062,-0.0480,-0.0004,-0.0030,-0.0153,-0.0063,-24.3859
1651,-87.8105,-0.0000,0.5000,65.8127,-1.3062,-0.0480,-0.0004,-0.0030,-0.0153,-0.0063,-24.3879
1653,-87.8106,-0.0000,0.5000,65.8095,-1.3062,-0.0480,-0.0004,-0.0030,-0.0153,-0.0063,-24.3897
1655,-87.8106,-0.0000,0.5000,65.8064,-1.3062,-0.0480,-0.0004,-0.0030,-0.0152,-0.0063,-24.3915
1657,-87.8106,-0.0000,0.5000,65.8034,-1.3062,-0.0480,-0.0004,-0.0030,-0.0152,-0.0063,-24.3932
1659,-87.8106,-0.0000,0.5000,65.8005,-1.3062,-0.0480,-0.0004,-0.0030,-0.0152,-0.0063,-24.3948
1661,-87.8106,-0.0000,0.5000,65.7977,-1.3062,-0.0481,-0.0004,-0.0030,-0.0152,-0.0063,-24.3964
1663,-87.8106,-0.0000,0.5000,65.7951,-1.3062,-0.0481,-0.0004,-0.0030,-0.0151,-0.0063,-24.3978
1665,-87.8106,-0.0000,0.5000,65.7925,-1.3062,-0.0481,-0.0004,-0.0030,-0.0151,-0.0063,-24.3992
1667,-87.8106,-0.0000,0.5000,65.7901,-1.3062,-0.0481,-0.0004,-0.0030,-0.0151,-0.0063,-24.4005
1669,-87.8106,-0.0000,0.5000,65.7878,-1.3062,-0.0481,-0.0004,-0.0030,-0.0151,-0.0062,-24.4017
1671,-87.8106,-0.0000,0.5000,65.7855,-1.3062,-0.0481,-0.0004,-0.0030,-0.0150,-0.0062,-24.4029
1673,-87.8106,-0.0000,0.5000,65.7834,-1.3062,-0.0481,-0.0004,-0.0030,-0.0150,-0.0062,-24.4040
1675,-87.8106,-0.0000,0.5000,65.7814,-1.3062,-0.0481,-0.0004,-0.0030,-0.0150,-0.0062,-24.4050
1677,-87.8106,-0.0000,0.5000,65.7796,-1.3062,-0.0482,-0.0004,-0.0030,-0.0150,-0.0062,-24.4059
1679,-87.8107,-0.0000,0.5000,65.7778,-1.3062,-0.0482,-0.0004,-0.0030,-0.0149,-0.0062,-24.4067
1681,-87.8107,-0.0000,0.5000,65.7761,-1.3062,-0.0482,-0.0004,-0.0030,-0.0149,-0.0062,-24.4075
1683,-87.8107,-0.0000,0.5000,65.7745,-1.3062,-0.0482,-0.0004,-0.0030,-0.0149,-0.0062,-24.4082
1685,-87.8107,-0.0000,0.5000,65.7731,-1.3062,-0.0482,-0.0004,-0.0030,-0.0149,-0.0062,-24.4088
1687,-87.8107,-0.0000,0.5000,65.7717,-1.3062,-0.0482,-0.0004,-0.0030,-0.0148,-0.0062,-24.4094
1689,-87.8107,-0.0000,0.5000,65.7705,-1.3062,-0.0482,-0.0004,-0.0030,-0.0148,-0.0062,-24.4099
1691,-87.8107,-0.0000,0.5000,65.7693,-1.3062,-0.0482,-0.0004,-0.0030,-0.0148,-0.0062,-24.4103
1693,-87.8107,-0.0000,0.5000,65.7682,-1.3062,-0.0482,-0.0004,-0.0030,-0.0148,-0.0062,-24.4107
1695,-87.8107,-0.0000,0.5000,65.7673,-1.3062,-0.0483,-0.0004,-0.0030,-0.0148,-0.0062,-24.4109
1697,-87.8107,-0.0000,0.5000,65.7664,-1.3062,-0.0483,-0.0004,-0.0030,-0.0147,-0.0062,-24.4111
1699,-87.8107,-0.0000,0.5000,65.7657,-1.3062,-0.0483,-0.0004,-0.0030,-0.0147,-0.0062,-24.4113
1701,-87.8107,-0.0000,0.5000,65.7650,-1.3062,-0.0483,-0.0004,-0.0030,-0.0147,-0.0062,-24.4114
1703,-87.8107,-0.0000,0.5000,65.7645,-1.3062,-0.0483,-0.0004,-0.0030,-0.0147,-0.0061,-24.4114
1705,-87.8107,-0.0000,0.5000,65.7640,-1.3062,-0.0483,-0.0004,-0.0030,-0.0146,-0.0061,-24.4113
1707,-87.8107,-0.0000,0.5000,65.7636,-1.3062,-0.0483,-0.0004,-0.0030,-0.0146,-0.0061,-24.4112
1709,-87.8107,-0.0000,0.5000,65.7634,-1.3062,-0.0483,-0.0004,-0.0030,-0.0146,-0.0061,-24.4110
1711,-87.8107,-0.0000,0.5000,65.7632,-1.3062,-0.0483,-0.0004,-0.0031,-0.0146,-0.0061,-24.4107
1713,-87.8107,-0.0000,0.5000,65.7631,-1.3062,-0.0484,-0.0004,-0.0031,-0.0145,-0.0061,-24.4104
1715,-87.8107,-0.0000,0.5000,65.7631,-1.3062,-0.0484,-0.0004,-0.0031,-0.0145,-0.0061,-24.4100
1717,-87.8107,-0.0000,0.5000,65.7632,-1.3062,-0.0484,-0.0004,-0.0031,-0.0145,-0.0061,-24.4096
1719,-87.8107,-0.0000,0.5000,65.7634,-1.3062,-0.0484,-0.0004,-0.0031,-0.0145,-0.0061,-24.4091
1721,-87.8107,-0.0000,0.5000,65.7637,-1.3062,-0.0484,-0.0004,-0.0031,-0.0144,-0.0061,-24.4085
1723,-87.8107,-0.0000,0.5000,65.7640,-1.3062,-0.0484,-0.0004,-0.0031,-0.0144,-0.0061,-24.4079
1725,-87.8108,-0.0000,0.5000,65.7645,-1.3062,-0.0484,-0.0004,-0.0031,-0.0144,-0.0061,-24.4072
1727,-87.8108,-0.0000,0.5000,65.7650,-1.3062,-0.0484,-0.0004,-0.0031,-0.0144,-0.0061,-24.4064
1729,-87.8108,-0.0000,0.5000,65.7657,-1.3062,-0.0484,-0.0004,-0.0031,-0.0143,-0.0061,-24.4056
1731,-87.8108,-0.0000,0.5000,65.7664,-1.3062,-0.0485,-0.0004,-0.0031,-0.0143,-0.0061,-24.4047
1733,-87.8108,-0.0000,0.5000,65.7672,-1.3062,-0.0485,-0.0004,-0.0031,-0.0143,-0.0061,-24.4038
1735,-87.8108,-0.0000,0.5000,65.7681,-1.3062,-0.0485,-0.0004,-0.0031,-0.0143,-0.0061,-24.4028
1737,-87.8108,-0.0000,0.5000,65.7691,-1.3062,-0.0485,-0.0004,-0.0031,-0.0142,-0.0060,-24.4017
1739,-87.8108,-0.0000,0.5000,65.7701,-1.3062,-0.0485,-0.0004,-0.0031,-0.0142,-0.0060,-24.4006
1741,-87.8108,-0.0000,0.5000,65.7713,-1.3062,-0.0485,-0.0004,-0.0031,-0.0142,-0.0060,-24.3994
1743,-87.8108,-0.0000,0.5000,65.7725,-1.3062,-0.0485,-0.0004,-0.0031,-0.0142,-0.0060,-24.3982
1745,-87.8108,-0.0000,0.5000,65.7738,-1.3062,-0.0485,-0.0004,-0.0031,-0.0141,-0.0060,-24.3969
1747,-87.8108,-0.0000,0.5000,65.7752,-1.3062,-0.0485,-0.0004,-0.0031,-0.0141,-0.0060,-24.3956
1749,-87.8108,-0.0000,0.5000,65.7766,-1.3062,-0.0485,-0.0004,-0.0031,-0.0141,-0.0060,-24.3942
1751,-87.8108,-0.0000,0.5000,65.7782,-1.3062,-0.0486,-0.0004,-0.0031,-0.0141,-0.0060,-24.3927
1753,-87.8108,-0.0000,0.5000,65.7798,-1.3062,-0.0486,-0.0004,-0.0031,-0.0141,-0.0060,-24.3912
1755,-87.8108,-0.0000,0.5000,65.7815,-1.3062,-0.0486,-0.0004,-0.0031,-0.0140,-0.0060,-24.3897
1757,-87.8108,-0.0000,0.5000,65.7833,-1.3062,-0.0486,-0.0004,-0.0031,-0.0140,-0.0060,-24.3880
1759,-87.8108,0.0000,0.5000,65.7852,-1.3062,-0.0486,-0.0004,-0.0031,-0.0140,-0.0060,-24.3864
1761,-87.8108,0.0000,0.5000,65.7871,-1.3062,-0.0486,-0.0004,-0.0031,-0.0140,-0.0060,-24.3847
1763,-87.8108,0.0000,0.5000,65.7891,-1.3062,-0.0486,-0.0004,-0.0031,-0.0139,-0.0060,-24.3829
1765,-87.8108,0.0000,0.5000,65.7912,-1.3062,-0.0486,-0.0004,-0.0031,-0.0139,-0.0060,-24.3810
1767,-87.8108,0.0000,0.5000,65.7934,-1.3062,-0.0486,-0.0004,-0.0031,-0.0139,-0.0060,-24.3792
1769,-87.8108,0.0000,0.5000,65.7956,-1.3062,-0.0486,-0.0004,-0.0031,-0.0139,-0.0060,-24.3772
1771,-87.8108,0.0000,0.5000,65.7979,-1.3062,-0.0486,-0.0004,-0.0031,-0.0138,-0.0060,-24.3753
1773,-87.8108,0.0000,0.5000,65.8003,-1.3062,-0.0487,-0.0004,-0.0031,-0.0138,-0.0059,-24.3732
1775,-87.8108,0.0000,0.5000,65.8028,-1.3062,-0.0487,-0.0004,-0.0031,-0.0138,-0.0059,-24.3711
1777,-87.8108,0.0000,0.5000,65.8053,-1.3062,-0.0487,-0.0004,-0.0031,-0.0138,-0.0059,-24.3690
1779,-87.8108,0.0000,0.5000,65.8079,-1.3062,-0.0487,-0.0004,-0.0031,-0.0137,-0.0059,-24.3668
1781,-87.8108,0.0000,0.5000,65.8106,-1.3062,-0.0487,-0.0004,-0.0031,-0.0137,-0.0059,-24.3646
1783,-87.8108,0.0000,0.5000,65.8133,-1.3062,-0.0487,-0.0004,-0.0031,-0.0137,-0.0059,-24.3623
1785,-87.8108,0.0000,0.5000,65.8161,-1.3062,-0.0487,-0.0004,-0.0031,-0.0137,-0.0059,-24.3600
1787,-87.8108,0.0000,0.5000,65.8190,-1.3062,-0.0487,-0.0004,-0.0031,-0.0136,-0.0059,-24.3576
1789,-87.8108,0.0000,0.5000,65.8220,-1.3062,-0.0487,-0.0004,-0.0031,-0.0136,-0.0059,-24.3552
1791,-87.8107,0.0000,0.5000,65.8250,-1.3062,-0.0487,-0.0004,-0.0031,-0.0136,-0.0059,-24.3527
1793,-87.8107,0.0000,0.5000,65.8281,-1.3062,-0.0487,-0.0004,-0.0031,-0.0136,-0.0059,-24.3502
1795,-87.8107,0.0000,0.5000,65.8312,-1.3062,-0.0488,-0.0004,-0.0031,-0.0136,-0.0059,-24.3477
1797,-87.8107,0.0000,0.5000,65.8344,-1.3062,-0.0488,-0.0004,-0.0031,-0.0135,-0.0059,-24.3451
1799,-87.8107,0.0000,0.5000,65.8377,-1.3062,-0.0488,-0.0004,-0.0031,-0.0135,-0.0059,-24.3424
1801,-87.8107,0.0000,0.5000,65.8411,-1.3062,-0.0488,-0.0004,-0.0031,-0.0135,-0.0059,-24.3397
1803,-87.8107,0.0000,0.5000,65.8445,-1.3062,-0.0488,-0.0004,-0.0031,-0.0135,-0.0059,-24.3370
1805,-87.8107,0.0000,0.5000,65.8480,-1.3062,-0.0488,-0.0004,-0.0031,-0.0134,-0.0059,-24.3342
1807,-87.8107,0.0000,0.5000,65.8515,-1.3062,-0.0488,-0.0004,-0.0031,-0.0134,-0.0058,-24.3313
1809,-87.8107,0.0000,0.5000,65.8551,-1.3062,-0.0488,-0.0004,-0.0031,-0.0134,-0.0058,-24.3285
1811,-87.8107,0.0000,0.5000,65.8588,-1.3062,-0.0488,-0.0004,-0.0031,-0.0134,-0.0058,-24.3255
1813,-87.8107,0.0000,0.5000,65.8625,-1.3062,-0.0488,-0.0004,-0.0031,-0.0133,-0.0058,-24.3226
1815,-87.8107,0.0000,0.5000,65.8663,-1.3062,-0.0488,-0.0004,-0.0031,-0.0133,-0.0058,-24.3196
1817,-87.8107,0.0000,0.5000,65.8701,-1.3062,-0.0488,-0.0004,-0.0031,-0.0133,-0.0058,-24.3165
1819,-87.8107,0.0000,0.5000,65.8741,-1.3062,-0.0489,-0.0004,-0.0031,-0.0133,-0.0058,-24.3134
1821,-87.8107,0.0000,0.5000,65.8780,-1.3062,-0.0489,-0.0004,-0.0031,-0.0132,-0.0058,-24.3103
1823,-87.8107,0.0000,0.5000,65.8821,-1.3062,-0.0489,-0.0004,-0.0031,-0.0132,-0.0058,-24.3071
1825,-87.8107,0.0000,0.5000,65.8861,-1.3062,-0.0489,-0.0004,-0.0031,-0.0132,-0.0058,-24.3039
1827,-87.8107,0.0000,0.5000,65.8903,-1.3062,-0.0489,-0.0004,-0.0031,-0.0132,-0.0058,-24.3007
1829,-87.8107,0.0000,0.5000,65.8945,-1.3062,-0.0489,-0.0004,-0.0031,-0.0132,-0.0058,-24.2974
1831,-87.8107,0.0000,0.5000,65.8988,-1.3062,-0.0489,-0.0004,-0.0031,-0.0131,-0.0058,-24.2941
1833,-87.8107,0.0000,0.5000,65.9031,-1.3063,-0.0489,-0.0004,-0.0031,-0.0131,-0.0058,-24.2907
1835,-87.8107,0.0000,0.5000,65.9074,-1.3063,-0.0489,-0.0004,-0.0031,-0.0131,-0.0058,-24.2873
1837,-87.8107,0.0000,0.5000,65.9119,-1.3063,-0.0489,-0.0004,-0.0031,-0.0131,-0.0058,-24.2838
1839,-87.8107,0.0000,0.5000,65.9164,-1.3063,-0.0489,-0.0004,-0.0031,-0.0130,-0.0058,-24.2803
1841,-87.8107,0.0000,0.5000,65.9209,-1.3063,-0.0489,-0.0004,-0.0031,-0.0130,-0.0058,-24.2768
1843,-87.8107,0.0000,0.5000,65.9255,-1.3063,-0.0490,-0.0004,-0.0031,-0.0130,-0.0058,-24.2732
1845,-87.8107,0.0000,0.5000,65.9302,-1.3063,-0.0490,-0.0004,-0.0031,-0.0130,-0.0057,-24.2696
1847,-87.8106,0.0000,0.5000,65.9349,-1.3063,-0.0490,-0.0004,-0.0031,-0.0129,-0.0057,-24.2660
1849,-87.8106,0.0000,0.5000,65.9396,-1.3063,-0.0490,-0.0004,-0.0031,-0.0129,-0.0057,-24.2623
1851,-87.8106,0.0000,0.5000,65.9444,-1.3063,-0.0490,-0.0004,-0.0031,-0.0129,-0.0057,-24.2586
1853,-87.8106,0.0000,0.5000,65.9493,-1.3063,-0.0490,-0.0004,-0.0031,-0.0129,-0.0057,-24.2548
1855,-87.8106,0.0000,0.5000,65.9542,-1.3063,-0.0490,-0.0004,-0.0031,-0.0129,-0.0057,-24.2510
1857,-87.8106,0.0000,0.5000,65.9592,-1.3063,-0.0490,-0.0004,-0.0031,-0.0128,-0.0057,-24.2472
1859,-87.8106,0.0000,0.5000,65.9642,-1.3063,-0.0490,-0.0004,-0.0031,-0.0128,-0.0057,-24.2434
1861,-87.8106,0.0000,0.5000,65.9693,-1.3063,-0.0490,-0.0004,-0.0031,-0.0128,-0.0057,-24.2395
1863,-87.8106,0.0000,0.5000,65.9744,-1.3063,-0.0490,-0.0004,-0.0031,-0.0128,-0.0057,-24.2355
1865,-87.8106,0.0000,0.5000,65.9796,-1.3063,-0.0490,-0.0004,-0.0031,-0.0127,-0.0057,-24.2316
1867,-87.8106,0.0000,0.5000,65.9848,-1.3063,-0.0490,-0.0004,-0.0031,-0.0127,-0.0057,-24.2276
1869,-87.8106,0.0000,0.5000,65.9900,-1.3063,-0.0490,-0.0004,-0.0031,-0.0127,-0.0057,-24.2235
1871,-87.8106,0.0000,0.5000,65.9954,-1.3063,-0.0491,-0.0004,-0.0031,-0.0127,-0.0057,-24.2195
1873,-87.8106,0.0000,0.5000,66.0007,-1.3063,-0.0491,-0.0004,-0.0031,-0.0126,-0.0057,-24.2154
1875,-87.8106,0.0000,0.5000,66.0061,-1.3063,-0.0491,-0.0004,-0.0031,-0.0126,-0.0057,-24.2112
1877,-87.8106,0.0000,0.5000,66.0116,-1.3063,-0.0491,-0.0004,-0.0031,-0.0126,-0.0057,-24.2071
1879,-87.8105,0.0000,0.5000,66.0171,-1.3063,-0.0491,-0.0004,-0.0031,-0.0126,-0.0057,-24.2028
1881,-87.8105,0.0000,0.5000,66.0226,-1.3063,-0.0491,-0.0004,-0.0031,-0.0126,-0.0056,-24.1986
1883,-87.8105,0.0000,0.5000,66.0282,-1.3063,-0.0491,-0.0004,-0.0031,-0.0125,-0.0056,-24.1943
1885,-87.8105,0.0000,0.5000,66.0339,-1.3063,-0.0491,-0.0004,-0.0031,-0.0125,-0.0056,-24.1900
1887,-87.8105,0.0000,0.5000,66.0396,-1.3063,-0.0491,-0.0004,-0.0031,-0.0125,-0.0056,-24.1857
1889,-87.8105,0.0000,0.5000,66.0453,-1.3063,-0.0491,-0.0004,-0.0031,-0.0125,-0.0056,-24.1814
1891,-87.8105,0.0000,0.5000,66.0511,-1.3063,-0.0491,-0.0004,-0.0031,-0.0124,-0.0056,-24.1770
1893,-87.8105,0.0000,0.5000,66.0569,-1.3063,-0.0491,-0.0004,-0.0031,-0.0124,-0.0056,-24.1725
1895,-87.8105,0.0000,0.5000,66.0628,-1.3063,-0.0491,-0.0004,-0.0031,-0.0124,-0.0056,-24.1681
1897,-87.8105,0.0000,0.5000,66.0687,-1.3063,-0.0491,-0.0004,-0.0031,-0.0124,-0.0056,-24.1636
1899,-87.8105,0.0000,0.5000,66.0746,-1.3063,-0.0492,-0.0004,-0.0031,-0.0124,-0.0056,-24.1591
1901,-87.8105,0.0000,0.5000,66.0806,-1.3063,-0.0492,-0.0004,-0.0031,-0.0123,-0.0056,-24.1545
1903,-87.8105,0.0000,0.5000,66.0867,-1.3063,-0.0492,-0.0004,-0.0031,-0.0123,-0.0056,-24.1500
1905,-87.8105,0.0000,0.5000,66.0927,-1.3064,-0.0492,-0.0004,-0.0031,-0.0123,-0.0056,-24.1453
1907,-87.8104,0.0000,0.5000,66.0989,-1.3064,-0.0492,-0.0004,-0.0031,-0.0123,-0.0056,-24.1407
1909,-87.8104,0.0000,0.5000,66.1050,-1.3064,-0.0492,-0.0004,-0.0031,-0.0122,-0.0056,-24.1360
1911,-87.8104,0.0000,0.5000,66.1112,-1.3064,-0.0492,-0.0004,-0.0031,-0.0122,-0.0056,-24.1314
1913,-87.8104,0.0000,0.5000,66.1175,-1.3064,-0.0492,-0.0004,-0.0031,-0.0122,-0.0056,-24.1266
1915,-87.8104,0.0000,0.5000,66.1238,-1.3064,-0.0492,-0.0004,-0.0031,-0.0122,-0.0056,-24.1219
1917,-87.8104,0.0000,0.5000,66.1301,-1.3064,-0.0492,-0.0004,-0.0031,-0.0122,-0.0056,-24.1171
1919,-87.8104,0.0000,0.5000,66.1364,-1.3064,-0.0492,-0.0004,-0.0031,-0.0121,-0.0055,-24.1123
1921,-87.8104,0.0000,0.5000,66.1428,-1.3064,-0.0492,-0.0004,-0.0031,-0.0121,-0.0055,-24.1075
1923,-87.8104,0.0000,0.5000,66.1493,-1.3064,-0.0492,-0.0004,-0.0031,-0.0121,-0.0055,-24.1026
1925,-87.8104,0.0000,0.5000,66.1558,-1.3064,-0.0492,-0.0004,-0.0031,-0.0121,-0.0055,-24.0977
1927,-87.8104,0.0000,0.5000,66.1623,-1.3064,-0.0492,-0.0004,-0.0031,-0.0120,-0.0055,-24.0928
1929,-87.8104,0.0000,0.5000,66.1688,-1.3064,-0.0493,-0.0004,-0.0031,-0.0120,-0.0055,-24.0878
1931,-87.8104,0.0000,0.5000,66.1754,-1.3064,-0.0493,-0.0004,-0.0031,-0.0120,-0.0055,-24.0829
1933,-87.8103,0.0000,0.5000,66.1821,-1.3064,-0.0493,-0.0004,-0.0031,-0.0120,-0.0055,-24.0779
1935,-87.8103,0.0000,0.5000,66.1887,-1.3064,-0.0493,-0.0004,-0.0031,-0.0120,-0.0055,-24.0729
1937,-87.8103,0.0000,0.5000,66.1954,-1.3064,-0.0493,-0.0004,-0.0031,-0.0119,-0.0055,-24.0678
1939,-87.8103,0.0000,0.5000,66.2022,-1.3064,-0.0493,-0.0004,-0.0031,-0.0119,-0.0055,-24.0627
1941,-87.8103,0.0000,0.5000,66.2089,-1.3064,-0.0493,-0.0004,-0.0031,-0.0119,-0.0055,-24.0576
1943,-87.8103,0.0000,0.5000,66.2157,-1.3064,-0.0493,-0.0004,-0.0031,-0.0119,-0.0055,-24.0525
1945,-87.8103,0.0000,0.5000,66.2226,-1.3064,-0.0493,-0.0004,-0.0031,-0.0118,-0.0055,-24.0474
1947,-87.8103,0.0000,0.5000,66.2295,-1.3064,-0.0493,-0.0004,-0.0031,-0.0118,-0.0055,-24.0422
1949,-87.8103,0.0000,0.5000,66.2364,-1.3064,-0.0493,-0.0004,-0.0031,-0.0118,-0.0055,-24.0370
1951,-87.8103,0.0000,0.5000,66.2433,-1.3064,-0.0493,-0.0004,-0.0031,-0.0118,-0.0055,-24.0318
1953,-87.8103,0.0000,0.5000,66.2503,-1.3064,-0.0493,-0.0004,-0.0031,-0.0118,-0.0055,-24.0265
1955,-87.8102,0.0000,0.5000,66.2573,-1.3064,-0.0493,-0.0004,-0.0031,-0.0117,-0.0055,-24.0213
1957,-87.8102,0.0000,0.5000,66.2644,-1.3064,-0.0493,-0.0004,-0.0031,-0.0117,-0.0054,-24.0160
1959,-87.8102,0.0000,0.5000,66.2715,-1.3064,-0.0493,-0.0004,-0.0031,-0.0117,-0.0054,-24.0106
1961,-87.8102,0.0000,0.5000,66.2786,-1.3064,-0.0494,-0.0004,-0.0031,-0.0117,-0.0054,-24.0053
1963,-87.8102,0.0000,0.5000,66.2857,-1.3064,-0.0494,-0.0004,-0.0031,-0.0116,-0.0054,-23.9999
1965,-87.8102,0.0000,0.5000,66.2929,-1.3065,-0.0494,-0.0004,-0.0031,-0.0116,-0.0054,-23.9945
1967,-87.8102,0.0000,0.5000,66.3001,-1.3065,-0.0494,-0.0004,-0.0031,-0.0116,-0.0054,-23.9891
1969,-87.8102,0.0000,0.5000,66.3074,-1.3065,-0.0494,-0.0004,-0.0031,-0.0116,-0.0054,-23.9837
1971,-87.8102,0.0000,0.5000,66.3146,-1.3065,-0.0494,-0.0004,-0.0031,-0.0116,-0.0054,-23.9782
1973,-87.8102,0.0000,0.5000,66.3219,-1.3065,-0.0494,-0.0004,-0.0031,-0.0115,-0.0054,-23.9728
1975,-87.8101,0.0000,0.5000,66.3293,-1.3065,-0.0494,-0.0004,-0.0031,-0.0115,-0.0054,-23.9673
1977,-87.8101,0.0000,0.5000,66.3366,-1.3065,-0.0494,-0.0004,-0.0031,-0.0115,-0.0054,-23.9617
1979,-87.8101,0.0000,0.5000,66.3440,-1.3065,-0.0494,-0.0004,-0.0031,-0.0115,-0.0054,-23.9562
1981,-87.8101,0.0000,0.5000,66.3515,-1.3065,-0.0494,-0.0004,-0.0031,-0.0115,-0.0054,-23.9506
1983,-87.8101,0.0000,0.5000,66.3589,-1.3065,-0.0494,-0.0004,-0.0031,-0.0114,-0.0054,-23.9450
1985,-87.8101,0.0000,0.5000,66.3664,-1.3065,-0.0494,-0.0004,-0.0030,-0.0114,-0.0054,-23.9394
1987,-87.8101,0.0000,0.5000,66.3739,-1.3065,-0.0494,-0.0004,-0.0030,-0.0114,-0.0054,-23.9338
1989,-87.8101,0.0000,0.5000,66.3815,-1.3065,-0.0494,-0.0004,-0.0030,-0.0114,-0.0054,-23.9282
1991,-87.8101,0.0000,0.5000,66.3890,-1.3065,-0.0494,-0.0004,-0.0030,-0.0114,-0.0054,-23.9225
1993,-87.8101,0.0000,0.5000,66.3966,-1.3065,-0.0494,-0.0004,-0.0030,-0.0113,-0.0054,-23.9168
1995,-87.8100,0.0000,0.5000,66.4043,-1.3065,-0.0494,-0.0004,-0.0030,-0.0113,-0.0054,-23.9111
1997,-87.8100,0.0000,0.5000,66.4119,-1.3065,-0.0495,-0.0004,-0.0030,-0.0113,-0.0053,-23.9054
1999,-87.8100,0.0000,0.5000,66.4196,-1.3065,-0.0495,-0.0004,-0.0030,-0.0113,-0.0053,-23.8996
2001,-87.8100,0.0000,0.5000,66.4273,-1.3065,-0.0495,-0.0004,-0.0030,-0.0112,-0.0053,-23.8938
2003,-87.8100,0.0000,0.5000,66.4350,-1.3065,-0.0495,-0.0004,-0.0030,-0.0112,-0.0053,-23.8880
2005,-87.8100,0.0000,0.5000,66.4428,-1.3065,-0.0495,-0.0004,-0.0030,-0.0112,-0.0053,-23.8851
2007,-87.8100,0.0000,0.5000,66.4506,-1.3065,-0.0495,-0.0004,-0.0030,-0.0112,-0.0053,-23.8793
2009,-87.8100,0.0000,0.5000,66.4584,-1.3065,-0.0495,-0.0004,-0.0030,-0.0112,-0.0053,-23.8735
2011,-48.3616,78.8965,0.5000,66.4656,-792.0113,-7.5644,-0.1757,4.4036,6.6369,0.0166,393.3166
2013,20.8523,11.2648,0.5000,66.6849,-3778.5989,-82.1602,-7005.3771,719.2693,13.0298,0.8608,0.7349
2015,33.0417,3.1309,0.5000,80.9759,-784.4917,-60.8212,-3727.4163,1846.5085,33.3439,3.5399,0.2289
2017,33.6170,-0.6914,0.5000,151.1329,-240.8439,-59.3624,-1292.8471,1892.9258,57.4913,6.9841,0.2187
2019,32.7156,-0.1285,0.5000,265.4511,-93.3604,-60.0286,-1822.6091,1585.7921,73.8993,10.2298,0.2381
2021,33.2920,0.4698,0.5000,380.0470,-36.5407,-58.7294,-2186.5637,1304.2197,84.4896,13.6829,0.2246
2023,34.5178,0.6700,0.5000,481.0698,-15.0216,-56.7100,-2268.8022,1108.8371,89.9834,17.1915,0.1998
2025,36.0176,0.7585,0.5000,555.2925,-5.6078,-54.2729,-2311.3081,954.3116,92.6616,21.3051,0.1714
2027,37.3798,0.6269,0.5000,606.9629,-2.2443,-52.2281,-2164.5427,845.1342,93.2027,25.3547,0.1508
2029,38.4531,0.4852,0.5000,645.8455,-0.8739,-50.5118,-2006.6021,753.1083,92.7577,29.6993,0.1361
2031,39.2747,0.3696,0.5000,676.0248,-0.3113,-49.0156,-1856.0201,669.1763,91.7153,34.6012,0.1250
2033,39.8975,0.2793,0.5000,699.7394,-0.1226,-47.9284,-1740.5819,604.9902,90.5509,39.1229,0.1180
2035,40.3655,0.2089,0.5000,718.4119,-0.0481,-47.0306,-1641.0687,549.4704,89.3080,43.7158,0.1129
2037,40.7120,0.1534,0.5000,733.0327,-0.0172,-46.2142,-1546.4514,496.6008,87.9371,48.8113,0.1090
2039,40.9619,0.1091,0.5000,744.3333,-0.0069,-45.6046,-1472.4677,455.3275,86.7514,53.3746,0.1066
2041,41.1340,0.0731,0.5000,752.8766,-0.0028,-45.0836,-1406.3257,418.5883,85.6197,57.9417,0.1049
2043,41.2425,0.0436,0.5000,759.1075,-0.0008,-44.4985,-1327.9681,375.3955,84.2104,64.0137,0.1036
2045,41.2984,0.0191,0.5000,763.3862,-0.0004,-44.1855,-1283.8292,351.2934,83.3925,67.7769,0.1033
2047,41.3105,-0.0014,0.5000,766.0084,-0.0002,-43.8565,-1235.4378,325.1170,82.4829,72.2065,0.1032
2049,41.2853,-0.0189,0.5000,767.2201,-0.0001,-43.5099,-1181.7854,296.4676,81.4664,77.5097,0.1035
2051,41.2282,-0.0340,0.5000,767.2277,-0.0000,-43.2664,-1142.1569,275.6101,80.7151,81.7049,0.1041
2053,41.1437,-0.0470,0.5000,766.2058,-0.0000,-42.9703,-1091.4443,249.3672,79.7588,87.4355,0.1052
2055,41.0350,-0.0585,0.5000,764.3026,-0.0000,-42.8235,-1065.1193,235.9716,79.2668,90.5768,0.1060
2057,40.9052,-0.0686,0.5000,761.6451,-0.0000,-42.6238,-1027.8385,217.3032,78.5771,95.2284,0.1074
2059,40.7564,-0.0777,0.5000,758.3420,-0.0000,-42.4456,-992.9530,200.1896,77.9410,99.8041,0.1091
2061,40.5907,-0.0858,0.5000,754.4871,-0.0000,-42.2859,-960.2236,184.4811,77.3538,104.3008,0.1110
2063,40.4097,-0.0932,0.5000,750.1613,-0.0000,-42.1425,-929.4487,170.0480,76.8110,108.7160,0.1131
2065,40.2147,-0.1000,0.5000,745.4346,-0.0000,-42.0133,-900.4562,156.7769,76.3086,113.0478,0.1154
2067,40.0069,-0.1062,0.5000,740.3679,-0.0000,-41.8966,-873.0975,144.5675,75.8429,117.2948,0.1179
2069,39.7874,-0.1119,0.5000,735.0137,-0.0000,-41.8197,-854.3850,136.4040,75.5292,120.2918,0.1198
2071,39.5570,-0.1171,0.5000,729.4182,-0.0000,-41.6813,-819.1165,121.4596,74.9484,126.1517,0.1240
2073,39.3166,-0.1220,0.5000,723.6216,-0.0000,-41.6189,-802.4865,114.6266,74.6794,129.0144,0.1262
2075,39.0668,-0.1266,0.5000,717.6589,-0.0000,-41.5606,-786.4793,108.1851,74.4231,131.8321,0.1286
2077,38.8082,-0.1308,0.5000,711.5605,-0.0000,-41.4549,-756.2107,96.3863,73.9457,137.3325,0.1336
2079,38.5415,-0.1348,0.5000,705.3531,-0.0000,-41.4069,-741.8939,90.9880,73.7228,140.0156,0.1362
2081,38.2672,-0.1385,0.5000,699.0600,-0.0000,-41.3618,-728.0880,85.8983,73.5095,142.6540,0.1390
2083,37.9858,-0.1420,0.5000,692.7016,-0.0000,-41.3058,-710.4668,79.5730,73.2393,146.0964,0.1429
2085,37.6977,-0.1453,0.5000,686.2958,-0.0000,-41.2539,-693.6570,73.7235,72.9833,149.4608,0.1470
2087,37.4033,-0.1483,0.5000,679.8584,-0.0000,-41.2057,-677.6108,68.3137,72.7402,152.7479,0.1512
2089,37.1032,-0.1511,0.5000,673.4030,-0.0000,-41.1606,-662.2845,63.3103,72.5086,155.9586,0.1557
2091,36.7975,-0.1538,0.5000,666.9416,-0.0000,-41.1182,-647.6375,58.6830,72.2874,159.0939,0.1604
2093,36.4868,-0.1563,0.5000,660.4847,-0.0000,-41.0781,-633.6320,54.4032,72.0756,162.1548,0.1654
2095,36.1713,-0.1586,0.5000,654.0413,-0.0000,-41.0400,-620.2332,50.4446,71.8722,165.1423,0.1705
2097,35.8514,-0.1607,0.5000,647.6196,-0.0000,-41.0034,-607.4085,46.7828,71.6763,168.0576,0.1759
2099,35.5274,-0.1627,0.5000,641.2264,-0.0000,-40.9680,-595.1277,43.3955,71.4869,170.9019,0.1815
2101,35.1997,-0.1646,0.5000,634.8679,-0.0000,-40.9336,-583.3623,40.2622,71.3036,173.6766,0.1874
2103,34.8684,-0.1662,0.5000,628.5493,-0.0000,-40.8998,-572.0859,37.3634,71.1261,176.3828,0.1936
2105,34.5340,-0.1678,0.5000,622.2750,-0.0000,-40.8662,-561.2745,34.6813,70.9529,179.0219,0.2000
2107,34.1966,-0.1692,0.5000,616.0491,-0.0000,-40.8331,-550.9878,32.2192,70.7851,181.5744,0.2066
2109,33.8566,-0.1705,0.5000,609.8749,-0.0000,-40.7980,-540.6225,29.8282,70.6124,184.1887,0.2138
2111,33.5141,-0.1716,0.5000,603.7552,-0.0000,-40.7542,-528.4458,27.1358,70.4045,187.3156,0.2232
2113,33.1695,-0.1727,0.5000,597.6927,-0.0000,-40.7201,-519.6202,25.2641,70.2497,189.6210,0.2306
2115,32.8230,-0.1736,0.5000,591.6892,-0.0000,-40.6734,-508.3564,22.9737,70.0463,192.6127,0.2409
2117,32.4747,-0.1744,0.5000,585.7465,-0.0000,-40.6431,-501.5999,21.6529,69.9207,194.4346,0.2476
2119,32.1250,-0.1751,0.5000,579.8662,-0.0000,-40.6121,-495.0581,20.4126,69.7962,196.2188,0.2546
2121,31.7740,-0.1757,0.5000,574.0492,-0.0000,-40.5801,-488.7228,19.2476,69.6726,197.9662,0.2618
2123,31.4220,-0.1762,0.5000,568.2967,-0.0000,-40.5052,-475.3144,16.8998,69.4001,201.7299,0.2785
2125,31.0691,-0.1766,0.5000,562.6093,-0.0000,-40.4614,-468.3185,15.7387,69.2512,203.7304,0.2882
2127,30.7154,-0.1769,0.5000,556.9875,-0.0000,-40.4159,-461.5867,14.6629,69.1031,205.6803,0.2983
2129,30.3613,-0.1771,0.5000,551.4317,-0.0000,-40.3683,-455.1073,13.6660,68.9555,207.5809,0.3087
2131,30.0069,-0.1773,0.5000,545.9422,-0.0000,-40.3187,-448.8695,12.7419,68.8083,209.4335,0.3195
2133,29.6522,-0.1773,0.5000,540.5190,-0.0000,-40.2670,-442.8629,11.8851,68.6613,211.2394,0.3306
2135,29.2976,-0.1773,0.5000,535.1622,-0.0000,-40.2130,-437.0780,11.0908,68.5144,212.9998,0.3422
2137,28.9431,-0.1772,0.5000,529.8715,-0.0000,-40.1568,-431.5052,10.3540,68.3678,214.7161,0.3541
2139,28.5888,-0.1771,0.5000,524.6469,-0.0000,-40.0982,-426.1359,9.6706,68.2213,216.3893,0.3664
2141,28.2349,-0.1768,0.5000,519.4881,-0.0000,-40.0608,-422.9139,9.2729,68.1307,217.4029,0.3743
2143,27.8816,-0.1766,0.5000,514.3946,-0.0000,-40.0224,-419.7647,8.8932,68.0400,218.4008,0.3823
2145,27.5289,-0.1762,0.5000,509.3662,-0.0000,-39.9430,-413.6768,8.1842,67.8586,220.3505,0.3987
2147,27.1770,-0.1758,0.5000,504.4023,-0.0000,-39.8597,-407.8583,7.5374,67.6768,222.2405,0.4158
2149,26.8259,-0.1754,0.5000,499.5025,-0.0000,-39.8166,-405.0459,7.2355,67.5859,223.1637,0.4246
2151,26.4758,-0.1749,0.5000,494.6662,-0.0000,-39.7276,-399.6070,6.6715,67.4038,224.9680,0.4427
2153,26.1268,-0.1743,0.5000,489.8928,-0.0000,-39.6816,-396.9775,6.4082,67.3126,225.8495,0.4520
2155,25.7789,-0.1737,0.5000,485.1817,-0.0000,-39.5868,-391.8913,5.9158,67.1300,227.5724,0.4712
2157,25.4322,-0.1731,0.5000,480.5324,-0.0000,-39.5038,-387.7742,5.5337,66.9758,228.9850,0.4879
2159,25.0868,-0.1724,0.5000,475.9441,-0.0000,-39.4332,-384.4878,5.2392,66.8482,230.1247,0.5021
2161,24.7429,-0.1717,0.5000,471.4163,-0.0000,-39.3607,-381.3014,4.9624,66.7204,231.2405,0.5167
2163,24.4003,-0.1710,0.5000,466.9481,-0.0000,-39.2706,-377.5829,4.6503,66.5660,232.5566,0.5347
2165,24.0593,-0.1702,0.5000,462.5390,-0.0000,-39.1869,-374.3354,4.3872,66.4261,233.7191,0.5515
2167,23.7199,-0.1694,0.5000,458.1881,-0.0000,-39.0951,-370.9906,4.1254,66.2767,234.9297,0.5699
2169,23.3821,-0.1686,0.5000,453.8949,-0.0000,-39.0032,-367.8401,3.8873,66.1307,236.0830,0.5884
2171,23.0459,-0.1677,0.5000,449.6585,-0.0000,-38.9053,-364.6858,3.6571,65.9791,237.2512,0.6081
2173,22.7115,-0.1669,0.5000,445.4783,-0.0000,-38.8098,-361.7878,3.4526,65.8346,238.3369,0.6273
2175,22.3789,-0.1660,0.5000,441.3535,-0.0000,-38.7017,-358.6999,3.2422,65.6748,239.5079,0.6492
2177,22.0481,-0.1651,0.5000,437.2834,-0.0000,-38.5962,-355.8685,3.0559,65.5225,240.5952,0.6705
2179,21.7192,-0.1641,0.5000,433.2672,-0.0000,-38.4356,-351.8595,2.8027,65.2969,242.1580,0.7033
2181,21.3921,-0.1632,0.5000,429.3042,-0.0000,-38.3265,-349.3258,2.6492,65.1474,243.1623,0.7257
2183,21.0670,-0.1622,0.5000,425.3939,-0.0000,-38.2151,-346.8796,2.5055,64.9979,244.1431,0.7486
2185,20.7438,-0.1612,0.5000,421.5354,-0.0000,-38.1015,-344.5225,2.3714,64.8485,245.1006,0.7721
2187,20.4226,-0.1602,0.5000,417.7280,-0.0000,-37.9858,-342.2519,2.2461,64.6991,246.0355,0.7963
2189,20.1034,-0.1592,0.5000,413.9709,-0.0000,-37.8681,-340.0648,2.1289,64.5499,246.9482,0.8209
2191,19.7863,-0.1582,0.5000,410.2636,-0.0000,-37.7483,-337.9583,2.0194,64.4008,247.8394,0.8462
2193,19.4712,-0.1572,0.5000,406.6052,-0.0000,-37.6266,-335.9300,1.9169,64.2518,248.7096,0.8721
2195,19.1582,-0.1561,0.5000,402.9951,-0.0000,-37.5029,-333.9775,1.8210,64.1030,249.5592,0.8986
2197,18.8472,-0.1551,0.5000,399.4326,-0.0000,-37.3773,-332.0985,1.7313,63.9545,250.3887,0.9257
2199,18.5384,-0.1540,0.5000,395.9170,-0.0000,-37.2499,-330.2908,1.6472,63.8062,251.1985,0.9534
2201,18.2317,-0.1530,0.5000,392.4477,-0.0000,-37.1207,-328.5522,1.5685,63.6581,251.9892,0.9817
2203,17.9271,-0.1519,0.5000,389.0239,-0.0000,-36.9897,-326.8805,1.4948,63.5104,252.7611,1.0107
2205,17.6247,-0.1508,0.5000,385.6451,-0.0000,-36.8571,-325.2736,1.4257,63.3629,253.5146,1.0403
2207,17.3244,-0.1497,0.5000,382.3105,-0.0000,-36.7228,-323.7295,1.3609,63.2158,254.2501,1.0705
2209,17.0262,-0.1487,0.5000,379.0195,-0.0000,-36.5869,-322.2460,1.3002,63.0691,254.9680,1.1014
2211,16.7303,-0.1476,0.5000,375.7715,-0.0000,-36.4494,-320.8211,1.2432,62.9228,255.6685,1.1329
2213,16.4365,-0.1465,0.5000,372.5659,-0.0000,-36.3104,-319.4528,1.1898,62.7769,256.3522,1.1650
2215,16.1448,-0.1454,0.5000,369.4020,-0.0000,-36.1700,-318.1390,1.1397,62.6315,257.0191,1.1979
2217,15.8553,-0.1443,0.5000,366.2793,-0.0000,-36.0282,-316.8779,1.0927,62.4865,257.6698,1.2313
2219,15.5680,-0.1433,0.5000,363.1970,-0.0000,-35.8850,-315.6673,1.0486,62.3420,258.3044,1.2655
2221,15.2828,-0.1422,0.5000,360.1547,-0.0000,-35.7405,-314.5053,1.0070,62.1981,258.9232,1.3003
2223,14.9997,-0.1411,0.5000,357.1518,-0.0000,-35.5948,-313.3898,0.9676,62.0546,259.5265,1.3358
2225,14.7188,-0.1401,0.5000,354.1876,-0.0000,-35.5080,-312.7508,0.9450,61.9700,259.8763,1.3571
2227,14.4400,-0.1390,0.5000,351.2616,-0.0000,-35.3332,-311.5179,0.8999,61.8013,260.5600,1.4005
2229,14.1634,-0.1379,0.5000,348.3732,-0.0000,-35.2452,-310.9231,0.8762,61.7173,260.8940,1.4225
2231,13.8888,-0.1369,0.5000,345.5220,-0.0000,-35.0357,-309.5725,0.8169,61.5196,261.6628,1.4755
2233,13.6164,-0.1358,0.5000,342.7072,-0.0000,-34.8950,-308.7124,0.7775,61.3885,262.1596,1.5116
2235,13.3461,-0.1348,0.5000,339.9285,-0.0000,-34.7534,-307.8826,0.7398,61.2579,262.6441,1.5483
2237,13.0778,-0.1337,0.5000,337.1852,-0.0000,-34.6405,-307.2446,0.7115,61.1547,263.0198,1.5779
2239,12.8116,-0.1327,0.5000,334.4769,-0.0000,-34.4131,-306.0198,0.6597,60.9493,263.7484,1.6382
2241,12.5474,-0.1317,0.5000,331.8030,-0.0000,-34.2584,-305.2277,0.6281,60.8113,264.2237,1.6798
2243,12.2852,-0.1307,0.5000,329.1631,-0.0000,-34.1029,-304.4624,0.5988,60.6739,264.6854,1.7222
2245,12.0249,-0.1298,0.5000,326.5566,-0.0000,-33.9467,-303.7218,0.5720,60.5373,265.1334,1.7653
2247,11.7666,-0.1288,0.5000,323.9830,-0.0000,-33.7899,-303.0040,0.5473,60.4013,265.5679,1.8091
2249,11.5102,-0.1279,0.5000,321.4419,-0.0000,-33.6324,-302.3068,0.5247,60.2661,265.9890,1.8537
2251,11.2556,-0.1269,0.5000,318.9327,-0.0000,-33.4743,-301.6285,0.5039,60.1315,266.3966,1.8990
2253,11.0029,-0.1260,0.5000,316.4551,-0.0000,-33.3158,-300.9668,0.4848,59.9977,266.7910,1.9451
2255,10.7520,-0.1251,0.5000,314.0085,-0.0000,-33.1568,-300.3199,0.4673,59.8646,267.1720,1.9920
2257,10.5028,-0.1243,0.5000,311.5925,-0.0000,-32.9973,-299.6857,0.4514,59.7321,267.5398,2.0396
2259,10.2554,-0.1234,0.5000,309.2066,-0.0000,-32.8375,-299.0623,0.4369,59.6004,267.8942,2.0880
2261,10.0096,-0.1226,0.5000,306.8505,-0.0000,-32.6773,-298.4477,0.4237,59.4695,268.2355,2.1373
2263,9.7654,-0.1218,0.5000,304.5236,-0.0000,-32.5169,-297.8399,0.4118,59.3392,268.5634,2.1873
2265,9.5229,-0.1210,0.5000,302.2255,-0.0000,-32.3563,-297.2369,0.4010,59.2096,268.8781,2.2382
2267,9.2818,-0.1202,0.5000,299.9559,-0.0000,-32.1954,-296.6367,0.3913,59.0807,269.1794,2.2899
2269,9.0423,-0.1195,0.5000,297.7142,-0.0000,-32.0344,-296.0374,0.3826,58.9525,269.4673,2.3424
2271,8.8042,-0.1188,0.5000,295.5001,-0.0000,-31.8733,-295.4371,0.3748,58.8249,269.7418,2.3958
2273,8.5674,-0.1181,0.5000,293.3133,-0.0000,-31.7122,-294.8336,0.3680,58.6980,270.0027,2.4501
2275,8.3320,-0.1175,0.5000,291.1532,-0.0000,-31.5510,-294.2251,0.3620,58.5718,270.2501,2.5054
2277,8.0979,-0.1168,0.5000,289.0195,-0.0000,-31.3899,-293.6097,0.3568,58.4462,270.4837,2.5615
2279,7.8650,-0.1162,0.5000,286.9118,-0.0000,-31.2289,-292.9853,0.3523,58.3213,270.7036,2.6186
2281,7.6333,-0.1157,0.5000,284.8298,-0.0000,-31.0680,-292.3499,0.3486,58.1970,270.9095,2.6766
2283,7.4027,-0.1151,0.5000,282.7730,-0.0000,-30.9072,-291.7016,0.3455,58.0732,271.1013,2.7357
2285,7.1731,-0.1146,0.5000,280.7411,-0.0000,-30.7467,-291.0385,0.3430,57.9500,271.2790,2.7958
2287,6.9445,-0.1141,0.5000,278.7337,-0.0000,-30.5863,-290.3585,0.3411,57.8274,271.4423,2.8569
2289,6.7168,-0.1137,0.5000,276.7506,-0.0000,-30.4263,-289.6595,0.3398,57.7053,271.5910,2.9190
2291,6.4900,-0.1133,0.5000,274.7912,-0.0000,-30.2666,-288.9397,0.3391,57.5838,271.7251,2.9823
2293,6.2640,-0.1129,0.5000,272.8553,-0.0000,-30.1072,-288.1968,0.3388,57.4627,271.8442,3.0468
2295,6.0386,-0.1125,0.5000,270.9426,-0.0000,-29.9483,-287.4290,0.3391,57.3421,271.9482,3.1124
2297,5.8139,-0.1122,0.5000,269.0527,-0.0000,-29.7898,-286.6340,0.3398,57.2220,272.0369,3.1792
2299,5.5898,-0.1120,0.5000,267.1852,-0.0000,-29.6317,-285.8097,0.3410,57.1022,272.1100,3.2472
2301,5.3662,-0.1117,0.5000,265.3399,-0.0000,-29.4742,-284.9540,0.3426,56.9829,272.1672,3.3166
2303,5.1429,-0.1115,0.5000,263.5164,-0.0000,-29.3172,-284.0646,0.3447,56.8639,272.2084,3.3873
2305,4.9200,-0.1114,0.5000,261.7145,-0.0000,-29.1609,-283.1394,0.3471,56.7452,272.2332,3.4594
2307,4.6974,-0.1113,0.5000,259.9338,-0.0000,-29.0051,-282.1759,0.3499,56.6268,272.2413,3.5330
2309,4.4749,-0.1112,0.5000,258.1740,-0.0000,-28.8500,-281.1720,0.3532,56.5087,272.2324,3.6080
2311,4.2525,-0.1112,0.5000,256.4348,-0.0000,-28.6956,-280.1250,0.3567,56.3908,272.2063,3.6846
2313,4.0301,-0.1112,0.5000,254.7159,-0.0000,-28.5419,-279.0327,0.3607,56.2731,272.1625,3.7628
2315,3.8076,-0.1113,0.5000,253.0171,-0.0000,-28.3890,-277.8924,0.3650,56.1556,272.1006,3.8427
2317,3.5849,-0.1114,0.5000,251.3380,-0.0000,-28.2369,-276.7015,0.3697,56.0382,272.0204,3.9244
2319,3.3619,-0.1116,0.5000,249.6783,-0.0000,-28.0856,-275.4573,0.3747,55.9208,271.9214,4.0079
2321,3.1385,-0.1118,0.5000,248.0379,-0.0000,-27.9352,-274.1571,0.3801,55.8034,271.8032,4.0934
2323,2.9146,-0.1121,0.5000,246.4163,-0.0000,-27.7857,-272.7980,0.3858,55.6861,271.6654,4.1808
2325,2.6901,-0.1124,0.5000,244.8134,-0.0000,-27.6371,-271.3771,0.3919,55.5687,271.5074,4.2704
2327,2.4649,-0.1128,0.5000,243.2289,-0.0000,-27.4895,-269.8914,0.3983,55.4511,271.3288,4.3622
2329,2.2388,-0.1132,0.5000,241.6626,-0.0000,-27.3429,-268.3377,0.4050,55.3334,271.1292,4.4563
2331,2.0118,-0.1137,0.5000,240.1141,-0.0000,-27.1973,-266.7128,0.4121,55.2155,270.9079,4.5528
2333,1.7838,-0.1142,0.5000,238.5832,-0.0000,-27.0529,-265.0135,0.4195,55.0973,270.6644,4.6519
2335,1.5545,-0.1149,0.5000,237.0697,-0.0000,-26.9095,-263.2364,0.4273,54.9788,270.3982,4.7537
2337,1.3239,-0.1156,0.5000,235.5734,-0.0000,-26.7673,-261.3780,0.4355,54.8599,270.1087,4.8583
2339,1.0919,-0.1163,0.5000,234.0939,-0.0000,-26.6262,-259.4349,0.4440,54.7405,269.7951,4.9658
2341,0.8583,-0.1171,0.5000,232.6311,-0.0000,-26.4864,-257.4035,0.4529,54.6206,269.4568,5.0766
2343,0.6229,-0.1180,0.5000,231.1847,-0.0000,-26.3478,-255.2801,0.4622,54.5002,269.0933,5.1906
2345,0.3856,-0.1190,0.5000,229.7545,-0.0000,-26.2105,-253.0612,0.4719,54.3790,268.7036,5.3081
2347,0.1463,-0.1201,0.5000,228.3403,-0.0000,-26.0745,-250.7433,0.4820,54.2571,268.2871,5.4294
2349,-0.0953,-0.1212,0.5000,226.9418,-0.0000,-25.9399,-248.3228,0.4925,54.1344,267.8430,5.5546
2351,-0.3391,-0.1224,0.5000,225.5588,-0.0000,-25.8066,-245.7963,0.5034,54.0109,267.3706,5.6839
2353,-0.5856,-0.1237,0.5000,224.1911,-0.0000,-25.6748,-243.1606,0.5148,53.8863,266.8689,5.8176
2355,-0.8347,-0.1251,0.5000,222.8385,-0.0000,-25.5444,-240.4124,0.5267,53.7607,266.3370,5.9559
2357,-1.0867,-0.1266,0.5000,221.5008,-0.0000,-25.4155,-237.5489,0.5391,53.6340,265.7742,6.0992
2359,-1.3417,-0.1281,0.5000,220.1777,-0.0000,-25.2881,-234.5682,0.5520,53.5059,265.1795,6.2478
2361,-1.6000,-0.1298,0.5000,218.8691,-0.0000,-25.1623,-231.4679,0.5655,53.3766,264.5520,6.4018
2363,-1.8617,-0.1315,0.5000,217.5748,-0.0000,-25.0380,-228.2466,0.5795,53.2458,263.8907,6.5618
2365,-2.1270,-0.1333,0.5000,216.2944,-0.0000,-24.9154,-224.9044,0.5941,53.1134,263.1946,6.7280
2367,-2.3960,-0.1352,0.5000,215.0279,-0.0000,-24.7943,-221.4408,0.6093,52.9794,262.4628,6.9008
2369,-2.6690,-0.1373,0.5000,213.7750,-0.0000,-24.6749,-217.8578,0.6252,52.8436,261.6943,7.0807
2371,-2.9461,-0.1393,0.5000,212.5355,-0.0000,-24.5572,-214.1578,0.6418,52.7060,260.8882,7.2680
2373,-3.2275,-0.1415,0.5000,211.3092,-0.0000,-24.4412,-210.3451,0.6592,52.5663,260.0435,7.4633
2375,-3.5133,-0.1437,0.5000,210.0960,-0.0000,-24.3268,-206.4254,0.6773,52.4246,259.1594,7.6669
2377,-3.8036,-0.1460,0.5000,208.8955,-0.0000,-24.2141,-202.4065,0.6962,52.2806,258.2349,7.8794
2379,-4.0987,-0.1484,0.5000,207.7077,-0.0000,-24.1031,-198.2985,0.7160,52.1342,257.2693,8.1013
2381,-4.3985,-0.1508,0.5000,206.5324,-0.0000,-23.9938,-194.1138,0.7368,51.9855,256.2619,8.3330
2383,-4.7032,-0.1533,0.5000,205.3692,-0.0000,-23.8861,-189.8674,0.7584,51.8341,255.2120,8.5752
2385,-5.0127,-0.1557,0.5000,204.2181,-0.0000,-23.7800,-185.5775,0.7811,51.6801,254.1193,8.8283
2387,-5.3272,-0.1581,0.5000,203.0788,-0.0000,-23.6756,-181.2654,0.8049,51.5233,252.9834,9.0928
2389,-5.6465,-0.1606,0.5000,201.9513,-0.0000,-23.5726,-176.9554,0.8298,51.3637,251.8041,9.3694
2391,-5.9706,-0.1629,0.5000,200.8352,-0.0000,-23.4711,-172.6756,0.8559,51.2012,250.5815,9.6585
2393,-6.2993,-0.1652,0.5000,199.7304,-0.0000,-23.3709,-168.4577,0.8832,51.0357,249.3159,9.9605
2395,-6.6324,-0.1674,0.5000,198.6368,-0.0000,-23.2720,-164.3365,0.9118,50.8673,248.0078,10.2758
2397,-6.9697,-0.1694,0.5000,197.5541,-0.0000,-23.1743,-160.3507,0.9418,50.6958,246.6582,10.6049
2399,-7.3107,-0.1712,0.5000,196.4823,-0.0000,-23.0776,-156.5422,0.9731,50.5214,245.2682,10.9480
2401,-7.6551,-0.1728,0.5000,195.4212,-0.0000,-22.9818,-152.9563,1.0059,50.3440,243.8394,11.3052
2403,-8.0023,-0.1741,0.5000,194.3707,-0.0001,-22.8866,-149.6391,1.0402,50.1638,242.3735,11.6766
2405,-8.3517,-0.1750,0.5000,193.3306,-0.0001,-22.7920,-146.6433,1.0759,49.9810,240.8731,12.0620
2407,-8.7026,-0.1756,0.5000,192.3009,-0.0001,-22.6978,-144.0182,1.1132,49.7956,239.3407,12.4612
2409,-9.0541,-0.1758,0.5000,191.2816,-0.0001,-22.6037,-141.8180,1.1521,49.6079,237.7797,12.8737
2411,-9.4055,-0.1755,0.5000,190.2724,-0.0001,-22.5094,-140.0961,1.1925,49.4182,236.1936,13.2986
2413,-9.7557,-0.1747,0.5000,189.2735,-0.0001,-22.4148,-138.9052,1.2344,49.2269,234.5866,13.7351
2415,-10.1035,-0.1733,0.5000,188.2848,-0.0001,-22.3196,-138.2964,1.2777,49.0343,232.9630,14.1819
2417,-10.4477,-0.1713,0.5000,187.3065,-0.0001,-22.2236,-138.3193,1.3225,48.8409,231.3279,14.6372
2419,-10.7872,-0.1687,0.5000,186.3384,-0.0001,-22.1265,-139.0190,1.3685,48.6473,229.6866,15.0992
2421,-11.1204,-0.1653,0.5000,185.3809,-0.0002,-22.0279,-140.4327,1.4157,48.4539,228.0448,15.5656
2423,-11.4460,-0.1612,0.5000,184.4340,-0.0001,-21.9278,-142.5986,1.4640,48.2616,226.4087,16.0337
2425,-11.7624,-0.1563,0.5000,183.4979,-0.0002,-21.8258,-145.5405,1.5131,48.0709,224.7846,16.5004
2427,-12.0682,-0.1507,0.5000,182.5729,-0.0002,-21.7216,-149.2738,1.5628,47.8827,223.1790,16.9626
2429,-12.3616,-0.1443,0.5000,181.6594,-0.0002,-21.6151,-153.8035,1.6130,47.6977,221.5985,17.4165
2431,-12.6412,-0.1370,0.5000,180.7576,-0.0002,-21.5061,-159.1240,1.6632,47.5168,220.0501,17.8583
2433,-12.9055,-0.1291,0.5000,179.8680,-0.0003,-21.3944,-165.2108,1.7132,47.3409,218.5401,18.2840
2435,-13.1529,-0.1204,0.5000,178.9911,-0.0004,-21.2799,-172.0367,1.7627,47.1708,217.0752,18.6893
2437,-13.3820,-0.1110,0.5000,178.1274,-0.0003,-21.1624,-179.5355,1.8112,47.0075,215.6613,19.0705
2439,-13.5916,-0.1010,0.5000,177.2776,-0.0003,-21.0846,-184.7371,1.8420,46.9056,214.7753,19.3025
2441,-13.7804,-0.0904,0.5000,176.4422,-0.0004,-20.9252,-195.8513,1.9015,46.7124,213.0812,19.7266
2443,-13.9475,-0.0794,0.5000,175.6219,-0.0004,-20.8436,-201.7169,1.9300,46.6214,212.2757,19.9168
2445,-14.0920,-0.0680,0.5000,174.8176,-0.0004,-20.6765,-213.9447,1.9840,46.4519,210.7536,20.2493
2447,-14.2133,-0.0563,0.5000,174.0300,-0.0005,-20.5911,-220.2537,2.0092,46.3737,210.0390,20.3901
2449,-14.3111,-0.0444,0.5000,173.2599,-0.0003,-20.4166,-233.1234,2.0559,46.2313,208.7068,20.6182
2451,-14.3850,-0.0325,0.5000,172.5082,-0.0005,-20.2671,-244.0044,2.0904,46.1271,207.6948,20.7524
2453,-14.4351,-0.0206,0.5000,171.7758,-0.0004,-20.1447,-252.7352,2.1150,46.0535,206.9499,20.8223
2455,-14.4617,-0.0089,0.5000,171.0634,-0.0005,-20.0204,-261.3761,2.1366,45.9892,206.2666,20.8583
2457,-14.4653,0.0025,0.5000,170.3721,-0.0004,-19.8944,-269.8601,2.1550,45.9343,205.6447,20.8611
2459,-14.4464,0.0135,0.5000,169.7025,-0.0005,-19.7025,-282.1508,2.1766,45.8697,204.8260,20.8048
2461,-14.4061,0.0241,0.5000,169.0555,-0.0006,-19.5727,-289.9653,2.1868,45.8384,204.3547,20.7289
2463,-14.3453,0.0341,0.5000,168.4319,-0.0004,-19.4418,-297.4099,2.1938,45.8164,203.9412,20.6242
2465,-14.2653,0.0434,0.5000,167.8323,-0.0006,-19.2433,-307.7694,2.1981,45.8003,203.4254,20.4177
2467,-14.1676,0.0520,0.5000,167.2574,-0.0004,-19.1100,-314.0693,2.1970,45.8006,203.1476,20.2505
2469,-14.0536,0.0598,0.5000,166.7077,-0.0005,-18.9760,-319.8364,2.1928,45.8091,202.9197,20.0625
2471,-13.9252,0.0668,0.5000,166.1837,-0.0005,-18.7741,-327.4133,2.1812,45.8369,202.6645,19.7475
2473,-13.7840,0.0728,0.5000,165.6856,-0.0004,-18.6392,-331.7086,2.1702,45.8646,202.5475,19.5193
2475,-13.6319,0.0779,0.5000,165.2136,-0.0004,-18.5042,-335.3758,2.1568,45.8992,202.4688,19.2799
2477,-13.4709,0.0820,0.5000,164.7679,-0.0004,-18.3220,-339.3121,2.1352,45.9558,202.4169,18.9433
2479,-13.3029,0.0851,0.5000,164.3483,-0.0004,-18.2076,-341.1835,2.1198,45.9968,202.4124,18.7260
2481,-13.1298,0.0873,0.5000,163.9547,-0.0003,-17.9798,-343.5305,2.0857,46.0894,202.4582,18.2867
2483,-12.9537,0.0885,0.5000,163.5867,-0.0003,-17.8667,-344.0173,2.0673,46.1403,202.5036,18.0674
2485,-12.7763,0.0887,0.5000,163.2437,-0.0003,-17.7543,-344.0624,2.0482,46.1938,202.5608,17.8500
2487,-12.5995,0.0881,0.5000,162.9253,-0.0003,-17.5318,-342.8894,2.0084,46.3069,202.7013,17.4259
2489,-12.4250,0.0867,0.5000,162.6306,-0.0003,-17.3837,-341.2092,1.9810,46.3866,202.8084,17.1512
2491,-12.2544,0.0844,0.5000,162.3588,-0.0003,-17.2376,-338.8762,1.9535,46.4679,202.9192,16.8880
2493,-12.0891,0.0815,0.5000,162.1089,-0.0002,-17.0934,-335.9569,1.9262,46.5502,203.0290,16.6380
2495,-11.9304,0.0779,0.5000,161.8798,-0.0002,-16.9513,-332.5073,1.8995,46.6324,203.1333,16.4027
2497,-11.7796,0.0738,0.5000,161.6703,-0.0002,-16.8115,-328.6059,1.8734,46.7139,203.2280,16.1831
2499,-11.6376,0.0693,0.5000,161.4793,-0.0002,-16.6741,-324.3124,1.8484,46.7938,203.3094,15.9801
2501,-11.5052,0.0643,0.5000,161.3056,-0.0002,-16.5391,-319.6985,1.8245,46.8716,203.3742,15.7942
2503,-11.3832,0.0590,0.5000,161.1476,-0.0002,-16.4066,-314.8276,1.8020,46.9466,203.4196,15.6258
2505,-11.2721,0.0535,0.5000,161.0043,-0.0002,-16.2766,-309.7600,1.7809,47.0183,203.4431,15.4749
2507,-11.1722,0.0478,0.5000,160.8743,-0.0002,-16.1491,-304.5547,1.7613,47.0861,203.4429,15.3416
2509,-11.0838,0.0420,0.5000,160.7562,-0.0002,-16.0242,-299.2619,1.7434,47.1496,203.4172,15.2258
2511,-11.0071,0.0362,0.5000,160.6488,-0.0001,-15.9017,-293.9266,1.7271,47.2085,203.3648,15.1271
2513,-10.9421,0.0303,0.5000,160.5508,-0.0002,-15.7818,-288.5918,1.7125,47.2625,203.2846,15.0452
2515,-10.8887,0.0245,0.5000,160.4612,-0.0002,-15.6643,-283.2899,1.6996,47.3114,203.1759,14.9797
2517,-10.8468,0.0188,0.5000,160.3787,-0.0002,-15.5493,-278.0518,1.6884,47.3550,203.0383,14.9301
2519,-10.8161,0.0133,0.5000,160.3023,-0.0001,-15.4366,-272.9015,1.6789,47.3931,202.8716,14.8960
2521,-10.7965,0.0078,0.5000,160.2309,-0.0003,-15.3261,-267.8572,1.6710,47.4256,202.6756,14.8768
2523,-10.7874,0.0026,0.5000,160.1638,-0.0002,-15.2499,-264.3820,1.6665,47.4452,202.5204,14.8720
2525,-10.7887,-0.0025,0.5000,160.1000,-0.0002,-15.1430,-259.5414,1.6613,47.4684,202.2743,14.8770
2527,-10.7999,-0.0074,0.5000,160.0387,-0.0003,-15.0382,-254.8404,1.6577,47.4861,201.9995,14.8957
2529,-10.8207,-0.0121,0.5000,159.9793,-0.0003,-14.9355,-250.2853,1.6556,47.4983,201.6962,14.9274
2531,-10.8505,-0.0166,0.5000,159.9211,-0.0001,-14.8260,-245.4973,1.6550,47.5054,201.3343,14.9762
2533,-10.8891,-0.0209,0.5000,159.8635,-0.0002,-14.7543,-242.4053,1.6555,47.5068,201.0750,15.0167
2535,-10.9360,-0.0249,0.5000,159.8061,-0.0001,-14.6452,-237.7839,1.6577,47.5035,200.6463,15.0915
2537,-10.9907,-0.0288,0.5000,159.7484,-0.0001,-14.5385,-233.3542,1.6616,47.4941,200.1847,15.1804
2539,-11.0529,-0.0324,0.5000,159.6900,-0.0002,-14.4338,-229.1144,1.6671,47.4786,199.6909,15.2829
2541,-11.1221,-0.0359,0.5000,159.6307,-0.0002,-14.3425,-225.5009,1.6732,47.4600,199.2256,15.3849
2543,-11.1979,-0.0391,0.5000,159.5701,-0.0002,-14.2527,-222.0343,1.6806,47.4370,198.7363,15.4969
2545,-11.2800,-0.0422,0.5000,159.5081,-0.0002,-14.1644,-218.7119,1.6890,47.4098,198.2239,15.6183
2547,-11.3679,-0.0450,0.5000,159.4444,-0.0002,-14.0775,-215.5319,1.6986,47.3786,197.6891,15.7490
2549,-11.4613,-0.0477,0.5000,159.3790,-0.0002,-13.9920,-212.4926,1.7092,47.3437,197.1326,15.8884
2551,-11.5597,-0.0501,0.5000,159.3117,-0.0002,-13.9078,-209.5926,1.7209,47.3051,196.5552,16.0363
2553,-11.6628,-0.0524,0.5000,159.2425,-0.0002,-13.8249,-206.8306,1.7335,47.2632,195.9577,16.1923
2555,-11.7702,-0.0545,0.5000,159.1713,-0.0002,-13.7431,-204.2056,1.7471,47.2180,195.3410,16.3561
2557,-11.8816,-0.0564,0.5000,159.0982,-0.0002,-13.6625,-201.7168,1.7617,47.1698,194.7059,16.5273
2559,-11.9967,-0.0581,0.5000,159.0233,-0.0002,-13.5829,-199.3636,1.7771,47.1187,194.0532,16.7056
2561,-12.1150,-0.0597,0.5000,158.9464,-0.0002,-13.5044,-197.1456,1.7934,47.0651,193.3838,16.8906
2563,-12.2361,-0.0611,0.5000,158.8678,-0.0002,-13.4269,-195.0627,1.8105,47.0089,192.6987,17.0820
2565,-12.3599,-0.0623,0.5000,158.7875,-0.0002,-13.3503,-193.1146,1.8284,46.9505,191.9986,17.2793
2567,-12.4859,-0.0634,0.5000,158.7057,-0.0002,-13.2746,-191.3011,1.8471,46.8901,191.2847,17.4821
2569,-12.6137,-0.0642,0.5000,158.6225,-0.0003,-13.1998,-189.6221,1.8665,46.8277,190.5577,17.6902
2571,-12.7432,-0.0650,0.5000,158.5381,-0.0003,-13.1257,-188.0770,1.8867,46.7636,189.8188,17.9030
2573,-12.8738,-0.0655,0.5000,158.4525,-0.0003,-13.0524,-186.6653,1.9074,46.6980,189.0688,18.1201
2575,-13.0053,-0.0659,0.5000,158.3661,-0.0003,-12.9798,-185.3864,1.9288,46.6311,188.3088,18.3410
2577,-13.1375,-0.0661,0.5000,158.2790,-0.0003,-12.9079,-184.2391,1.9508,46.5630,187.5398,18.5654
2579,-13.2698,-0.0662,0.5000,158.1915,-0.0003,-12.8367,-183.2220,1.9733,46.4940,186.7628,18.7926
2581,-13.4022,-0.0661,0.5000,158.1037,-0.0003,-12.7661,-182.3336,1.9963,46.4241,185.9788,19.0223
2583,-13.5342,-0.0659,0.5000,158.0160,-0.0003,-12.6960,-181.5717,2.0197,46.3536,185.1889,19.2538
2585,-13.6655,-0.0655,0.5000,157.9285,-0.0004,-12.6265,-180.9340,2.0435,46.2827,184.3941,19.4868
2587,-13.7959,-0.0650,0.5000,157.8415,-0.0004,-12.5575,-180.4177,2.0677,46.2115,183.5953,19.7205
2589,-13.9251,-0.0643,0.5000,157.7554,-0.0004,-12.4890,-180.0198,2.0922,46.1403,182.7936,19.9546
2591,-14.0528,-0.0636,0.5000,157.6703,-0.0004,-12.4209,-179.7370,2.1170,46.0691,181.9901,20.1885
2593,-14.1788,-0.0626,0.5000,157.5865,-0.0004,-12.3533,-179.5656,2.1419,45.9981,181.1856,20.4215
2595,-14.3028,-0.0616,0.5000,157.5044,-0.0004,-12.2862,-179.5017,2.1670,45.9275,180.3812,20.6533
2597,-14.4246,-0.0604,0.5000,157.4242,-0.0005,-12.2194,-179.5415,2.1922,45.8575,179.5778,20.8831
2599,-14.5438,-0.0592,0.5000,157.3462,-0.0005,-12.1530,-179.6808,2.2174,45.7882,178.7764,21.1104
2601,-14.6605,-0.0578,0.5000,157.2708,-0.0005,-12.0869,-179.9155,2.2426,45.7198,177.9778,21.3348
2603,-14.7742,-0.0563,0.5000,157.1981,-0.0005,-12.0212,-180.2414,2.2677,45.6523,177.1830,21.5556
2605,-14.8848,-0.0547,0.5000,157.1285,-0.0005,-11.9558,-180.6545,2.2927,45.5860,176.3927,21.7723
2607,-14.9922,-0.0530,0.5000,157.0622,-0.0006,-11.8907,-181.1508,2.3174,45.5210,175.6079,21.9844
2609,-15.0961,-0.0513,0.5000,156.9996,-0.0006,-11.8258,-181.7266,2.3420,45.4573,174.8294,22.1914
2611,-15.1963,-0.0494,0.5000,156.9409,-0.0006,-11.7613,-182.3784,2.3662,45.3952,174.0579,22.3927
2613,-15.2929,-0.0475,0.5000,156.8864,-0.0006,-11.6970,-183.1029,2.3900,45.3347,173.2942,22.5879
2615,-15.3855,-0.0456,0.5000,156.8363,-0.0006,-11.6329,-183.8971,2.4134,45.2760,172.5390,22.7764
2617,-15.4740,-0.0435,0.5000,156.7908,-0.0006,-11.5691,-184.7584,2.4363,45.2191,171.7931,22.9579
2619,-15.5584,-0.0414,0.5000,156.7503,-0.0007,-11.5055,-185.6844,2.4588,45.1641,171.0572,23.1317
2621,-15.6384,-0.0392,0.5000,156.7149,-0.0007,-11.4420,-186.6729,2.4806,45.1112,170.3319,23.2976
2623,-15.7140,-0.0370,0.5000,156.6848,-0.0007,-11.3788,-187.7224,2.5017,45.0604,169.6179,23.4550
2625,-15.7851,-0.0347,0.5000,156.6603,-0.0007,-11.3157,-188.8312,2.5222,45.0118,168.9158,23.6035
2627,-15.8515,-0.0323,0.5000,156.6415,-0.0007,-11.2528,-189.9981,2.5420,44.9654,168.2263,23.7428
2629,-15.9132,-0.0299,0.5000,156.6287,-0.0008,-11.1901,-191.2222,2.5610,44.9215,167.5500,23.8724
2631,-15.9700,-0.0275,0.5000,156.6219,-0.0008,-11.1275,-192.5027,2.5791,44.8800,166.8874,23.9920
2633,-16.0219,-0.0250,0.5000,156.6213,-0.0008,-11.0650,-193.8388,2.5963,44.8409,166.2393,24.1012
2635,-16.0687,-0.0225,0.5000,156.6271,-0.0008,-11.0027,-195.2300,2.6127,44.8045,165.6060,24.1997
2637,-16.1105,-0.0199,0.5000,156.6394,-0.0008,-10.9404,-196.6758,2.6281,44.7706,164.9883,24.2872
2639,-16.1470,-0.0173,0.5000,156.6584,-0.0008,-10.8783,-198.1759,2.6424,44.7394,164.3866,24.3633
2641,-16.1782,-0.0146,0.5000,156.6840,-0.0008,-10.8162,-199.7297,2.6558,44.7110,163.8016,24.4277
2643,-16.2041,-0.0119,0.5000,156.7165,-0.0008,-10.7542,-201.3368,2.6680,44.6853,163.2336,24.4803
2645,-16.2246,-0.0092,0.5000,156.7558,-0.0008,-10.6923,-202.9966,2.6792,44.6625,162.6833,24.5207
2647,-16.2395,-0.0064,0.5000,156.8022,-0.0008,-10.6305,-204.7084,2.6892,44.6425,162.1512,24.5488
2649,-16.2489,-0.0036,0.5000,156.8556,-0.0009,-10.5687,-206.4715,2.6980,44.6255,161.6377,24.5644
2651,-16.2527,-0.0008,0.5000,156.9160,-0.0009,-10.5070,-208.2848,2.7056,44.6114,161.1433,24.5673
2653,-16.2507,0.0020,0.5000,156.9836,-0.0009,-10.4453,-210.1472,2.7120,44.6003,160.6686,24.5573
2655,-16.2430,0.0049,0.5000,157.0584,-0.0009,-10.3836,-212.0573,2.7172,44.5922,160.2139,24.5344
2657,-16.2295,0.0078,0.5000,157.1404,-0.0009,-10.3220,-214.0135,2.7211,44.5872,159.7797,24.4986
2659,-16.2102,0.0108,0.5000,157.2296,-0.0009,-10.2603,-216.0139,2.7237,44.5852,159.3664,24.4497
2661,-16.1850,0.0137,0.5000,157.3260,-0.0009,-10.1987,-218.0564,2.7250,44.5864,158.9745,24.3878
2663,-16.1539,0.0167,0.5000,157.4296,-0.0008,-10.1371,-220.1384,2.7250,44.5907,158.6043,24.3130
2665,-16.1169,0.0196,0.5000,157.5404,-0.0008,-10.0755,-222.2570,2.7236,44.5981,158.2561,24.2252
2667,-16.0740,0.0226,0.5000,157.6584,-0.0008,-10.0139,-224.4093,2.7210,44.6087,157.9303,24.1247
2669,-16.0251,0.0255,0.5000,157.7835,-0.0008,-9.9523,-226.5917,2.7170,44.6225,157.6272,24.0116
2671,-15.9703,0.0285,0.5000,157.9157,-0.0008,-9.8906,-228.8003,2.7117,44.6394,157.3472,23.8860
2673,-15.9096,0.0315,0.5000,158.0550,-0.0008,-9.8290,-231.0309,2.7051,44.6595,157.0903,23.7484
2675,-15.8430,0.0344,0.5000,158.2012,-0.0008,-9.7673,-233.2790,2.6972,44.6827,156.8570,23.5988
2677,-15.7706,0.0373,0.5000,158.3543,-0.0008,-9.7056,-235.5397,2.6880,44.7091,156.6472,23.4377
2679,-15.6924,0.0402,0.5000,158.5142,-0.0007,-9.6439,-237.8076,2.6776,44.7387,156.4613,23.2655
2681,-15.6085,0.0430,0.5000,158.6809,-0.0007,-9.5822,-240.0772,2.6659,44.7713,156.2992,23.0825
2683,-15.5190,0.0458,0.5000,158.8541,-0.0007,-9.5204,-242.3425,2.6531,44.8070,156.1611,22.8892
2685,-15.4239,0.0485,0.5000,159.0338,-0.0007,-9.4586,-244.5973,2.6390,44.8458,156.0470,22.6862
2687,-15.3235,0.0512,0.5000,159.2197,-0.0007,-9.3968,-246.8351,2.6239,44.8875,155.9569,22.4739
2689,-15.2177,0.0538,0.5000,159.4119,-0.0007,-9.3350,-249.0492,2.6076,44.9322,155.8906,22.2529
2691,-15.1069,0.0564,0.5000,159.6101,-0.0006,-9.2732,-251.2329,2.5903,44.9798,155.8481,22.0238
2693,-14.9911,0.0588,0.5000,159.8140,-0.0006,-9.2114,-253.3790,2.5721,45.0302,155.8292,21.7874
2695,-14.8705,0.0612,0.5000,160.0236,-0.0006,-9.1496,-255.4807,2.5529,45.0833,155.8337,21.5441
2697,-14.7453,0.0634,0.5000,160.2386,-0.0006,-9.0878,-257.5309,2.5328,45.1390,155.8613,21.2947
2699,-14.6157,0.0656,0.5000,160.4587,-0.0005,-9.0261,-259.5226,2.5119,45.1974,155.9117,21.0399
2701,-14.4821,0.0676,0.5000,160.6838,-0.0005,-8.9644,-261.4489,2.4902,45.2581,155.9845,20.7804
2703,-14.3445,0.0695,0.5000,160.9134,-0.0005,-8.9027,-263.3034,2.4679,45.3213,156.0792,20.5169
2705,-14.2033,0.0713,0.5000,161.1475,-0.0005,-8.8412,-265.0796,2.4450,45.3867,156.1955,20.2501
2707,-14.0587,0.0729,0.5000,161.3857,-0.0005,-8.7797,-266.7714,2.4215,45.4542,156.3328,19.9808
2709,-13.9111,0.0744,0.5000,161.6276,-0.0004,-8.7183,-268.3733,2.3975,45.5237,156.4905,19.7097
2711,-13.7607,0.0757,0.5000,161.8731,-0.0004,-8.6571,-269.8798,2.3732,45.5951,156.6680,19.4375
2713,-13.6078,0.0769,0.5000,162.1216,-0.0004,-8.5960,-271.2862,2.3485,45.6683,156.8646,19.1648
2715,-13.4528,0.0779,0.5000,162.3730,-0.0004,-8.5350,-272.5882,2.3235,45.7430,157.0796,18.8925
2717,-13.2960,0.0787,0.5000,162.6267,-0.0004,-8.4743,-273.7819,2.2984,45.8191,157.3123,18.6210
2719,-13.1376,0.0794,0.5000,162.8826,-0.0003,-8.4137,-274.8641,2.2731,45.8966,157.5619,18.3511
2721,-12.9782,0.0799,0.5000,163.1402,-0.0003,-8.3534,-275.8318,2.2478,45.9751,157.8276,18.0833
2723,-12.8179,0.0803,0.5000,163.3991,-0.0003,-8.2934,-276.6829,2.2224,46.0547,158.1085,17.8183
2725,-12.6571,0.0804,0.5000,163.6589,-0.0003,-8.2337,-277.4155,2.1972,46.1350,158.4038,17.5565
2727,-12.4962,0.0804,0.5000,163.9194,-0.0003,-8.1742,-278.0282,2.1721,46.2160,158.7126,17.2986
2729,-12.3355,0.0803,0.5000,164.1800,-0.0003,-8.1151,-278.5202,2.1472,46.2975,159.0339,17.0449
2731,-12.1753,0.0799,0.5000,164.4404,-0.0003,-8.0564,-278.8910,2.1225,46.3792,159.3669,16.7959
2733,-12.0161,0.0794,0.5000,164.7002,-0.0002,-7.9980,-279.1404,2.0981,46.4612,159.7105,16.5520
2735,-11.8580,0.0788,0.5000,164.9590,-0.0002,-7.9401,-279.2685,2.0740,46.5431,160.0639,16.3136
2737,-11.7015,0.0779,0.5000,165.2164,-0.0002,-7.8825,-279.2759,2.0503,46.6249,160.4259,16.0811
2739,-11.5468,0.0770,0.5000,165.4721,-0.0002,-7.8255,-279.1632,2.0271,46.7063,160.7957,15.8547
2741,-11.3942,0.0758,0.5000,165.7256,-0.0002,-7.7689,-278.9314,2.0042,46.7873,161.1723,15.6347
2743,-11.2441,0.0745,0.5000,165.9767,-0.0002,-7.7128,-278.5816,1.9819,46.8676,161.5546,15.4214
2745,-11.0968,0.0731,0.5000,166.2249,-0.0002,-7.6572,-278.1152,1.9601,46.9471,161.9417,15.2150
2747,-10.9525,0.0715,0.5000,166.4699,-0.0002,-7.6022,-277.5335,1.9388,47.0257,162.3326,15.0156
2749,-10.8116,0.0698,0.5000,166.7114,-0.0002,-7.5478,-276.8381,1.9180,47.1032,162.7262,14.8236
2751,-10.6742,0.0680,0.5000,166.9490,-0.0002,-7.4939,-276.0308,1.8978,47.1794,163.1216,14.6389
2753,-10.5406,0.0660,0.5000,167.1824,-0.0001,-7.4406,-275.1133,1.8782,47.2543,163.5177,14.4617
2755,-10.4111,0.0639,0.5000,167.4113,-0.0001,-7.3880,-274.0875,1.8592,47.3277,163.9136,14.2922
2757,-10.2860,0.0617,0.5000,167.6355,-0.0001,-7.3359,-272.9555,1.8408,47.3994,164.3083,14.1305
2759,-10.1654,0.0594,0.5000,167.8545,-0.0001,-7.2845,-271.7196,1.8230,47.4694,164.7009,13.9765
2761,-10.0496,0.0570,0.5000,168.0682,-0.0001,-7.2338,-270.3819,1.8059,47.5376,165.0902,13.8303
2763,-9.9387,0.0545,0.5000,168.2763,-0.0001,-7.1837,-268.9449,1.7894,47.6037,165.4755,13.6921
2765,-9.8330,0.0519,0.5000,168.4785,-0.0001,-7.1343,-267.4112,1.7735,47.6678,165.8558,13.5618
2767,-9.7327,0.0492,0.5000,168.6746,-0.0001,-7.0856,-265.7836,1.7582,47.7296,166.2300,13.4394
2769,-9.6379,0.0464,0.5000,168.8644,-0.0001,-7.0376,-264.0649,1.7436,47.7892,166.5974,13.3250
2771,-9.5487,0.0435,0.5000,169.0476,-0.0001,-6.9903,-262.2581,1.7296,47.8463,166.9569,13.2186
2773,-9.4654,0.0406,0.5000,169.2242,-0.0001,-6.9437,-260.3667,1.7162,47.9010,167.3078,13.1202
2775,-9.3880,0.0376,0.5000,169.3937,-0.0001,-6.8978,-258.3934,1.7035,47.9531,167.6492,13.0297
2777,-9.3167,0.0345,0.5000,169.5562,-0.0001,-6.8526,-256.3422,1.6914,48.0025,167.9802,12.9472
2779,-9.2516,0.0314,0.5000,169.7115,-0.0001,-6.8081,-254.2170,1.6800,48.0492,168.3000,12.8727
2781,-9.1928,0.0282,0.5000,169.8593,-0.0001,-6.7643,-252.0210,1.6692,48.0931,168.6078,12.8061
2783,-9.1404,0.0250,0.5000,169.9995,-0.0001,-6.7213,-249.7581,1.6590,48.1342,168.9029,12.7474
2785,-9.0944,0.0218,0.5000,170.1321,-0.0001,-6.6789,-247.4328,1.6495,48.1722,169.1845,12.6965
2787,-9.0550,0.0185,0.5000,170.2569,-0.0001,-6.6373,-245.0490,1.6406,48.2073,169.4518,12.6536
2789,-9.0222,0.0152,0.5000,170.3737,-0.0001,-6.5964,-242.6108,1.6324,48.2394,169.7043,12.6185
2791,-8.9959,0.0119,0.5000,170.4825,-0.0001,-6.5561,-240.1226,1.6248,48.2683,169.9413,12.5912
2793,-8.9763,0.0086,0.5000,170.5833,-0.0001,-6.5166,-237.5887,1.6179,48.2942,170.1620,12.5717
2795,-8.9633,0.0052,0.5000,170.6759,-0.0001,-6.4777,-235.0137,1.6116,48.3168,170.3660,12.5600
2797,-8.9570,0.0019,0.5000,170.7602,-0.0001,-6.4396,-232.4018,1.6060,48.3363,170.5526,12.5560
2799,-8.9573,-0.0014,0.5000,170.8363,-0.0001,-6.4021,-229.7577,1.6010,48.3525,170.7213,12.5597
2801,-8.9643,-0.0047,0.5000,170.9041,-0.0001,-6.3653,-227.0859,1.5967,48.3655,170.8717,12.5712
2803,-8.9779,-0.0080,0.5000,170.9635,-0.0001,-6.3291,-224.3910,1.5931,48.3751,171.0032,12.5903
2805,-8.9980,-0.0113,0.5000,171.0145,-0.0001,-6.2936,-221.6776,1.5902,48.3815,171.1155,12.6171
2807,-9.0246,-0.0145,0.5000,171.0572,-0.0001,-6.2587,-218.9503,1.5879,48.3847,171.2081,12.6515
2809,-9.0576,-0.0177,0.5000,171.0915,-0.0001,-6.2244,-216.2138,1.5863,48.3845,171.2806,12.6935
2811,-9.0971,-0.0209,0.5000,171.1174,-0.0001,-6.1908,-213.4728,1.5855,48.3810,171.3328,12.7432
2813,-9.1428,-0.0240,0.5000,171.1350,-0.0001,-6.1577,-210.7320,1.5853,48.3742,171.3644,12.8004
2815,-9.1946,-0.0271,0.5000,171.1443,-0.0001,-6.1253,-207.9961,1.5859,48.3642,171.3750,12.8652
2817,-9.2526,-0.0301,0.5000,171.1454,-0.0001,-6.0934,-205.2699,1.5871,48.3509,171.3645,12.9375
2819,-9.3165,-0.0331,0.5000,171.1382,-0.0001,-6.0621,-202.5583,1.5891,48.3343,171.3327,13.0174
2821,-9.3863,-0.0360,0.5000,171.1229,-0.0001,-6.0313,-199.8661,1.5919,48.3145,171.2794,13.1048
2823,-9.4618,-0.0388,0.5000,171.0995,-0.0001,-6.0011,-197.1982,1.5954,48.2916,171.2046,13.1997
2825,-9.5429,-0.0416,0.5000,171.0682,-0.0001,-5.9714,-194.5595,1.5996,48.2655,171.1082,13.3020
2827,-9.6294,-0.0442,0.5000,171.0289,-0.0001,-5.9422,-191.9549,1.6046,48.2363,170.9902,13.4117
2829,-9.7211,-0.0468,0.5000,170.9819,-0.0001,-5.9135,-189.3895,1.6103,48.2041,170.8506,13.5288
2831,-9.8180,-0.0494,0.5000,170.9272,-0.0001,-5.8853,-186.8683,1.6168,48.1688,170.6894,13.6533
2833,-9.9197,-0.0518,0.5000,170.8650,-0.0001,-5.8575,-184.3962,1.6241,48.1306,170.5067,13.7850
2835,-10.0262,-0.0541,0.5000,170.7954,-0.0001,-5.8303,-181.9784,1.6322,48.0895,170.3028,13.9239
2837,-10.1372,-0.0563,0.5000,170.7186,-0.0001,-5.8034,-179.6197,1.6411,48.0456,170.0778,14.0700
2839,-10.2526,-0.0585,0.5000,170.6347,-0.0001,-5.7770,-177.3253,1.6508,47.9990,169.8319,14.2232
2841,-10.3721,-0.0605,0.5000,170.5438,-0.0001,-5.7510,-175.1000,1.6612,47.9496,169.5654,14.3834
2843,-10.4954,-0.0624,0.5000,170.4463,-0.0001,-5.7254,-172.9487,1.6724,47.8977,169.2786,14.5504
2845,-10.6224,-0.0642,0.5000,170.3422,-0.0001,-5.7002,-170.8763,1.6845,47.8433,168.9720,14.7241
2847,-10.7529,-0.0658,0.5000,170.2317,-0.0001,-5.6753,-168.8874,1.6973,47.7864,168.6458,14.9045
2849,-10.8865,-0.0674,0.5000,170.1152,-0.0001,-5.6508,-166.9865,1.7109,47.7273,168.3006,15.0913
2851,-11.0231,-0.0688,0.5000,169.9928,-0.0002,-5.6267,-165.1779,1.7253,47.6659,167.9369,15.2844
2853,-11.1624,-0.0701,0.5000,169.8648,-0.0002,-5.6029,-163.4659,1.7405,47.6025,167.5552,15.4836
2855,-11.3040,-0.0713,0.5000,169.7314,-0.0002,-5.5794,-161.8544,1.7564,47.5370,167.1560,15.6887
2857,-11.4478,-0.0723,0.5000,169.5929,-0.0002,-5.5563,-160.3469,1.7731,47.4697,166.7401,15.8994
2859,-11.5935,-0.0732,0.5000,169.4496,-0.0002,-5.5334,-158.9468,1.7905,47.4007,166.3081,16.1154
2861,-11.7408,-0.0739,0.5000,169.3018,-0.0002,-5.5108,-157.6571,1.8087,47.3300,165.8607,16.3365
2863,-11.8894,-0.0745,0.5000,169.1497,-0.0002,-5.4885,-156.4803,1.8275,47.2579,165.3986,16.5624
2865,-12.0390,-0.0750,0.5000,168.9938,-0.0002,-5.4665,-155.4186,1.8470,47.1845,164.9226,16.7928
2867,-12.1893,-0.0753,0.5000,168.8343,-0.0002,-5.4447,-154.4739,1.8672,47.1098,164.4335,17.0272
2869,-12.3401,-0.0754,0.5000,168.6716,-0.0002,-5.4232,-153.6473,1.8881,47.0341,163.9321,17.2653
2871,-12.4910,-0.0755,0.5000,168.5060,-0.0002,-5.4019,-152.9397,1.9095,46.9575,163.4193,17.5067
2873,-12.6418,-0.0753,0.5000,168.3379,-0.0003,-5.3808,-152.3513,1.9315,46.8802,162.8960,17.7510
2875,-12.7921,-0.0751,0.5000,168.1677,-0.0003,-5.3600,-151.8819,1.9540,46.8023,162.3631,17.9978
2877,-12.9417,-0.0747,0.5000,167.9957,-0.0003,-5.3393,-151.5306,1.9770,46.7239,161.8214,18.2464
2879,-13.0904,-0.0741,0.5000,167.8225,-0.0003,-5.3189,-151.2963,2.0005,46.6453,161.2719,18.4966
2881,-13.2378,-0.0734,0.5000,167.6482,-0.0003,-5.2987,-151.1771,2.0244,46.5665,160.7156,18.7477
2883,-13.3836,-0.0726,0.5000,167.4735,-0.0003,-5.2786,-151.1706,2.0487,46.4878,160.1533,18.9992
2885,-13.5276,-0.0716,0.5000,167.2986,-0.0003,-5.2587,-151.2742,2.0733,46.4093,159.5861,19.2506
2887,-13.6696,-0.0706,0.5000,167.1240,-0.0004,-5.2390,-151.4847,2.0981,46.3312,159.0147,19.5015
2889,-13.8092,-0.0694,0.5000,166.9501,-0.0004,-5.2195,-151.7985,2.1232,46.2535,158.4402,19.7511
2891,-13.9463,-0.0680,0.5000,166.7774,-0.0004,-5.2001,-152.2117,2.1484,46.1766,157.8635,19.9990
2893,-14.0806,-0.0666,0.5000,166.6062,-0.0004,-5.1809,-152.7202,2.1738,46.1004,157.2855,20.2446
2895,-14.2120,-0.0651,0.5000,166.4370,-0.0004,-5.1618,-153.3198,2.1992,46.0252,156.7069,20.4873
2897,-14.3401,-0.0634,0.5000,166.2701,-0.0004,-5.1428,-154.0059,2.2245,45.9511,156.1288,20.7267
2899,-14.4648,-0.0617,0.5000,166.1060,-0.0005,-5.1240,-154.7742,2.2499,45.8782,155.5520,20.9621
2901,-14.5860,-0.0599,0.5000,165.9451,-0.0005,-5.1053,-155.6202,2.2751,45.8067,154.9772,21.1930
2903,-14.7034,-0.0580,0.5000,165.7878,-0.0005,-5.0866,-156.5397,2.3001,45.7368,154.4053,21.4189
2905,-14.8169,-0.0560,0.5000,165.6343,-0.0005,-5.0681,-157.5284,2.3248,45.6684,153.8371,21.6392
2907,-14.9263,-0.0539,0.5000,165.4852,-0.0005,-5.0497,-158.5826,2.3493,45.6018,153.2733,21.8535
2909,-15.0315,-0.0518,0.5000,165.3407,-0.0006,-5.0313,-159.6985,2.3734,45.5370,152.7146,22.0613
2911,-15.1324,-0.0496,0.5000,165.2012,-0.0006,-5.0130,-160.8729,2.3971,45.4741,152.1618,22.2620
2913,-15.2288,-0.0474,0.5000,165.0670,-0.0006,-4.9948,-162.1029,2.4204,45.4133,151.6154,22.4553
2915,-15.3207,-0.0451,0.5000,164.9383,-0.0006,-4.9766,-163.3857,2.4431,45.3547,151.0763,22.6407
2917,-15.4078,-0.0427,0.5000,164.8155,-0.0006,-4.9584,-164.7192,2.4652,45.2982,150.5451,22.8177
2919,-15.4903,-0.0403,0.5000,164.6988,-0.0007,-4.9403,-166.1015,2.4867,45.2441,150.0222,22.9859
2921,-15.5678,-0.0379,0.5000,164.5885,-0.0007,-4.9222,-167.5309,2.5075,45.1923,149.5085,23.1450
2923,-15.6404,-0.0354,0.5000,164.4847,-0.0007,-4.9041,-169.0063,2.5276,45.1430,149.0045,23.2945
2925,-15.7080,-0.0328,0.5000,164.3877,-0.0007,-4.8860,-170.5267,2.5469,45.0962,148.5107,23.4342
2927,-15.7704,-0.0303,0.5000,164.2977,-0.0007,-4.8679,-172.0911,2.5654,45.0520,148.0277,23.5635
2929,-15.8277,-0.0277,0.5000,164.2148,-0.0007,-4.8497,-173.6992,2.5830,45.0104,147.5560,23.6823
2931,-15.8798,-0.0250,0.5000,164.1392,-0.0007,-4.8316,-175.3503,2.5997,44.9715,147.0963,23.7902
2933,-15.9265,-0.0224,0.5000,164.0710,-0.0008,-4.8134,-177.0441,2.6155,44.9354,146.6491,23.8869
2935,-15.9678,-0.0197,0.5000,164.0103,-0.0008,-4.7952,-178.7803,2.6303,44.9020,146.2147,23.9722
2937,-16.0038,-0.0169,0.5000,163.9573,-0.0008,-4.7769,-180.5584,2.6440,44.8715,145.7939,24.0458
2939,-16.0342,-0.0142,0.5000,163.9119,-0.0008,-4.7585,-182.3782,2.6567,44.8438,145.3870,24.1074
2941,-16.0591,-0.0114,0.5000,163.8743,-0.0008,-4.7401,-184.2392,2.6683,44.8190,144.9946,24.1569
2943,-16.0783,-0.0086,0.5000,163.8444,-0.0008,-4.7217,-186.1408,2.6788,44.7971,144.6170,24.1941
2945,-16.0920,-0.0058,0.5000,163.8225,-0.0008,-4.7031,-188.0821,2.6882,44.7783,144.2549,24.2189
2947,-16.1000,-0.0029,0.5000,163.8084,-0.0008,-4.6845,-190.0624,2.6964,44.7624,143.9086,24.2310
2949,-16.1022,-0.0000,0.5000,163.8022,-0.0008,-4.6658,-192.0805,2.7033,44.7496,143.5786,24.2305
2951,-16.0987,0.0028,0.5000,163.8039,-0.0008,-4.6470,-194.1351,2.7091,44.7398,143.2653,24.2172
2953,-16.0894,0.0057,0.5000,163.8134,-0.0008,-4.6280,-196.2246,2.7136,44.7330,142.9691,24.1911
2955,-16.0743,0.0086,0.5000,163.8308,-0.0008,-4.6090,-198.3471,2.7169,44.7294,142.6904,24.1523
2957,-16.0534,0.0115,0.5000,163.8561,-0.0008,-4.5899,-200.5006,2.7189,44.7289,142.4295,24.1006
2959,-16.0267,0.0145,0.5000,163.8890,-0.0008,-4.5707,-202.6827,2.7197,44.7314,142.1869,24.0363
2961,-15.9942,0.0174,0.5000,163.9297,-0.0008,-4.5513,-204.8905,2.7192,44.7371,141.9629,23.9594
2963,-15.9558,0.0203,0.5000,163.9781,-0.0008,-4.5319,-207.1213,2.7174,44.7460,141.7577,23.8701
2965,-15.9117,0.0232,0.5000,164.0340,-0.0008,-4.5123,-209.3715,2.7144,44.7579,141.5717,23.7686
2967,-15.8617,0.0260,0.5000,164.0974,-0.0008,-4.4926,-211.6376,2.7101,44.7730,141.4051,23.6549
2969,-15.8061,0.0289,0.5000,164.1682,-0.0008,-4.4728,-213.9156,2.7045,44.7911,141.2581,23.5296
2971,-15.7447,0.0317,0.5000,164.2463,-0.0008,-4.4528,-216.2013,2.6977,44.8124,141.1310,23.3927
2973,-15.6777,0.0345,0.5000,164.3315,-0.0007,-4.4327,-218.4900,2.6897,44.8367,141.0240,23.2447
2975,-15.6052,0.0373,0.5000,164.4238,-0.0007,-4.4125,-220.7770,2.6804,44.8641,140.9371,23.0860
2977,-15.5272,0.0400,0.5000,164.5229,-0.0007,-4.3922,-223.0570,2.6700,44.8945,140.8705,22.9170
2979,-15.4438,0.0427,0.5000,164.6287,-0.0007,-4.3717,-225.3246,2.6585,44.9278,140.8243,22.7380
2981,-15.3551,0.0453,0.5000,164.7411,-0.0007,-4.3511,-227.5743,2.6458,44.9641,140.7984,22.5497
2983,-15.2613,0.0479,0.5000,164.8598,-0.0007,-4.3303,-229.8001,2.6321,45.0033,140.7929,22.3525
2985,-15.1625,0.0503,0.5000,164.9847,-0.0006,-4.3095,-231.9962,2.6174,45.0453,140.8078,22.1469
2987,-15.0589,0.0527,0.5000,165.1156,-0.0006,-4.2885,-234.1563,2.6016,45.0900,140.8429,21.9337
2989,-14.9505,0.0550,0.5000,165.2523,-0.0006,-4.2673,-236.2743,2.5850,45.1374,140.8981,21.7132
2991,-14.8377,0.0572,0.5000,165.3944,-0.0006,-4.2461,-238.3441,2.5674,45.1874,140.9732,21.4863
2993,-14.7206,0.0593,0.5000,165.5418,-0.0006,-4.2247,-240.3595,2.5490,45.2400,141.0681,21.2535
2995,-14.5994,0.0613,0.5000,165.6942,-0.0005,-4.2032,-242.3144,2.5299,45.2950,141.1824,21.0155
2997,-14.4743,0.0632,0.5000,165.8513,-0.0005,-4.1816,-244.2028,2.5100,45.3523,141.3158,20.7729
2999,-14.3457,0.0650,0.5000,166.0129,-0.0005,-4.1600,-246.0192,2.4895,45.4118,141.4680,20.5265
3001,-14.2136,0.0666,0.5000,166.1786,-0.0005,-4.1382,-247.7579,2.4684,45.4735,141.6387,20.2769
3003,-14.0785,0.0681,0.5000,166.3481,-0.0005,-4.1163,-249.4139,2.4467,45.5371,141.8273,20.0248
3005,-13.9405,0.0695,0.5000,166.5212,-0.0004,-4.0944,-250.9823,2.4246,45.6027,142.0333,19.7708
3007,-13.8000,0.0707,0.5000,166.6975,-0.0004,-4.0723,-252.4586,2.4022,45.6700,142.2564,19.5157
3009,-13.6573,0.0718,0.5000,166.8766,-0.0004,-4.0503,-253.8390,2.3794,45.7389,142.4958,19.2600
3011,-13.5126,0.0727,0.5000,167.0582,-0.0004,-4.0281,-255.1198,2.3563,45.8092,142.7511,19.0044
3013,-13.3662,0.0734,0.5000,167.2420,-0.0004,-4.0060,-256.2979,2.3330,45.8809,143.0215,18.7496
3015,-13.2186,0.0741,0.5000,167.4275,-0.0004,-3.9838,-257.3707,2.3096,45.9538,143.3065,18.4960
3017,-13.0699,0.0745,0.5000,167.6145,-0.0003,-3.9616,-258.3361,2.2861,46.0278,143.6054,18.2443
3019,-12.9204,0.0748,0.5000,167.8025,-0.0003,-3.9394,-259.1922,2.2626,46.1026,143.9174,17.9951
3021,-12.7706,0.0749,0.5000,167.9912,-0.0003,-3.9171,-259.9380,2.2392,46.1782,144.2419,17.7487
3023,-12.6208,0.0749,0.5000,168.1802,-0.0003,-3.8950,-260.5725,2.2158,46.2543,144.5780,17.5057
3025,-12.4711,0.0747,0.5000,168.3692,-0.0003,-3.8728,-261.0953,2.1926,46.3309,144.9250,17.2666
3027,-12.3220,0.0744,0.5000,168.5577,-0.0003,-3.8507,-261.5064,2.1696,46.4078,145.2821,17.0318
3029,-12.1738,0.0739,0.5000,168.7454,-0.0003,-3.8286,-261.8061,2.1468,46.4848,145.6485,16.8016
3031,-12.0267,0.0733,0.5000,168.9319,-0.0002,-3.8066,-261.9949,2.1243,46.5618,146.0234,16.5764
3033,-11.8811,0.0725,0.5000,169.1170,-0.0002,-3.7847,-262.0737,2.1022,46.6386,146.4059,16.3565
3035,-11.7371,0.0716,0.5000,169.3001,-0.0002,-3.7629,-262.0436,2.0804,46.7151,146.7953,16.1423
3037,-11.5953,0.0705,0.5000,169.4810,-0.0002,-3.7413,-261.9059,2.0589,46.7911,147.1907,15.9339
3039,-11.4557,0.0693,0.5000,169.6594,-0.0002,-3.7197,-261.6620,2.0379,46.8665,147.5912,15.7317
3041,-11.3186,0.0680,0.5000,169.8349,-0.0002,-3.6982,-261.3134,2.0174,46.9412,147.9961,15.5358
3043,-11.1844,0.0666,0.5000,170.0071,-0.0002,-3.6769,-260.8620,1.9973,47.0149,148.4044,15.3464
3045,-11.0532,0.0650,0.5000,170.1759,-0.0002,-3.6558,-260.3096,1.9777,47.0877,148.8154,15.1637
3047,-10.9253,0.0633,0.5000,170.3409,-0.0002,-3.6348,-259.6579,1.9586,47.1593,149.2281,14.9878
3049,-10.8009,0.0615,0.5000,170.5018,-0.0002,-3.6140,-258.9090,1.9400,47.2296,149.6418,14.8189
3051,-10.6803,0.0596,0.5000,170.6583,-0.0002,-3.5934,-258.0650,1.9219,47.2986,150.0556,14.6570
3053,-10.5636,0.0576,0.5000,170.8103,-0.0001,-3.5730,-257.1279,1.9044,47.3660,150.4687,14.5023
3055,-10.4511,0.0555,0.5000,170.9574,-0.0001,-3.5528,-256.0999,1.8875,47.4318,150.8802,14.3548
3057,-10.3429,0.0533,0.5000,171.0994,-0.0001,-3.5327,-254.9833,1.8710,47.4959,151.2894,14.2145
3059,-10.2392,0.0510,0.5000,171.2361,-0.0001,-3.5130,-253.7803,1.8552,47.5582,151.6954,14.0816
3061,-10.1402,0.0486,0.5000,171.3672,-0.0001,-3.4934,-252.4934,1.8399,47.6185,152.0974,13.9560
3063,-10.0460,0.0462,0.5000,171.4927,-0.0001,-3.4740,-251.1250,1.8252,47.6768,152.4947,13.8377
3065,-9.9568,0.0436,0.5000,171.6123,-0.0001,-3.4549,-249.6777,1.8111,47.7330,152.8864,13.7269
3067,-9.8728,0.0410,0.5000,171.7258,-0.0001,-3.4361,-248.1541,1.7975,47.7870,153.2718,13.6235
3069,-9.7940,0.0384,0.5000,171.8331,-0.0001,-3.4175,-246.5569,1.7845,47.8387,153.6502,13.5275
3071,-9.7205,0.0357,0.5000,171.9340,-0.0001,-3.3991,-244.8890,1.7721,47.8881,154.0208,13.4388
3073,-9.6526,0.0329,0.5000,172.0284,-0.0001,-3.3810,-243.1533,1.7603,47.9351,154.3829,13.3576
3075,-9.5902,0.0301,0.5000,172.1162,-0.0001,-3.3631,-241.3529,1.7491,47.9795,154.7357,13.2838
3077,-9.5335,0.0273,0.5000,172.1972,-0.0001,-3.3456,-239.4909,1.7384,48.0214,155.0787,13.2173
3079,-9.4826,0.0244,0.5000,172.2714,-0.0001,-3.3282,-237.5704,1.7283,48.0607,155.4111,13.1582
3081,-9.4374,0.0215,0.5000,172.3386,-0.0001,-3.3111,-235.5949,1.7188,48.0973,155.7323,13.1064
3083,-9.3982,0.0185,0.5000,172.3988,-0.0001,-3.2943,-233.5677,1.7099,48.1312,156.0416,13.0619
3085,-9.3648,0.0156,0.5000,172.4519,-0.0001,-3.2778,-231.4922,1.7016,48.1624,156.3385,13.0247
3087,-9.3374,0.0126,0.5000,172.4978,-0.0001,-3.2615,-229.3721,1.6938,48.1907,156.6223,12.9948
3089,-9.3159,0.0096,0.5000,172.5365,-0.0001,-3.2455,-227.2110,1.6867,48.2162,156.8925,12.9721
3091,-9.3004,0.0066,0.5000,172.5679,-0.0001,-3.2297,-225.0125,1.6802,48.2388,157.1486,12.9567
3093,-9.2909,0.0036,0.5000,172.5920,-0.0001,-3.2142,-222.7804,1.6742,48.2585,157.3901,12.9484
3095,-9.2875,0.0006,0.5000,172.6087,-0.0001,-3.1990,-220.5185,1.6689,48.2753,157.6164,12.9473
3097,-9.2899,-0.0024,0.5000,172.6182,-0.0001,-3.1840,-218.2306,1.6642,48.2891,157.8271,12.9534
3099,-9.2984,-0.0053,0.5000,172.6202,-0.0001,-3.1693,-215.9207,1.6600,48.3000,158.0218,12.9666
3101,-9.3127,-0.0083,0.5000,172.6149,-0.0001,-3.1548,-213.5925,1.6565,48.3079,158.2001,12.9869
3103,-9.3329,-0.0112,0.5000,172.6023,-0.0001,-3.1406,-211.2502,1.6537,48.3128,158.3615,13.0143
3105,-9.3590,-0.0141,0.5000,172.5823,-0.0001,-3.1266,-208.8977,1.6514,48.3147,158.5058,13.0487
3107,-9.3908,-0.0170,0.5000,172.5551,-0.0001,-3.1129,-206.5391,1.6498,48.3136,158.6326,13.0902
3109,-9.4283,-0.0198,0.5000,172.5206,-0.0001,-3.0994,-204.1783,1.6489,48.3096,158.7417,13.1387
3111,-9.4714,-0.0226,0.5000,172.4788,-0.0001,-3.0861,-201.8196,1.6486,48.3026,158.8327,13.1941
3113,-9.5200,-0.0253,0.5000,172.4299,-0.0001,-3.0731,-199.4670,1.6489,48.2926,158.9054,13.2566
3115,-9.5741,-0.0280,0.5000,172.3739,-0.0001,-3.0603,-197.1247,1.6499,48.2797,158.9597,13.3259
3117,-9.6335,-0.0307,0.5000,172.3108,-0.0001,-3.0477,-194.7970,1.6516,48.2638,158.9953,13.4022
3119,-9.6981,-0.0333,0.5000,172.2408,-0.0001,-3.0354,-192.4879,1.6540,48.2451,159.0122,13.4853
3121,-9.7678,-0.0358,0.5000,172.1639,-0.0001,-3.0232,-190.2019,1.6570,48.2235,159.0102,13.5752
3123,-9.8424,-0.0382,0.5000,172.0803,-0.0001,-3.0113,-187.9430,1.6607,48.1991,158.9893,13.6719
3125,-9.9219,-0.0406,0.5000,171.9899,-0.0001,-2.9996,-185.7157,1.6651,48.1719,158.9495,13.7754
3127,-10.0060,-0.0429,0.5000,171.8931,-0.0001,-2.9881,-183.5243,1.6702,48.1420,158.8906,13.8855
3129,-10.0947,-0.0452,0.5000,171.7898,-0.0001,-2.9768,-181.3729,1.6761,48.1094,158.8129,14.0023
3131,-10.1878,-0.0473,0.5000,171.6802,-0.0001,-2.9656,-179.2660,1.6826,48.0741,158.7164,14.1257
3133,-10.2850,-0.0494,0.5000,171.5644,-0.0001,-2.9547,-177.2077,1.6898,48.0363,158.6011,14.2555
3135,-10.3863,-0.0514,0.5000,171.4427,-0.0001,-2.9439,-175.2025,1.6977,47.9959,158.4672,14.3918
3137,-10.4914,-0.0533,0.5000,171.3151,-0.0001,-2.9333,-173.2544,1.7064,47.9531,158.3150,14.5343
3139,-10.6002,-0.0550,0.5000,171.1818,-0.0001,-2.9229,-171.3676,1.7158,47.9079,158.1445,14.6831
3141,-10.7124,-0.0567,0.5000,171.0431,-0.0001,-2.9127,-169.5462,1.7259,47.8604,157.9562,14.8380
3143,-10.8278,-0.0583,0.5000,170.8990,-0.0001,-2.9026,-167.7942,1.7366,47.8107,157.7503,14.9989
3145,-10.9463,-0.0598,0.5000,170.7499,-0.0002,-2.8926,-166.1155,1.7481,47.7589,157.5270,15.1656
3147,-11.0676,-0.0612,0.5000,170.5958,-0.0002,-2.8829,-164.5137,1.7604,47.7050,157.2869,15.3379
3149,-11.1915,-0.0624,0.5000,170.4371,-0.0002,-2.8732,-162.9925,1.7733,47.6491,157.0303,15.5158
3151,-11.3178,-0.0636,0.5000,170.2739,-0.0002,-2.8638,-161.5552,1.7868,47.5914,156.7576,15.6989
3153,-11.4462,-0.0646,0.5000,170.1066,-0.0002,-2.8544,-160.2051,1.8011,47.5320,156.4694,15.8872
3155,-11.5765,-0.0655,0.5000,169.9353,-0.0002,-2.8452,-158.9449,1.8160,47.4708,156.1661,16.0803
3157,-11.7085,-0.0663,0.5000,169.7603,-0.0002,-2.8361,-157.7775,1.8316,47.4082,155.8482,16.2780
3159,-11.8418,-0.0669,0.5000,169.5819,-0.0002,-2.8272,-156.7051,1.8478,47.3441,155.5165,16.4801
3161,-11.9764,-0.0675,0.5000,169.4003,-0.0002,-2.8184,-155.7298,1.8647,47.2788,155.1714,16.6862
3163,-12.1118,-0.0679,0.5000,169.2159,-0.0002,-2.8097,-154.8535,1.8821,47.2123,154.8136,16.8962
3165,-12.2479,-0.0681,0.5000,169.0290,-0.0002,-2.8011,-154.0773,1.9001,47.1447,154.4437,17.1095
3167,-12.3844,-0.0683,0.5000,168.8398,-0.0002,-2.7926,-153.4024,1.9187,47.0762,154.0625,17.3260
3169,-12.5210,-0.0683,0.5000,168.6488,-0.0002,-2.7843,-152.8293,1.9378,47.0069,153.6707,17.5452
3171,-12.6576,-0.0682,0.5000,168.4561,-0.0003,-2.7760,-152.3582,1.9574,46.9369,153.2689,17.7668
3173,-12.7938,-0.0680,0.5000,168.2622,-0.0003,-2.7678,-151.9890,1.9774,46.8664,152.8580,17.9904
3175,-12.9294,-0.0677,0.5000,168.0674,-0.0003,-2.7598,-151.7210,1.9979,46.7956,152.4387,18.2155
3177,-13.0641,-0.0672,0.5000,167.8720,-0.0003,-2.7518,-151.5533,2.0188,46.7245,152.0116,18.4418
3179,-13.1977,-0.0666,0.5000,167.6764,-0.0003,-2.7439,-151.4844,2.0400,46.6532,151.5777,18.6687
3181,-13.3301,-0.0659,0.5000,167.4810,-0.0003,-2.7362,-151.5127,2.0616,46.5820,151.1377,18.8960
3183,-13.4608,-0.0651,0.5000,167.2861,-0.0003,-2.7285,-151.6359,2.0834,46.5110,150.6924,19.1230
3185,-13.5898,-0.0641,0.5000,167.0921,-0.0004,-2.7208,-151.8516,2.1055,46.4403,150.2426,19.3493
3187,-13.7168,-0.0631,0.5000,166.8993,-0.0004,-2.7133,-152.1572,2.1277,46.3700,149.7890,19.5745
3189,-13.8415,-0.0619,0.5000,166.7080,-0.0004,-2.7058,-152.5498,2.1501,46.3003,149.3323,19.7980
3191,-13.9638,-0.0607,0.5000,166.5188,-0.0004,-2.6984,-153.0261,2.1726,46.2313,148.8735,20.0195
3193,-14.0836,-0.0594,0.5000,166.3319,-0.0004,-2.6911,-153.5829,2.1951,46.1631,148.4132,20.2384
3195,-14.2005,-0.0579,0.5000,166.1476,-0.0004,-2.6838,-154.2168,2.2176,46.0959,147.9522,20.4542
3197,-14.3145,-0.0564,0.5000,165.9663,-0.0004,-2.6766,-154.9244,2.2401,46.0297,147.4912,20.6665
3199,-14.4253,-0.0548,0.5000,165.7884,-0.0005,-2.6694,-155.7023,2.2624,45.9647,147.0310,20.8748
3201,-14.5328,-0.0531,0.5000,165.6142,-0.0005,-2.6623,-156.5471,2.2847,45.9011,146.5722,21.0786
3203,-14.6368,-0.0514,0.5000,165.4440,-0.0005,-2.6552,-157.4557,2.3067,45.8388,146.1154,21.2776
3205,-14.7373,-0.0495,0.5000,165.2781,-0.0005,-2.6482,-158.4248,2.3284,45.7781,145.6615,21.4712
3207,-14.8340,-0.0477,0.5000,165.1168,-0.0005,-2.6411,-159.4516,2.3498,45.7190,145.2111,21.6590
3209,-14.9269,-0.0457,0.5000,164.9604,-0.0005,-2.6341,-160.5334,2.3709,45.6616,144.7647,21.8406
3211,-15.0159,-0.0437,0.5000,164.8092,-0.0006,-2.6272,-161.6676,2.3916,45.6060,144.3230,22.0157
3213,-15.1007,-0.0417,0.5000,164.6633,-0.0006,-2.6202,-162.8519,2.4118,45.5523,143.8866,22.1837
3215,-15.1814,-0.0395,0.5000,164.5231,-0.0006,-2.6132,-164.0845,2.4315,45.5005,143.4561,22.3444
3217,-15.2578,-0.0374,0.5000,164.3889,-0.0006,-2.6063,-165.3633,2.4507,45.4508,143.0320,22.4973
3219,-15.3299,-0.0352,0.5000,164.2606,-0.0006,-2.5993,-166.6870,2.4693,45.4032,142.6151,22.6422
3221,-15.3975,-0.0330,0.5000,164.1387,-0.0006,-2.5924,-168.0540,2.4873,45.3578,142.2056,22.7786
3223,-15.4606,-0.0307,0.5000,164.0232,-0.0006,-2.5854,-169.4632,2.5046,45.3146,141.8043,22.9062
3225,-15.5191,-0.0284,0.5000,163.9144,-0.0007,-2.5784,-170.9135,2.5212,45.2737,141.4117,23.0249
3227,-15.5729,-0.0260,0.5000,163.8123,-0.0007,-2.5714,-172.4041,2.5370,45.2351,141.0281,23.1342
3229,-15.6220,-0.0236,0.5000,163.7171,-0.0007,-2.5643,-173.9341,2.5521,45.1990,140.6542,23.2338
3231,-15.6663,-0.0212,0.5000,163.6288,-0.0007,-2.5572,-175.5027,2.5663,45.1653,140.2905,23.3236
3233,-15.7057,-0.0188,0.5000,163.5477,-0.0007,-2.5501,-177.1092,2.5797,45.1341,139.9373,23.4033
3235,-15.7403,-0.0163,0.5000,163.4738,-0.0007,-2.5429,-178.7528,2.5922,45.1055,139.5953,23.4727
3237,-15.7698,-0.0138,0.5000,163.4071,-0.0007,-2.5357,-180.4328,2.6037,45.0794,139.2647,23.5316
3239,-15.7944,-0.0113,0.5000,163.3477,-0.0007,-2.5285,-182.1483,2.6143,45.0560,138.9461,23.5798
3241,-15.8139,-0.0088,0.5000,163.2956,-0.0007,-2.5211,-183.8984,2.6240,45.0351,138.6400,23.6171
3243,-15.8283,-0.0063,0.5000,163.2509,-0.0007,-2.5138,-185.6821,2.6326,45.0170,138.3466,23.6435
3245,-15.8376,-0.0037,0.5000,163.2136,-0.0007,-2.5063,-187.4982,2.6403,45.0015,138.0665,23.6588
3247,-15.8418,-0.0011,0.5000,163.1838,-0.0008,-2.4988,-189.3453,2.6469,44.9888,137.8000,23.6629
3249,-15.8408,0.0015,0.5000,163.1613,-0.0008,-2.4912,-191.2220,2.6524,44.9789,137.5475,23.6558
3251,-15.8345,0.0041,0.5000,163.1461,-0.0008,-2.4836,-193.1265,2.6568,44.9716,137.3093,23.6375
3253,-15.8231,0.0067,0.5000,163.1384,-0.0008,-2.4759,-195.0570,2.6602,44.9672,137.0859,23.6079
3255,-15.8065,0.0093,0.5000,163.1379,-0.0008,-2.4681,-197.0113,2.6625,44.9656,136.8775,23.5671
3257,-15.7846,0.0119,0.5000,163.1447,-0.0007,-2.4602,-198.9872,2.6637,44.9667,136.6845,23.5152
3259,-15.7575,0.0145,0.5000,163.1587,-0.0007,-2.4522,-200.9821,2.6638,44.9707,136.5071,23.4523
3261,-15.7253,0.0171,0.5000,163.1799,-0.0007,-2.4442,-202.9931,2.6627,44.9775,136.3457,23.3784
3263,-15.6878,0.0197,0.5000,163.2081,-0.0007,-2.4361,-205.0174,2.6606,44.9870,136.2004,23.2937
3265,-15.6452,0.0223,0.5000,163.2432,-0.0007,-2.4279,-207.0513,2.6574,44.9994,136.0715,23.1985
3267,-15.5976,0.0248,0.5000,163.2852,-0.0007,-2.4196,-209.0917,2.6531,45.0145,135.9592,23.0929
3269,-15.5448,0.0273,0.5000,163.3340,-0.0007,-2.4112,-211.1348,2.6477,45.0324,135.8638,22.9773
3271,-15.4871,0.0298,0.5000,163.3894,-0.0007,-2.4027,-213.1765,2.6412,45.0531,135.7852,22.8518
3273,-15.4244,0.0322,0.5000,163.4513,-0.0007,-2.3941,-215.2126,2.6337,45.0764,135.7238,22.7168
3275,-15.3570,0.0346,0.5000,163.5196,-0.0007,-2.3854,-217.2388,2.6252,45.1025,135.6794,22.5727
3277,-15.2847,0.0370,0.5000,163.5941,-0.0007,-2.3767,-219.2505,2.6156,45.1312,135.6523,22.4198
3279,-15.2078,0.0393,0.5000,163.6746,-0.0006,-2.3678,-221.2431,2.6051,45.1625,135.6425,22.2586
3281,-15.1264,0.0415,0.5000,163.7610,-0.0006,-2.3589,-223.2115,2.5937,45.1964,135.6499,22.0895
3283,-15.0406,0.0437,0.5000,163.8531,-0.0006,-2.3498,-225.1509,2.5813,45.2327,135.6745,21.9129
3285,-14.9506,0.0458,0.5000,163.9507,-0.0006,-2.3407,-227.0561,2.5681,45.2716,135.7162,21.7293
3287,-14.8564,0.0478,0.5000,164.0535,-0.0006,-2.3315,-228.9222,2.5541,45.3128,135.7750,21.5393
3289,-14.7583,0.0498,0.5000,164.1615,-0.0006,-2.3222,-230.7440,2.5392,45.3563,135.8506,21.3433
3291,-14.6564,0.0516,0.5000,164.2742,-0.0005,-2.3128,-232.5164,2.5236,45.4021,135.9430,21.1420
3293,-14.5510,0.0534,0.5000,164.3916,-0.0005,-2.3033,-234.2344,2.5074,45.4500,136.0519,20.9358
3295,-14.4421,0.0550,0.5000,164.5133,-0.0005,-2.2938,-235.8933,2.4905,45.5000,136.1769,20.7253
3297,-14.3301,0.0566,0.5000,164.6391,-0.0005,-2.2841,-237.4882,2.4729,45.5520,136.3180,20.5111
3299,-14.2152,0.0580,0.5000,164.7687,-0.0005,-2.2744,-239.0146,2.4549,45.6058,136.4746,20.2937
3301,-14.0975,0.0593,0.5000,164.9019,-0.0005,-2.2646,-240.4683,2.4364,45.6614,136.6466,20.0738
3303,-13.9773,0.0605,0.5000,165.0383,-0.0004,-2.2548,-241.8452,2.4174,45.7187,136.8334,19.8519
3305,-13.8549,0.0616,0.5000,165.1776,-0.0004,-2.2449,-243.1416,2.3980,45.7776,137.0346,19.6285
3307,-13.7305,0.0625,0.5000,165.3196,-0.0004,-2.2349,-244.3540,2.3783,45.8379,137.2498,19.4043
3309,-13.6044,0.0633,0.5000,165.4640,-0.0004,-2.2249,-245.4795,2.3584,45.8995,137.4785,19.1797
3311,-13.4769,0.0640,0.5000,165.6104,-0.0004,-2.2148,-246.5152,2.3382,45.9623,137.7202,18.9554
3313,-13.3481,0.0646,0.5000,165.7585,-0.0004,-2.2047,-247.4589,2.3179,46.0262,137.9743,18.7317
3315,-13.2185,0.0650,0.5000,165.9079,-0.0004,-2.1945,-248.3086,2.2974,46.0910,138.2403,18.5093
3317,-13.0881,0.0652,0.5000,166.0584,-0.0003,-2.1843,-249.0627,2.2769,46.1566,138.5175,18.2886
3319,-12.9574,0.0654,0.5000,166.2097,-0.0003,-2.1741,-249.7199,2.2564,46.2229,138.8053,18.0700
3321,-12.8267,0.0654,0.5000,166.3613,-0.0003,-2.1639,-250.2794,2.2359,46.2898,139.1032,17.8541
3323,-12.6961,0.0652,0.5000,166.5131,-0.0003,-2.1536,-250.7408,2.2155,46.3570,139.4105,17.6411
3325,-12.5659,0.0650,0.5000,166.6645,-0.0003,-2.1433,-251.1037,2.1952,46.4245,139.7264,17.4315
3327,-12.4364,0.0646,0.5000,166.8154,-0.0003,-2.1331,-251.3684,2.1751,46.4922,140.0504,17.2257
3329,-12.3080,0.0640,0.5000,166.9653,-0.0003,-2.1228,-251.5351,2.1552,46.5599,140.3817,17.0240
3331,-12.1807,0.0634,0.5000,167.1141,-0.0003,-2.1126,-251.6047,2.1355,46.6274,140.7196,16.8266
3333,-12.0550,0.0626,0.5000,167.2612,-0.0002,-2.1024,-251.5778,2.1161,46.6947,141.0634,16.6340
3335,-11.9310,0.0617,0.5000,167.4066,-0.0002,-2.0922,-251.4557,2.0970,46.7616,141.4124,16.4463
3337,-11.8089,0.0606,0.5000,167.5498,-0.0002,-2.0820,-251.2395,2.0782,46.8280,141.7659,16.2638
3339,-11.6891,0.0595,0.5000,167.6905,-0.0002,-2.0719,-250.9308,2.0598,46.8937,142.1232,16.0867
3341,-11.5717,0.0582,0.5000,167.8286,-0.0002,-2.0618,-250.5311,2.0417,46.9587,142.4835,15.9152
3343,-11.4570,0.0568,0.5000,167.9636,-0.0002,-2.0518,-250.0421,2.0241,47.0228,142.8461,15.7495
3345,-11.3452,0.0554,0.5000,168.0954,-0.0002,-2.0418,-249.4656,2.0068,47.0859,143.2103,15.5897
3347,-11.2364,0.0538,0.5000,168.2237,-0.0002,-2.0319,-248.8035,1.9901,47.1479,143.5754,15.4360
3349,-11.1308,0.0521,0.5000,168.3482,-0.0002,-2.0221,-248.0578,1.9737,47.2087,143.9407,15.2885
3351,-11.0288,0.0504,0.5000,168.4688,-0.0002,-2.0123,-247.2305,1.9578,47.2682,144.3053,15.1474
3353,-10.9303,0.0485,0.5000,168.5851,-0.0002,-2.0026,-246.3237,1.9425,47.3262,144.6688,15.0126
3355,-10.8356,0.0466,0.5000,168.6970,-0.0002,-1.9930,-245.3397,1.9275,47.3827,145.0302,14.8843
3357,-10.7449,0.0446,0.5000,168.8043,-0.0002,-1.9834,-244.2806,1.9131,47.4376,145.3890,14.7625
3359,-10.6583,0.0425,0.5000,168.9068,-0.0002,-1.9740,-243.1488,1.8992,47.4909,145.7444,14.6474
3361,-10.5759,0.0404,0.5000,169.0044,-0.0001,-1.9647,-241.9466,1.8858,47.5423,146.0959,14.5388
3363,-10.4979,0.0382,0.5000,169.0967,-0.0001,-1.9554,-240.6765,1.8729,47.5919,146.4426,14.4370
3365,-10.4243,0.0359,0.5000,169.1838,-0.0001,-1.9463,-239.3408,1.8605,47.6395,146.7840,14.3419
3367,-10.3554,0.0336,0.5000,169.2654,-0.0001,-1.9372,-237.9422,1.8487,47.6851,147.1194,14.2535
3369,-10.2911,0.0312,0.5000,169.3414,-0.0001,-1.9283,-236.4832,1.8373,47.7287,147.4482,14.1718
3371,-10.2317,0.0288,0.5000,169.4118,-0.0001,-1.9194,-234.9665,1.8266,47.7701,147.7698,14.0969
3373,-10.1771,0.0264,0.5000,169.4763,-0.0001,-1.9107,-233.3949,1.8163,47.8092,148.0835,14.0288
3375,-10.1275,0.0239,0.5000,169.5349,-0.0001,-1.9021,-231.7711,1.8066,47.8462,148.3888,13.9674
3377,-10.0829,0.0213,0.5000,169.5875,-0.0001,-1.8936,-230.0980,1.7974,47.8808,148.6851,13.9128
3379,-10.0434,0.0188,0.5000,169.6340,-0.0001,-1.8852,-228.3785,1.7887,47.9130,148.9719,13.8649
3381,-10.0091,0.0162,0.5000,169.6743,-0.0001,-1.8769,-226.6156,1.7806,47.9429,149.2485,13.8238
3383,-9.9799,0.0136,0.5000,169.7084,-0.0001,-1.8688,-224.8124,1.7731,47.9703,149.5146,13.7894
3385,-9.9558,0.0110,0.5000,169.7363,-0.0001,-1.8607,-222.9720,1.7661,47.9952,149.7696,13.7616
3387,-9.9370,0.0084,0.5000,169.7578,-0.0001,-1.8528,-221.0975,1.7596,48.0176,150.0129,13.7406
3389,-9.9235,0.0058,0.5000,169.7729,-0.0001,-1.8450,-219.1922,1.7537,48.0374,150.2442,13.7263
3391,-9.9152,0.0032,0.5000,169.7817,-0.0001,-1.8374,-217.2594,1.7484,48.0547,150.4631,13.7186
3393,-9.9121,0.0006,0.5000,169.7840,-0.0001,-1.8298,-215.3023,1.7436,48.0694,150.6690,13.7176
3395,-9.9142,-0.0020,0.5000,169.7799,-0.0001,-1.8223,-213.3244,1.7394,48.0815,150.8616,13.7231
3397,-9.9215,-0.0046,0.5000,169.7694,-0.0001,-1.8150,-211.3291,1.7357,48.0910,151.0406,13.7353
3399,-9.9340,-0.0072,0.5000,169.7525,-0.0001,-1.8078,-209.3198,1.7327,48.0978,151.2055,13.7540
3401,-9.9517,-0.0098,0.5000,169.7292,-0.0001,-1.8007,-207.3000,1.7302,48.1020,151.3561,13.7793
3403,-9.9744,-0.0123,0.5000,169.6996,-0.0001,-1.7937,-205.2733,1.7283,48.1036,151.4920,13.8110
3405,-10.0021,-0.0148,0.5000,169.6635,-0.0001,-1.7869,-203.2433,1.7270,48.1025,151.6130,13.8493
3407,-10.0348,-0.0173,0.5000,169.6212,-0.0001,-1.7801,-201.2135,1.7263,48.0989,151.7189,13.8939
3409,-10.0724,-0.0197,0.5000,169.5726,-0.0001,-1.7735,-199.1876,1.7262,48.0925,151.8094,13.9450
3411,-10.1148,-0.0221,0.5000,169.5178,-0.0001,-1.7669,-197.1692,1.7267,48.0836,151.8843,14.0025
3413,-10.1620,-0.0244,0.5000,169.4569,-0.0001,-1.7605,-195.1619,1.7278,48.0722,151.9435,14.0662
3415,-10.2137,-0.0267,0.5000,169.3899,-0.0001,-1.7542,-193.1696,1.7295,48.0581,151.9867,14.1363
3417,-10.2701,-0.0290,0.5000,169.3169,-0.0001,-1.7480,-191.1958,1.7318,48.0415,152.0140,14.2126
3419,-10.3308,-0.0312,0.5000,169.2380,-0.0001,-1.7419,-189.2443,1.7348,48.0224,152.0253,14.2951
3421,-10.3958,-0.0333,0.5000,169.1533,-0.0001,-1.7358,-187.3187,1.7383,48.0009,152.0204,14.3837
3423,-10.4651,-0.0354,0.5000,169.0629,-0.0001,-1.7299,-185.4228,1.7425,47.9769,151.9993,14.4784
3425,-10.5384,-0.0374,0.5000,168.9669,-0.0001,-1.7241,-183.5603,1.7473,47.9505,151.9622,14.5791
3427,-10.6156,-0.0393,0.5000,168.8655,-0.0001,-1.7184,-181.7348,1.7528,47.9217,151.9089,14.6857
3429,-10.6966,-0.0412,0.5000,168.7586,-0.0001,-1.7128,-179.9500,1.7588,47.8907,151.8397,14.7981
3431,-10.7812,-0.0430,0.5000,168.6466,-0.0001,-1.7072,-178.2093,1.7655,47.8574,151.7545,14.9162
3433,-10.8693,-0.0447,0.5000,168.5295,-0.0002,-1.7018,-176.5165,1.7729,47.8219,151.6535,15.0401
3435,-10.9607,-0.0463,0.5000,168.4075,-0.0002,-1.6964,-174.8749,1.7808,47.7844,151.5370,15.1694
3437,-11.0552,-0.0478,0.5000,168.2807,-0.0002,-1.6911,-173.2880,1.7894,47.7447,151.4050,15.3042
3439,-11.1527,-0.0493,0.5000,168.1493,-0.0002,-1.6859,-171.7590,1.7986,47.7031,151.2578,15.4442
3441,-11.2530,-0.0506,0.5000,168.0136,-0.0002,-1.6808,-170.2911,1.8085,47.6595,151.0957,15.5894
3443,-11.3559,-0.0519,0.5000,167.8736,-0.0002,-1.6758,-168.8875,1.8189,47.6142,150.9189,15.7395
3445,-11.4612,-0.0531,0.5000,167.7295,-0.0002,-1.6708,-167.5510,1.8299,47.5670,150.7278,15.8945
3447,-11.5687,-0.0541,0.5000,167.5817,-0.0002,-1.6660,-166.2843,1.8416,47.5182,150.5227,16.0541
3449,-11.6782,-0.0551,0.5000,167.4302,-0.0002,-1.6611,-165.0902,1.8538,47.4678,150.3040,16.2182
3451,-11.7895,-0.0560,0.5000,167.2753,-0.0002,-1.6564,-163.9709,1.8666,47.4159,150.0721,16.3865
3453,-11.9024,-0.0567,0.5000,167.1173,-0.0002,-1.6517,-162.9288,1.8800,47.3627,149.8275,16.5588
3455,-12.0167,-0.0574,0.5000,166.9563,-0.0002,-1.6471,-161.9656,1.8939,47.3081,149.5705,16.7349
3457,-12.1322,-0.0579,0.5000,166.7927,-0.0002,-1.6426,-161.0832,1.9084,47.2523,149.3017,16.9145
3459,-12.2486,-0.0584,0.5000,166.6266,-0.0002,-1.6381,-160.2831,1.9233,47.1955,149.0216,17.0974
3461,-12.3658,-0.0587,0.5000,166.4583,-0.0002,-1.6337,-159.5664,1.9388,47.1376,148.7307,17.2833
3463,-12.4835,-0.0589,0.5000,166.2881,-0.0002,-1.6293,-158.9340,1.9547,47.0789,148.4295,17.4718
3465,-12.6016,-0.0591,0.5000,166.1163,-0.0003,-1.6250,-158.3867,1.9711,47.0194,148.1187,17.6628
3467,-12.7198,-0.0591,0.5000,165.9431,-0.0003,-1.6208,-157.9247,1.9879,46.9593,147.7988,17.8557
3469,-12.8378,-0.0590,0.5000,165.7688,-0.0003,-1.6166,-157.5481,2.0051,46.8986,147.4703,18.0504
3471,-12.9555,-0.0588,0.5000,165.5937,-0.0003,-1.6124,-157.2566,2.0227,46.8376,147.1340,18.2465
3473,-13.0727,-0.0585,0.5000,165.4182,-0.0003,-1.6084,-157.0498,2.0406,46.7762,146.7904,18.4436
3475,-13.1891,-0.0581,0.5000,165.2424,-0.0003,-1.6043,-156.9268,2.0588,46.7146,146.4402,18.6414
3477,-13.3046,-0.0575,0.5000,165.0668,-0.0003,-1.6003,-156.8866,2.0773,46.6530,146.0840,18.8394
3479,-13.4190,-0.0569,0.5000,164.8915,-0.0003,-1.5964,-156.9278,2.0961,46.5914,145.7224,19.0374
3481,-13.5319,-0.0562,0.5000,164.7169,-0.0003,-1.5924,-157.0489,2.1150,46.5300,145.3562,19.2348
3483,-13.6434,-0.0554,0.5000,164.5434,-0.0004,-1.5886,-157.2480,2.1341,46.4688,144.9859,19.4313
3485,-13.7531,-0.0545,0.5000,164.3712,-0.0004,-1.5847,-157.5234,2.1534,46.4081,144.6121,19.6266
3487,-13.8609,-0.0535,0.5000,164.2005,-0.0004,-1.5809,-157.8727,2.1727,46.3478,144.2356,19.8201
3489,-13.9666,-0.0525,0.5000,164.0318,-0.0004,-1.5771,-158.2939,2.1921,46.2882,143.8570,20.0116
3491,-14.0701,-0.0513,0.5000,163.8653,-0.0004,-1.5734,-158.7845,2.2115,46.2293,143.4769,20.2006
3493,-14.1712,-0.0501,0.5000,163.7013,-0.0004,-1.5697,-159.3423,2.2308,46.1713,143.0959,20.3867
3495,-14.2697,-0.0488,0.5000,163.5400,-0.0004,-1.5660,-159.9646,2.2501,46.1141,142.7147,20.5695
3497,-14.3655,-0.0474,0.5000,163.3818,-0.0005,-1.5623,-160.6492,2.2693,46.0581,142.3339,20.7486
3499,-14.4584,-0.0459,0.5000,163.2270,-0.0005,-1.5587,-161.3936,2.2883,46.0031,141.9540,20.9237
3501,-14.5484,-0.0444,0.5000,163.0757,-0.0005,-1.5550,-162.1955,2.3072,45.9494,141.5757,21.0943
3503,-14.6352,-0.0428,0.5000,162.9283,-0.0005,-1.5514,-163.0526,2.3257,45.8970,141.1995,21.2601
3505,-14.7188,-0.0412,0.5000,162.7850,-0.0005,-1.5478,-163.9626,2.3440,45.8459,140.8260,21.4207
3507,-14.7991,-0.0395,0.5000,162.6460,-0.0005,-1.5442,-164.9236,2.3620,45.7964,140.4558,21.5758
3509,-14.8758,-0.0377,0.5000,162.5115,-0.0005,-1.5406,-165.9335,2.3796,45.7485,140.0894,21.7250
3511,-14.9491,-0.0359,0.5000,162.3818,-0.0006,-1.5370,-166.9905,2.3968,45.7021,139.7273,21.8681
3513,-15.0186,-0.0341,0.5000,162.2570,-0.0006,-1.5334,-168.0930,2.4136,45.6575,139.3701,22.0045
3515,-15.0845,-0.0322,0.5000,162.1374,-0.0006,-1.5298,-169.2392,2.4299,45.6147,139.0183,22.1342
3517,-15.1465,-0.0303,0.5000,162.0230,-0.0006,-1.5262,-170.4278,2.4457,45.5737,138.6723,22.2567
3519,-15.2045,-0.0283,0.5000,161.9142,-0.0006,-1.5226,-171.6573,2.4609,45.5346,138.3328,22.3718
3521,-15.2586,-0.0263,0.5000,161.8109,-0.0006,-1.5190,-172.9265,2.4755,45.4974,138.0000,22.4792
3523,-15.3087,-0.0242,0.5000,161.7135,-0.0006,-1.5153,-174.2342,2.4895,45.4623,137.6746,22.5787
3525,-15.3546,-0.0222,0.5000,161.6219,-0.0006,-1.5117,-175.5792,2.5029,45.4293,137.3570,22.6700
3527,-15.3963,-0.0201,0.5000,161.5363,-0.0006,-1.5080,-176.9604,2.5155,45.3983,137.0475,22.7528
3529,-15.4338,-0.0179,0.5000,161.4567,-0.0007,-1.5043,-178.3766,2.5275,45.3695,136.7468,22.8271
3531,-15.4669,-0.0158,0.5000,161.3834,-0.0007,-1.5006,-179.8269,2.5387,45.3430,136.4550,22.8925
3533,-15.4958,-0.0136,0.5000,161.3163,-0.0007,-1.4969,-181.3102,2.5491,45.3186,136.1728,22.9490
3535,-15.5202,-0.0114,0.5000,161.2554,-0.0007,-1.4931,-182.8252,2.5588,45.2965,135.9005,22.9963
3537,-15.5402,-0.0092,0.5000,161.2010,-0.0007,-1.4893,-184.3707,2.5676,45.2767,135.6384,23.0343
3539,-15.5557,-0.0069,0.5000,161.1529,-0.0007,-1.4854,-185.9456,2.5756,45.2593,135.3870,23.0629
3541,-15.5668,-0.0047,0.5000,161.1113,-0.0007,-1.4816,-187.5483,2.5827,45.2442,135.1467,23.0820
3543,-15.5733,-0.0024,0.5000,161.0760,-0.0007,-1.4776,-189.1775,2.5889,45.2315,134.9177,23.0916
3545,-15.5752,-0.0001,0.5000,161.0473,-0.0007,-1.4737,-190.8316,2.5943,45.2212,134.7004,23.0916
3547,-15.5726,0.0022,0.5000,161.0249,-0.0007,-1.4697,-192.5088,2.5987,45.2133,134.4951,23.0819
3549,-15.5654,0.0045,0.5000,161.0090,-0.0007,-1.4657,-194.2072,2.6023,45.2079,134.3022,23.0625
3551,-15.5536,0.0067,0.5000,160.9995,-0.0007,-1.4616,-195.9250,2.6049,45.2049,134.1220,23.0335
3553,-15.5373,0.0090,0.5000,160.9963,-0.0007,-1.4575,-197.6597,2.6065,45.2044,133.9546,22.9949
3555,-15.5164,0.0113,0.5000,160.9995,-0.0007,-1.4533,-199.4093,2.6073,45.2063,133.8005,22.9468
3557,-15.4909,0.0136,0.5000,161.0089,-0.0007,-1.4491,-201.1710,2.6071,45.2107,133.6598,22.8893
3559,-15.4609,0.0158,0.5000,161.0246,-0.0007,-1.4448,-202.9423,2.6059,45.2175,133.5327,22.8225
3561,-15.4264,0.0181,0.5000,161.0463,-0.0007,-1.4405,-204.7203,2.6038,45.2268,133.4195,22.7466
3563,-15.3875,0.0203,0.5000,161.0741,-0.0007,-1.4361,-206.5020,2.6008,45.2386,133.3203,22.6616
3565,-15.3441,0.0225,0.5000,161.1078,-0.0007,-1.4317,-208.2842,2.5969,45.2528,133.2353,22.5679
3567,-15.2963,0.0247,0.5000,161.1474,-0.0007,-1.4273,-210.0634,2.5920,45.2693,133.1646,22.4657
3569,-15.2443,0.0268,0.5000,161.1928,-0.0006,-1.4227,-211.8364,2.5863,45.2883,133.1084,22.3552
3571,-15.1880,0.0289,0.5000,161.2437,-0.0006,-1.4182,-213.5993,2.5796,45.3096,133.0667,22.2366
3573,-15.1276,0.0310,0.5000,161.3002,-0.0006,-1.4136,-215.3484,2.5721,45.3333,133.0395,22.1104
3575,-15.0631,0.0330,0.5000,161.3620,-0.0006,-1.4089,-217.0798,2.5638,45.3592,133.0270,21.9768
3577,-14.9947,0.0349,0.5000,161.4289,-0.0006,-1.4041,-218.7896,2.5546,45.3874,133.0291,21.8361
3579,-14.9224,0.0368,0.5000,161.5010,-0.0006,-1.3994,-220.4736,2.5447,45.4179,133.0458,21.6888
3581,-14.8464,0.0387,0.5000,161.5779,-0.0006,-1.3945,-222.1278,2.5340,45.4504,133.0771,21.5353
3583,-14.7668,0.0405,0.5000,161.6595,-0.0006,-1.3896,-223.7479,2.5226,45.4851,133.1228,21.3759
3585,-14.6837,0.0422,0.5000,161.7456,-0.0005,-1.3847,-225.3300,2.5104,45.5218,133.1829,21.2110
3587,-14.5974,0.0438,0.5000,161.8360,-0.0005,-1.3797,-226.8697,2.4976,45.5605,133.2572,21.0412
3589,-14.5079,0.0453,0.5000,161.9305,-0.0005,-1.3747,-228.3632,2.4842,45.6010,133.3456,20.8668
3591,-14.4154,0.0468,0.5000,162.0289,-0.0005,-1.3696,-229.8063,2.4702,45.6435,133.4478,20.6884
3593,-14.3202,0.0481,0.5000,162.1310,-0.0005,-1.3645,-231.1951,2.4557,45.6876,133.5636,20.5063
3595,-14.2223,0.0494,0.5000,162.2365,-0.0005,-1.3593,-232.5261,2.4406,45.7335,133.6927,20.3210
3597,-14.1220,0.0506,0.5000,162.3452,-0.0005,-1.3541,-233.7954,2.4251,45.7809,133.8350,20.1331
3599,-14.0195,0.0516,0.5000,162.4569,-0.0004,-1.3488,-234.9999,2.4092,45.8298,133.9899,19.9430
3601,-13.9150,0.0526,0.5000,162.5713,-0.0004,-1.3436,-236.1362,2.3929,45.8801,134.1573,19.7512
3603,-13.8087,0.0535,0.5000,162.6881,-0.0004,-1.3382,-237.2015,2.3763,45.9317,134.3367,19.5582
3605,-13.7008,0.0542,0.5000,162.8071,-0.0004,-1.3329,-238.1930,2.3594,45.9845,134.5277,19.3643
3607,-13.5916,0.0548,0.5000,162.9280,-0.0004,-1.3275,-239.1083,2.3423,46.0384,134.7299,19.1702
3609,-13.4812,0.0554,0.5000,163.0506,-0.0004,-1.3220,-239.9454,2.3249,46.0933,134.9429,18.9761
3611,-13.3700,0.0558,0.5000,163.1745,-0.0004,-1.3166,-240.7022,2.3074,46.1490,135.1661,18.7826
3613,-13.2581,0.0561,0.5000,163.2995,-0.0004,-1.3111,-241.3773,2.2898,46.2055,135.3991,18.5901
3615,-13.1457,0.0562,0.5000,163.4253,-0.0003,-1.3056,-241.9694,2.2722,46.2626,135.6414,18.3989
3617,-13.0332,0.0563,0.5000,163.5516,-0.0003,-1.3001,-242.4775,2.2545,46.3203,135.8925,18.2095
3619,-12.9207,0.0562,0.5000,163.6782,-0.0003,-1.2946,-242.9009,2.2368,46.3784,136.1517,18.0223
3621,-12.8085,0.0560,0.5000,163.8047,-0.0003,-1.2891,-243.2391,2.2192,46.4368,136.4186,17.8376
3623,-12.6967,0.0557,0.5000,163.9308,-0.0003,-1.2835,-243.4921,2.2017,46.4954,136.6926,17.6557
3625,-12.5858,0.0553,0.5000,164.0564,-0.0003,-1.2780,-243.6598,2.1843,46.5540,136.9731,17.4769
3627,-12.4757,0.0548,0.5000,164.1811,-0.0003,-1.2725,-243.7427,2.1671,46.6126,137.2595,17.3017
3629,-12.3669,0.0542,0.5000,164.3046,-0.0003,-1.2669,-243.7412,2.1500,46.6711,137.5512,17.1301
3631,-12.2595,0.0534,0.5000,164.4267,-0.0003,-1.2614,-243.6561,2.1332,46.7292,137.8475,16.9625
3633,-12.1536,0.0526,0.5000,164.5472,-0.0002,-1.2559,-243.4884,2.1166,46.7870,138.1480,16.7992
3635,-12.0496,0.0516,0.5000,164.6656,-0.0002,-1.2504,-243.2391,2.1003,46.8443,138.4519,16.6403
3637,-11.9476,0.0506,0.5000,164.7819,-0.0002,-1.2449,-242.9096,2.0842,46.9009,138.7587,16.4861
3639,-11.8478,0.0495,0.5000,164.8958,-0.0002,-1.2394,-242.5012,2.0685,46.9569,139.0676,16.3368
3641,-11.7504,0.0482,0.5000,165.0069,-0.0002,-1.2340,-242.0154,2.0531,47.0120,139.3782,16.1924
3643,-11.6556,0.0469,0.5000,165.1152,-0.0002,-1.2286,-241.4539,2.0381,47.0662,139.6898,16.0533
3645,-11.5636,0.0455,0.5000,165.2204,-0.0002,-1.2232,-240.8184,2.0235,47.1194,140.0017,15.9194
3647,-11.4744,0.0440,0.5000,165.3222,-0.0002,-1.2178,-240.1108,2.0092,47.1715,140.3134,15.7910
3649,-11.3884,0.0424,0.5000,165.4205,-0.0002,-1.2125,-239.3329,1.9953,47.2225,140.6242,15.6682
3651,-11.3055,0.0408,0.5000,165.5151,-0.0002,-1.2072,-238.4868,1.9819,47.2721,140.9336,15.5510
3653,-11.2260,0.0391,0.5000,165.6058,-0.0002,-1.2019,-237.5744,1.9688,47.3203,141.2409,15.4395
3655,-11.1501,0.0373,0.5000,165.6924,-0.0002,-1.1967,-236.5980,1.9562,47.3671,141.5456,15.3339
3657,-11.0777,0.0355,0.5000,165.7747,-0.0002,-1.1916,-235.5596,1.9441,47.4124,141.8470,15.2341
3659,-11.0091,0.0336,0.5000,165.8527,-0.0002,-1.1864,-234.4615,1.9324,47.4561,142.1446,15.1403
3661,-10.9444,0.0316,0.5000,165.9261,-0.0002,-1.1814,-233.3061,1.9211,47.4981,142.4378,15.0525
3663,-10.8836,0.0296,0.5000,165.9949,-0.0002,-1.1764,-232.0955,1.9103,47.5384,142.7260,14.9706
3665,-10.8268,0.0276,0.5000,166.0588,-0.0002,-1.1714,-230.8322,1.9000,47.5768,143.0088,14.8949
3667,-10.7742,0.0255,0.5000,166.1179,-0.0002,-1.1665,-229.5187,1.8902,47.6135,143.2856,14.8252
3669,-10.7258,0.0234,0.5000,166.1719,-0.0002,-1.1616,-228.1574,1.8808,47.6481,143.5558,14.7617
3671,-10.6817,0.0212,0.5000,166.2208,-0.0002,-1.1568,-226.7509,1.8719,47.6809,143.8190,14.7042
3673,-10.6420,0.0191,0.5000,166.2645,-0.0001,-1.1520,-225.3018,1.8635,47.7116,144.0747,14.6529
3675,-10.6066,0.0169,0.5000,166.3030,-0.0001,-1.1473,-223.8126,1.8556,47.7403,144.3223,14.6077
3677,-10.5757,0.0146,0.5000,166.3361,-0.0001,-1.1427,-222.2861,1.8482,47.7668,144.5614,14.5687
3679,-10.5493,0.0124,0.5000,166.3638,-0.0001,-1.1381,-220.7251,1.8413,47.7912,144.7916,14.5358
3681,-10.5273,0.0101,0.5000,166.3860,-0.0001,-1.1336,-219.1323,1.8349,47.8135,145.0125,14.5090
3683,-10.5099,0.0078,0.5000,166.4027,-0.0001,-1.1291,-217.5105,1.8291,47.8335,145.2235,14.4883
3685,-10.4971,0.0056,0.5000,166.4139,-0.0001,-1.1247,-215.8626,1.8237,47.8514,145.4244,14.4737
3687,-10.4888,0.0033,0.5000,166.4196,-0.0001,-1.1204,-214.1915,1.8188,47.8670,145.6147,14.4653
3689,-10.4850,0.0010,0.5000,166.4196,-0.0001,-1.1161,-212.5002,1.8145,47.8803,145.7941,14.4629
3691,-10.4858,-0.0012,0.5000,166.4141,-0.0001,-1.1119,-210.7916,1.8107,47.8913,145.9622,14.4665
3693,-10.4911,-0.0035,0.5000,166.4029,-0.0001,-1.1077,-209.0688,1.8074,47.9000,146.1188,14.4762
3695,-10.5009,-0.0057,0.5000,166.3862,-0.0001,-1.1036,-207.3349,1.8046,47.9065,146.2635,14.4919
3697,-10.5151,-0.0080,0.5000,166.3640,-0.0001,-1.0996,-205.5929,1.8024,47.9106,146.3960,14.5136
3699,-10.5338,-0.0102,0.5000,166.3361,-0.0001,-1.0956,-203.8459,1.8007,47.9124,146.5161,14.5412
3701,-10.5568,-0.0123,0.5000,166.3028,-0.0001,-1.0917,-202.0971,1.7995,47.9119,146.6236,14.5747
3703,-10.5842,-0.0145,0.5000,166.2639,-0.0001,-1.0878,-200.3496,1.7989,47.9091,146.7182,14.6140
3705,-10.6158,-0.0166,0.5000,166.2196,-0.0001,-1.0840,-198.6067,1.7989,47.9041,146.7998,14.6592
3707,-10.6516,-0.0187,0.5000,166.1700,-0.0001,-1.0803,-196.8715,1.7993,47.8967,146.8681,14.7102
3709,-10.6915,-0.0207,0.5000,166.1150,-0.0001,-1.0766,-195.1471,1.8004,47.8871,146.9231,14.7669
3711,-10.7354,-0.0227,0.5000,166.0547,-0.0001,-1.0730,-193.4369,1.8019,47.8753,146.9646,14.8293
3713,-10.7833,-0.0247,0.5000,165.9893,-0.0001,-1.0694,-191.7440,1.8041,47.8612,146.9926,14.8974
3715,-10.8350,-0.0266,0.5000,165.9187,-0.0002,-1.0659,-190.0715,1.8068,47.8449,147.0069,14.9709
3717,-10.8905,-0.0284,0.5000,165.8431,-0.0002,-1.0624,-188.4228,1.8100,47.8265,147.0076,15.0500
3719,-10.9496,-0.0302,0.5000,165.7626,-0.0002,-1.0590,-186.8008,1.8138,47.8060,146.9946,15.1345
3721,-11.0123,-0.0320,0.5000,165.6773,-0.0002,-1.0556,-185.2089,1.8182,47.7834,146.9679,15.2243
3723,-11.0783,-0.0336,0.5000,165.5872,-0.0002,-1.0523,-183.6499,1.8231,47.7587,146.9276,15.3194
3725,-11.1476,-0.0353,0.5000,165.4926,-0.0002,-1.0491,-182.1271,1.8286,47.7320,146.8737,15.4196
3727,-11.2201,-0.0368,0.5000,165.3934,-0.0002,-1.0458,-180.6433,1.8347,47.7034,146.8064,15.5249
3729,-11.2955,-0.0383,0.5000,165.2900,-0.0002,-1.0427,-179.2016,1.8412,47.6729,146.7256,15.6352
3731,-11.3738,-0.0397,0.5000,165.1823,-0.0002,-1.0396,-177.8047,1.8484,47.6406,146.6317,15.7503
3733,-11.4549,-0.0410,0.5000,165.0706,-0.0002,-1.0365,-176.4555,1.8561,47.6065,146.5247,15.8700
3735,-11.5385,-0.0423,0.5000,164.9550,-0.0002,-1.0335,-175.1567,1.8643,47.5706,146.4048,15.9944
3737,-11.6245,-0.0434,0.5000,164.8356,-0.0002,-1.0305,-173.9107,1.8731,47.5331,146.2723,16.1232
3739,-11.7127,-0.0445,0.5000,164.7127,-0.0002,-1.0275,-172.7201,1.8824,47.4941,146.1274,16.2562
3741,-11.8030,-0.0455,0.5000,164.5864,-0.0002,-1.0246,-171.5872,1.8922,47.4535,145.9703,16.3934
3743,-11.8953,-0.0465,0.5000,164.4569,-0.0002,-1.0218,-170.5142,1.9025,47.4114,145.8014,16.5345
3745,-11.9892,-0.0473,0.5000,164.3243,-0.0002,-1.0190,-169.5031,1.9133,47.3680,145.6210,16.6793
3747,-12.0848,-0.0480,0.5000,164.1889,-0.0002,-1.0162,-168.5558,1.9246,47.3234,145.4294,16.8276
3749,-12.1817,-0.0487,0.5000,164.0509,-0.0002,-1.0134,-167.6739,1.9364,47.2775,145.2270,16.9794
3751,-12.2798,-0.0493,0.5000,163.9105,-0.0002,-1.0107,-166.8591,1.9486,47.2305,145.0141,17.1342
3753,-12.3789,-0.0497,0.5000,163.7678,-0.0002,-1.0081,-166.1125,1.9613,47.1826,144.7912,17.2919
3755,-12.4789,-0.0501,0.5000,163.6232,-0.0003,-1.0054,-165.4354,1.9745,47.1336,144.5587,17.4522
3757,-12.5796,-0.0504,0.5000,163.4768,-0.0003,-1.0028,-164.8286,1.9880,47.0839,144.3170,17.6149
3759,-12.6807,-0.0506,0.5000,163.3289,-0.0003,-1.0003,-164.2929,2.0019,47.0334,144.0666,17.7798
3761,-12.7821,-0.0507,0.5000,163.1796,-0.0003,-0.9977,-163.8287,2.0162,46.9822,143.8079,17.9465
3763,-12.8836,-0.0508,0.5000,163.0294,-0.0003,-0.9952,-163.4363,2.0308,46.9305,143.5414,18.1148
3765,-12.9850,-0.0507,0.5000,162.8783,-0.0003,-0.9927,-163.1157,2.0458,46.8783,143.2677,18.2843
3767,-13.0862,-0.0505,0.5000,162.7266,-0.0003,-0.9903,-162.8668,2.0610,46.8258,142.9872,18.4549
3769,-13.1869,-0.0503,0.5000,162.5746,-0.0003,-0.9878,-162.6893,2.0766,46.7731,142.7004,18.6261
3771,-13.2870,-0.0499,0.5000,162.4226,-0.0003,-0.9854,-162.5825,2.0923,46.7201,142.4079,18.7976
3773,-13.3863,-0.0495,0.5000,162.2707,-0.0003,-0.9831,-162.5457,2.1083,46.6672,142.1102,18.9692
3775,-13.4846,-0.0490,0.5000,162.1193,-0.0003,-0.9807,-162.5780,2.1245,46.6142,141.8078,19.1404
3777,-13.5818,-0.0484,0.5000,161.9686,-0.0004,-0.9784,-162.6783,2.1408,46.5614,141.5013,19.3111
3779,-13.6777,-0.0477,0.5000,161.8188,-0.0004,-0.9761,-162.8453,2.1573,46.5089,141.1912,19.4808
3781,-13.7722,-0.0469,0.5000,161.6702,-0.0004,-0.9738,-163.0777,2.1738,46.4566,140.8780,19.6492
3783,-13.8650,-0.0461,0.5000,161.5231,-0.0004,-0.9715,-163.3740,2.1904,46.4049,140.5624,19.8159
3785,-13.9560,-0.0452,0.5000,161.3776,-0.0004,-0.9692,-163.7325,2.2070,46.3536,140.2448,19.9807
3787,-14.0452,-0.0442,0.5000,161.2341,-0.0004,-0.9670,-164.1517,2.2236,46.3030,139.9257,20.1431
3789,-14.1323,-0.0431,0.5000,161.0928,-0.0004,-0.9647,-164.6297,2.2402,46.2531,139.6057,20.3029
3791,-14.2172,-0.0420,0.5000,160.9539,-0.0004,-0.9625,-165.1650,2.2567,46.2039,139.2854,20.4598
3793,-14.2997,-0.0408,0.5000,160.8177,-0.0004,-0.9603,-165.7556,2.2731,46.1557,138.9652,20.6133
3795,-14.3799,-0.0396,0.5000,160.6843,-0.0005,-0.9581,-166.3998,2.2893,46.1084,138.6457,20.7632
3797,-14.4574,-0.0383,0.5000,160.5541,-0.0005,-0.9559,-167.0959,2.3053,46.0622,138.3274,20.9091
3799,-14.5323,-0.0369,0.5000,160.4271,-0.0005,-0.9537,-167.8420,2.3212,46.0171,138.0107,21.0507
3801,-14.6043,-0.0355,0.5000,160.3036,-0.0005,-0.9516,-168.6366,2.3367,45.9732,137.6962,21.1878
3803,-14.6735,-0.0340,0.5000,160.1839,-0.0005,-0.9494,-169.4778,2.3520,45.9306,137.3844,21.3200
3805,-14.7397,-0.0325,0.5000,160.0680,-0.0005,-0.9472,-170.3643,2.3670,45.8894,137.0757,21.4470
3807,-14.8028,-0.0310,0.5000,159.9562,-0.0005,-0.9450,-171.2943,2.3816,45.8495,136.7706,21.5686
3809,-14.8627,-0.0293,0.5000,159.8486,-0.0005,-0.9428,-172.2663,2.3958,45.8112,136.4696,21.6844
3811,-14.9193,-0.0277,0.5000,159.7454,-0.0006,-0.9407,-173.2791,2.4096,45.7743,136.1731,21.7943
3813,-14.9726,-0.0260,0.5000,159.6467,-0.0006,-0.9385,-174.3310,2.4230,45.7391,135.8815,21.8980
3815,-15.0225,-0.0243,0.5000,159.5527,-0.0006,-0.9363,-175.4209,2.4358,45.7055,135.5953,21.9951
3817,-15.0688,-0.0225,0.5000,159.4635,-0.0006,-0.9341,-176.5474,2.4482,45.6736,135.3150,22.0856
3819,-15.1117,-0.0207,0.5000,159.3792,-0.0006,-0.9319,-177.7092,2.4600,45.6435,135.0409,22.1692
3821,-15.1509,-0.0189,0.5000,159.2999,-0.0006,-0.9297,-178.9051,2.4713,45.6152,134.7734,22.2457
3823,-15.1864,-0.0171,0.5000,159.2257,-0.0006,-0.9274,-180.1338,2.4819,45.5887,134.5129,22.3148
3825,-15.2182,-0.0152,0.5000,159.1568,-0.0006,-0.9252,-181.3940,2.4920,45.5641,134.2599,22.3765
3827,-15.2462,-0.0133,0.5000,159.0931,-0.0006,-0.9230,-182.6845,2.5014,45.5414,134.0146,22.4306
3829,-15.2704,-0.0114,0.5000,159.0348,-0.0006,-0.9207,-184.0041,2.5102,45.5207,133.7775,22.4769
3831,-15.2907,-0.0094,0.5000,158.9818,-0.0006,-0.9184,-185.3513,2.5182,45.5020,133.5489,22.5153
3833,-15.3072,-0.0075,0.5000,158.9343,-0.0006,-0.9161,-186.7248,2.5256,45.4852,133.3291,22.5457
3835,-15.3197,-0.0055,0.5000,158.8923,-0.0006,-0.9138,-188.1231,2.5322,45.4706,133.1186,22.5680
3837,-15.3283,-0.0035,0.5000,158.8558,-0.0006,-0.9114,-189.5448,2.5381,45.4580,132.9175,22.5822
3839,-15.3329,-0.0016,0.5000,158.8248,-0.0006,-0.9091,-190.9882,2.5433,45.4474,132.7261,22.5881
3841,-15.3335,0.0004,0.5000,158.7993,-0.0006,-0.9067,-192.4516,2.5477,45.4390,132.5449,22.5858
3843,-15.3301,0.0024,0.5000,158.7794,-0.0006,-0.9043,-193.9333,2.5513,45.4327,132.3741,22.5752
3845,-15.3227,0.0044,0.5000,158.7650,-0.0006,-0.9019,-195.4313,2.5541,45.4286,132.2138,22.5564
3847,-15.3114,0.0064,0.5000,158.7561,-0.0006,-0.8994,-196.9437,2.5562,45.4266,132.0645,22.5293
3849,-15.2960,0.0084,0.5000,158.7526,-0.0006,-0.8970,-198.4683,2.5574,45.4267,131.9263,22.4941
3851,-15.2766,0.0104,0.5000,158.7546,-0.0006,-0.8945,-200.0029,2.5579,45.4290,131.7993,22.4508
3853,-15.2533,0.0124,0.5000,158.7620,-0.0006,-0.8919,-201.5452,2.5575,45.4334,131.6840,22.3994
3855,-15.2261,0.0144,0.5000,158.7746,-0.0006,-0.8894,-203.0926,2.5564,45.4400,131.5803,22.3401
3857,-15.1949,0.0163,0.5000,158.7926,-0.0006,-0.8868,-204.6425,2.5545,45.4487,131.4885,22.2731
3859,-15.1599,0.0182,0.5000,158.8157,-0.0006,-0.8842,-206.1922,2.5518,45.4595,131.4087,22.1985
3861,-15.1211,0.0201,0.5000,158.8440,-0.0006,-0.8816,-207.7389,2.5483,45.4725,131.3411,22.1164
3863,-15.0785,0.0220,0.5000,158.8772,-0.0006,-0.8789,-209.2797,2.5440,45.4875,131.2857,22.0271
3865,-15.0322,0.0238,0.5000,158.9154,-0.0006,-0.8762,-210.8114,2.5390,45.5046,131.2427,21.9308
3867,-14.9823,0.0256,0.5000,158.9584,-0.0006,-0.8735,-212.3310,2.5332,45.5238,131.2120,21.8277
3869,-14.9288,0.0274,0.5000,159.0061,-0.0006,-0.8707,-213.8352,2.5267,45.5449,131.1938,21.7181
3871,-14.8719,0.0291,0.5000,159.0584,-0.0006,-0.8680,-215.3207,2.5195,45.5681,131.1880,21.6022
3873,-14.8116,0.0308,0.5000,159.1151,-0.0006,-0.8652,-216.7843,2.5116,45.5932,131.1947,21.4804
3875,-14.7481,0.0324,0.5000,159.1761,-0.0006,-0.8623,-218.2224,2.5030,45.6202,131.2137,21.3530
3877,-14.6813,0.0339,0.5000,159.2412,-0.0005,-0.8595,-219.6318,2.4938,45.6490,131.2452,21.2203
3879,-14.6116,0.0354,0.5000,159.3103,-0.0005,-0.8566,-221.0090,2.4840,45.6796,131.2888,21.0827
3881,-14.5389,0.0369,0.5000,159.3833,-0.0005,-0.8537,-222.3506,2.4736,45.7120,131.3447,20.9404
3883,-14.4635,0.0382,0.5000,159.4599,-0.0005,-0.8507,-223.6533,2.4627,45.7461,131.4126,20.7939
3885,-14.3854,0.0395,0.5000,159.5400,-0.0005,-0.8478,-224.9138,2.4512,45.7818,131.4923,20.6435
3887,-14.3049,0.0407,0.5000,159.6234,-0.0005,-0.8448,-226.1288,2.4392,45.8190,131.5838,20.4896
3889,-14.2220,0.0419,0.5000,159.7099,-0.0005,-0.8418,-227.2952,2.4267,45.8578,131.6867,20.3326
3891,-14.1369,0.0429,0.5000,159.7993,-0.0005,-0.8387,-228.4101,2.4138,45.8979,131.8008,20.1730
3893,-14.0498,0.0439,0.5000,159.8914,-0.0004,-0.8357,-229.4705,2.4006,45.9394,131.9260,20.0110
3895,-13.9609,0.0448,0.5000,159.9859,-0.0004,-0.8326,-230.4738,2.3869,45.9822,132.0619,19.8471
3897,-13.8704,0.0456,0.5000,160.0828,-0.0004,-0.8295,-231.4174,2.3730,46.0261,132.2082,19.6817
3899,-13.7784,0.0463,0.5000,160.1816,-0.0004,-0.8264,-232.2989,2.3588,46.0711,132.3645,19.5152
3901,-13.6852,0.0469,0.5000,160.2823,-0.0004,-0.8232,-233.1162,2.3443,46.1171,132.5307,19.3479
3903,-13.5908,0.0474,0.5000,160.3845,-0.0004,-0.8201,-233.8673,2.3296,46.1641,132.7062,19.1803
3905,-13.4956,0.0478,0.5000,160.4881,-0.0004,-0.8169,-234.5506,2.3147,46.2118,132.8906,19.0127
3907,-13.3996,0.0481,0.5000,160.5928,-0.0004,-0.8137,-235.1644,2.2997,46.2603,133.0837,18.8455
3909,-13.3032,0.0483,0.5000,160.6983,-0.0004,-0.8105,-235.7075,2.2846,46.3094,133.2849,18.6790
3911,-13.2065,0.0484,0.5000,160.8045,-0.0003,-0.8073,-236.1789,2.2694,46.3590,133.4939,18.5137
3913,-13.1097,0.0484,0.5000,160.9110,-0.0003,-0.8041,-236.5777,2.2542,46.4090,133.7101,18.3497
3915,-13.0131,0.0483,0.5000,161.0177,-0.0003,-0.8009,-236.9034,2.2390,46.4594,133.9332,18.1875
3917,-12.9167,0.0481,0.5000,161.1243,-0.0003,-0.7977,-237.1555,2.2238,46.5100,134.1625,18.0274
3919,-12.8208,0.0478,0.5000,161.2306,-0.0003,-0.7945,-237.3339,2.2086,46.5607,134.3977,17.8696
3921,-12.7257,0.0474,0.5000,161.3363,-0.0003,-0.7912,-237.4387,2.1936,46.6115,134.6383,17.7145
3923,-12.6314,0.0469,0.5000,161.4412,-0.0003,-0.7880,-237.4701,2.1787,46.6622,134.8836,17.5622
3925,-12.5382,0.0464,0.5000,161.5450,-0.0003,-0.7848,-237.4285,2.1639,46.7127,135.1333,17.4131
3927,-12.4463,0.0457,0.5000,161.6475,-0.0003,-0.7816,-237.3146,2.1493,46.7629,135.3868,17.2674
3929,-12.3558,0.0449,0.5000,161.7486,-0.0003,-0.7784,-237.1292,2.1349,46.8128,135.6435,17.1253
3931,-12.2670,0.0441,0.5000,161.8479,-0.0003,-0.7751,-236.8731,2.1207,46.8622,135.9030,16.9870
3933,-12.1800,0.0432,0.5000,161.9453,-0.0002,-0.7720,-236.5475,2.1068,46.9111,136.1647,16.8527
3935,-12.0949,0.0421,0.5000,162.0405,-0.0002,-0.7688,-236.1535,2.0931,46.9593,136.4281,16.7226
3937,-12.0120,0.0410,0.5000,162.1334,-0.0002,-0.7656,-235.6925,2.0797,47.0067,136.6926,16.5969
3939,-11.9313,0.0399,0.5000,162.2238,-0.0002,-0.7624,-235.1659,2.0666,47.0534,136.9577,16.4756
3941,-11.8531,0.0386,0.5000,162.3114,-0.0002,-0.7593,-234.5753,2.0538,47.0991,137.2229,16.3589
3943,-11.7775,0.0373,0.5000,162.3961,-0.0002,-0.7562,-233.9222,2.0414,47.1439,137.4877,16.2470
3945,-11.7046,0.0359,0.5000,162.4777,-0.0002,-0.7531,-233.2085,2.0293,47.1876,137.7515,16.1400
3947,-11.6345,0.0345,0.5000,162.5561,-0.0002,-0.7500,-232.4359,2.0175,47.2301,138.0138,16.0380
3949,-11.5674,0.0330,0.5000,162.6311,-0.0002,-0.7469,-231.6063,2.0061,47.2714,138.2741,15.9410
3951,-11.5033,0.0314,0.5000,162.7024,-0.0002,-0.7439,-230.7216,1.9951,47.3115,138.5318,15.8491
3953,-11.4425,0.0298,0.5000,162.7701,-0.0002,-0.7408,-229.7837,1.9845,47.3502,138.7866,15.7625
3955,-11.3849,0.0282,0.5000,162.8339,-0.0002,-0.7378,-228.7949,1.9743,47.3874,139.0379,15.6812
3957,-11.3307,0.0264,0.5000,162.8938,-0.0002,-0.7349,-227.7570,1.9644,47.4232,139.2851,15.6051
3959,-11.2800,0.0247,0.5000,162.9496,-0.0002,-0.7319,-226.6724,1.9550,47.4574,139.5279,15.5345
3961,-11.2329,0.0229,0.5000,163.0012,-0.0002,-0.7290,-225.5432,1.9460,47.4900,139.7658,15.4693
3963,-11.1893,0.0211,0.5000,163.0485,-0.0002,-0.7261,-224.3716,1.9375,47.5210,139.9983,15.4096
3965,-11.1495,0.0192,0.5000,163.0914,-0.0002,-0.7232,-223.1600,1.9293,47.5503,140.2250,15.3553
3967,-11.1134,0.0173,0.5000,163.1298,-0.0002,-0.7204,-221.9106,1.9216,47.5779,140.4454,15.3066
3969,-11.0811,0.0154,0.5000,163.1637,-0.0002,-0.7176,-220.6260,1.9144,47.6037,140.6591,15.2633
3971,-11.0526,0.0135,0.5000,163.1930,-0.0002,-0.7148,-219.3084,1.9076,47.6276,140.8657,15.2256
3973,-11.0280,0.0116,0.5000,163.2176,-0.0002,-0.7121,-217.9603,1.9012,47.6497,141.0649,15.1935
3975,-11.0073,0.0096,0.5000,163.2375,-0.0002,-0.7094,-216.5843,1.8953,47.6699,141.2562,15.1669
3977,-10.9905,0.0076,0.5000,163.2526,-0.0002,-0.7067,-215.1828,1.8899,47.6882,141.4393,15.1458
3979,-10.9777,0.0057,0.5000,163.2629,-0.0002,-0.7041,-213.7585,1.8849,47.7046,141.6138,15.1303
3981,-10.9689,0.0037,0.5000,163.2684,-0.0002,-0.7015,-212.3139,1.8804,47.7190,141.7795,15.1203
3983,-10.9639,0.0017,0.5000,163.2691,-0.0002,-0.6989,-210.8516,1.8764,47.7314,141.9359,15.1159
3985,-10.9630,-0.0003,0.5000,163.2649,-0.0002,-0.6964,-209.3743,1.8728,47.7418,142.0828,15.1169
3987,-10.9659,-0.0022,0.5000,163.2558,-0.0002,-0.6938,-207.8847,1.8697,47.7503,142.2200,15.1234
3989,-10.9728,-0.0042,0.5000,163.2419,-0.0002,-0.6914,-206.3855,1.8671,47.7567,142.3471,15.1353
3991,-10.9835,-0.0061,0.5000,163.2231,-0.0002,-0.6889,-204.8794,1.8650,47.7611,142.4639,15.1527
3993,-10.9981,-0.0080,0.5000,163.1995,-0.0002,-0.6865,-203.3691,1.8634,47.7634,142.5701,15.1755
3995,-11.0166,-0.0099,0.5000,163.1710,-0.0002,-0.6841,-201.8574,1.8623,47.7638,142.6657,15.2036
3997,-11.0388,-0.0118,0.5000,163.1378,-0.0002,-0.6818,-200.3472,1.8616,47.7621,142.7504,15.2370
3999,-11.0647,-0.0136,0.5000,163.0999,-0.0002,-0.6795,-198.8410,1.8615,47.7585,142.8240,15.2757
4001,-11.0942,-0.0155,0.5000,163.0572,-0.0002,-0.6772,-197.3418,1.8618,47.7528,142.8863,15.3197
4003,-11.1274,-0.0172,0.5000,163.0099,-0.0002,-0.6749,-195.8523,1.8626,47.7452,142.9374,15.3688
4005,-11.1640,-0.0190,0.5000,162.9580,-0.0002,-0.6733,-194.7432,1.8636,47.7382,142.9681,15.4090
4007,-11.2042,-0.0207,0.5000,162.9016,-0.0002,-0.6711,-193.2773,1.8653,47.7271,142.9991,15.4670
4009,-11.2476,-0.0224,0.5000,162.8408,-0.0002,-0.6689,-191.8288,1.8675,47.7142,143.0185,15.5300
4011,28.5835,79.7317,0.5000,162.7889,-0.0000,-0.3679,-134.8357,3.7534,64.2864,229.6879,0.3554
4013,27.6142,-0.4452,0.5000,162.8553,-0.0000,-0.3744,-258.6216,7.4950,44.4739,230.3559,0.3924
4015,26.7478,-0.4294,0.5000,162.9218,-0.0000,-0.3801,-258.2506,6.8847,47.1569,231.0835,0.4271
4017,25.8973,-0.4229,0.5000,162.9940,-0.0000,-0.3853,-254.4862,5.7824,50.8314,231.6843,0.4611
4019,25.0598,-0.4162,0.5000,163.0745,-0.0000,-0.3913,-250.1553,4.6529,54.1442,232.2924,0.5028
4021,24.2361,-0.4092,0.5000,163.1642,-0.0000,-0.3964,-246.4653,3.8780,56.2354,232.7610,0.5417
4023,23.4266,-0.4020,0.5000,163.2624,-0.0000,-0.4020,-242.3795,3.2017,57.9266,233.2318,0.5889
4025,22.6316,-0.3948,0.5000,163.3681,-0.0000,-0.4067,-238.9404,2.7481,58.9577,233.5926,0.6327
4027,21.8511,-0.3875,0.5000,163.4796,-0.0000,-0.4119,-235.1892,2.3436,59.7673,233.9522,0.6857
4029,21.0850,-0.3803,0.5000,163.5952,-0.0000,-0.4163,-232.0389,2.0591,60.2444,234.2279,0.7353
4031,20.3332,-0.3732,0.5000,163.7132,-0.0000,-0.4207,-228.9692,1.8193,60.5639,234.4737,0.7892
4033,19.5956,-0.3662,0.5000,163.8317,-0.0000,-0.4261,-225.2133,1.5656,60.7925,234.7423,0.8641
4035,18.8720,-0.3592,0.5000,163.9494,-0.0000,-0.4302,-222.4130,1.3992,60.8639,234.9178,0.9279
4037,18.1620,-0.3524,0.5000,164.0647,-0.0000,-0.4342,-219.7932,1.2585,60.8638,235.0604,0.9950
4039,17.4655,-0.3458,0.5000,164.1764,-0.0000,-0.4372,-217.8310,1.1614,60.8257,235.1521,1.0506
4041,16.7821,-0.3393,0.5000,164.2834,-0.0000,-0.4400,-215.9657,1.0753,60.7616,235.2257,1.1084
4043,16.1116,-0.3329,0.5000,164.3849,-0.0000,-0.4454,-212.4907,0.9302,60.5747,235.3227,1.2307
4045,15.4536,-0.3267,0.5000,164.4802,-0.0000,-0.4480,-210.8638,0.8689,60.4606,235.3477,1.2951
4047,14.8078,-0.3206,0.5000,164.5686,-0.0000,-0.4505,-209.2983,0.8137,60.3356,235.3580,1.3619
4049,14.1739,-0.3148,0.5000,164.6497,-0.0000,-0.4528,-207.7856,0.7625,60.2020,235.3542,1.4309
4051,13.5515,-0.3091,0.5000,164.7231,-0.0000,-0.4557,-205.9481,0.7000,60.0250,235.3301,1.5210
4053,12.9403,-0.3036,0.5000,164.7886,-0.0000,-0.4584,-204.1634,0.6462,59.8396,235.2852,1.6148
4055,12.3398,-0.2983,0.5000,164.8461,-0.0000,-0.4610,-202.4157,0.5995,59.6478,235.2202,1.7125
4057,11.7497,-0.2931,0.5000,164.8953,-0.0000,-0.4635,-200.6897,0.5602,59.4511,235.1355,1.8142
4059,11.1696,-0.2882,0.5000,164.9364,-0.0000,-0.4658,-198.9709,0.5266,59.2506,235.0311,1.9198
4061,10.5990,-0.2835,0.5000,164.9692,-0.0000,-0.4681,-197.2455,0.4979,59.0471,234.9073,2.0297
4063,10.0377,-0.2790,0.5000,164.9938,-0.0000,-0.4697,-195.9918,0.4800,58.8990,234.8061,2.1114
4065,9.4851,-0.2747,0.5000,165.0103,-0.0000,-0.4718,-194.2187,0.4585,58.6911,234.6480,2.2290
4067,8.9408,-0.2706,0.5000,165.0188,-0.0000,-0.4736,-192.5537,0.4419,58.4988,234.4849,2.3411
4069,8.4044,-0.2668,0.5000,165.0192,-0.0000,-0.4756,-190.6952,0.4269,58.2888,234.2882,2.4673
4071,7.8755,-0.2631,0.5000,165.0118,-0.0000,-0.4774,-188.7748,0.4149,58.0778,234.0704,2.5982
4073,7.3536,-0.2597,0.5000,164.9966,-0.0000,-0.4792,-186.7823,0.4055,57.8662,233.8310,2.7341
4075,6.8383,-0.2564,0.5000,164.9737,-0.0000,-0.4807,-184.9847,0.3993,57.6819,233.6049,2.8563
4077,6.3292,-0.2534,0.5000,164.9432,-0.0000,-0.4835,-181.1808,0.3920,57.3124,233.0997,3.1129
4079,5.8258,-0.2507,0.5000,164.9050,-0.0000,-0.4848,-179.1635,0.3906,57.1272,232.8194,3.2476
4081,5.3277,-0.2481,0.5000,164.8594,-0.0000,-0.4860,-177.0624,0.3906,56.9419,232.5197,3.3867
4083,4.8344,-0.2458,0.5000,164.8062,-0.0000,-0.4873,-174.8729,0.3919,56.7564,232.1999,3.5305
4085,4.3456,-0.2437,0.5000,164.7455,-0.0000,-0.4884,-172.5906,0.3945,56.5706,231.8591,3.6791
4087,3.8606,-0.2418,0.5000,164.6773,-0.0000,-0.4896,-170.2114,0.3984,56.3846,231.4967,3.8328
4089,3.3792,-0.2401,0.5000,164.6016,-0.0000,-0.4907,-167.7317,0.4034,56.1983,231.1116,3.9919
4091,2.9007,-0.2387,0.5000,164.5182,-0.0000,-0.4917,-165.1485,0.4095,56.0117,230.7030,4.1565
4093,2.4249,-0.2375,0.5000,164.4272,-0.0000,-0.4937,-159.6612,0.4250,55.6373,229.8115,4.5035
4095,1.9513,-0.2365,0.5000,164.3284,-0.0000,-0.4947,-156.7537,0.4344,55.4494,229.3266,4.6866
4097,1.4793,-0.2357,0.5000,164.2217,-0.0000,-0.4956,-153.7361,0.4448,55.2609,228.8144,4.8765
4099,1.0087,-0.2351,0.5000,164.1070,-0.0000,-0.4964,-150.6084,0.4563,55.0716,228.2737,5.0735
4101,0.5389,-0.2348,0.5000,163.9840,-0.0000,-0.4973,-147.3721,0.4688,54.8817,227.7036,5.2782
4103,0.0696,-0.2346,0.5000,163.8526,-0.0000,-0.4981,-144.0296,0.4824,54.6908,227.1030,5.4909
4105,-0.3996,-0.2346,0.5000,163.7127,-0.0000,-0.4988,-140.5844,0.4970,54.4990,226.4708,5.7120
4107,-0.8691,-0.2349,0.5000,163.5639,-0.0000,-0.4996,-137.0417,0.5127,54.3060,225.8061,5.9421
4109,-1.3393,-0.2353,0.5000,163.4060,-0.0000,-0.5003,-133.4079,0.5295,54.1118,225.1079,6.1816
4111,-1.8105,-0.2358,0.5000,163.2388,-0.0000,-0.5016,-125.9017,0.5665,53.7194,223.6070,6.6913
4113,-2.2831,-0.2365,0.5000,163.0620,-0.0000,-0.5022,-122.0505,0.5868,53.5208,222.8026,6.9625
4115,-2.7571,-0.2373,0.5000,162.8753,-0.0000,-0.5028,-118.1516,0.6083,53.3206,221.9611,7.2455
4117,-3.2330,-0.2383,0.5000,162.6786,-0.0000,-0.5033,-114.2199,0.6310,53.1186,221.0818,7.5408
4119,-3.7108,-0.2393,0.5000,162.4714,-0.0000,-0.5039,-110.2722,0.6551,52.9147,220.1641,7.8492
4121,-4.1906,-0.2403,0.5000,162.2536,-0.0000,-0.5044,-106.3273,0.6806,52.7087,219.2076,8.1713
4123,-4.6727,-0.2414,0.5000,162.0249,-0.0000,-0.5048,-102.4055,0.7075,52.5006,218.2118,8.5077
4125,-5.1569,-0.2425,0.5000,161.7850,-0.0000,-0.5053,-98.5280,0.7358,52.2905,217.1765,8.8592
4127,-5.6432,-0.2435,0.5000,161.5338,-0.0000,-0.5059,-92.2513,0.7863,51.9365,215.3712,9.4774
4129,-6.1315,-0.2445,0.5000,161.2711,-0.0000,-0.5062,-89.8318,0.8076,51.7941,214.6236,9.7358
4131,-6.6216,-0.2454,0.5000,160.9967,-0.0000,-0.5066,-85.1576,0.8525,51.5062,213.0775,10.2752
4133,-7.1132,-0.2461,0.5000,160.7106,-0.0000,-0.5070,-80.7488,0.9004,51.2142,211.4644,10.8459
4135,-7.6061,-0.2466,0.5000,160.4127,-0.0000,-0.5072,-78.6609,0.9255,51.0666,210.6333,11.1434
4137,-8.0998,-0.2470,0.5000,160.1031,-0.0001,-0.5075,-74.7513,0.9783,50.7686,208.9232,11.7635
4139,-8.5939,-0.2471,0.5000,159.7818,-0.0001,-0.5077,-72.0654,1.0203,50.5414,207.5937,12.2533
4141,-9.0879,-0.2469,0.5000,159.4490,-0.0001,-0.5079,-69.6270,1.0643,50.3121,206.2305,12.7628
4143,-9.5811,-0.2464,0.5000,159.1050,-0.0001,-0.5081,-65.5752,1.1586,49.8479,203.4093,13.8421
4145,-10.0729,-0.2456,0.5000,158.7500,-0.0001,-0.5083,-64.0022,1.2089,49.6133,201.9550,14.4121
4147,-10.5627,-0.2444,0.5000,158.3846,-0.0001,-0.5084,-62.7535,1.2613,49.3773,200.4741,15.0021
4149,-11.0497,-0.2429,0.5000,158.0092,-0.0001,-0.5084,-61.8495,1.3160,49.1402,198.9691,15.6119
4151,-11.5331,-0.2409,0.5000,157.6245,-0.0002,-0.5085,-61.3057,1.3728,48.9022,197.4423,16.2412
4153,-12.0119,-0.2385,0.5000,157.2313,-0.0002,-0.5086,-61.1370,1.4318,48.6636,195.8964,16.8892
4155,-12.4854,-0.2356,0.5000,156.8303,-0.0002,-0.5086,-61.3558,1.4930,48.4248,194.3342,17.5552
4157,-12.9524,-0.2322,0.5000,156.4227,-0.0002,-0.5086,-61.9715,1.5563,48.1861,192.7585,18.2381
4159,-13.4122,-0.2284,0.5000,156.0094,-0.0003,-0.5088,-64.4106,1.6890,47.7107,189.5793,19.6496
4161,-13.8635,-0.2240,0.5000,155.5918,-0.0004,-0.5088,-66.2293,1.7583,47.4748,187.9822,20.3749
4163,-14.3055,-0.2191,0.5000,155.1712,-0.0004,-0.5089,-68.4286,1.8293,47.2406,186.3843,21.1107
4165,-14.7371,-0.2138,0.5000,154.7491,-0.0005,-0.5090,-70.9856,1.9021,47.0087,184.7888,21.8551
4167,-15.1574,-0.2079,0.5000,154.3271,-0.0005,-0.5092,-73.8699,1.9763,46.7794,183.1989,22.6058
4169,-15.5656,-0.2017,0.5000,153.9069,-0.0006,-0.5094,-77.0372,2.0519,46.5533,181.6174,23.3604
4171,-15.9609,-0.1951,0.5000,153.4903,-0.0006,-0.5096,-80.4334,2.1286,46.3308,180.0471,24.1166
4173,-16.3426,-0.1883,0.5000,153.0793,-0.0007,-0.5098,-84.0016,2.2063,46.1123,178.4903,24.8723
4175,-16.7104,-0.1813,0.5000,152.6756,-0.0008,-0.5102,-87.6768,2.2847,45.8983,176.9491,25.6251
4177,-17.0641,-0.1742,0.5000,152.2812,-0.0010,-0.5109,-95.0717,2.4429,45.4848,173.9201,27.1144
4179,-17.4035,-0.1671,0.5000,151.8979,-0.0011,-0.5113,-98.6723,2.5223,45.2860,172.4344,27.8476
4181,-17.7289,-0.1601,0.5000,151.5276,-0.0012,-0.5118,-102.1246,2.6016,45.0928,170.9687,28.5717
4183,-18.0406,-0.1533,0.5000,151.1719,-0.0013,-0.5122,-104.3437,2.6548,44.9659,169.9927,29.0538
4185,-18.3391,-0.1468,0.5000,150.8322,-0.0014,-0.5129,-108.4914,2.7607,44.7200,168.0683,30.0034
4187,-18.6249,-0.1406,0.5000,150.5099,-0.0016,-0.5136,-112.2218,2.8656,44.4847,166.1794,30.9331
4189,-18.8987,-0.1347,0.5000,150.2059,-0.0017,-0.5140,-113.9260,2.9175,44.3711,165.2482,31.3902
4191,-19.1611,-0.1291,0.5000,149.9211,-0.0018,-0.5147,-117.0250,3.0203,44.1517,163.4107,32.2891
4193,-19.4127,-0.1238,0.5000,149.6560,-0.0022,-0.5155,-119.7575,3.1214,43.9425,161.6065,33.1669
4195,-19.6541,-0.1188,0.5000,149.4109,-0.0021,-0.5159,-121.4064,3.1867,43.8109,160.4416,33.7310
4197,-19.8858,-0.1141,0.5000,149.1860,-0.0025,-0.5163,-122.9395,3.2512,43.6834,159.2903,34.2860
4199,-20.1082,-0.1095,0.5000,148.9810,-0.0024,-0.5169,-125.1090,3.3465,43.4997,157.5880,35.1012
4201,-20.3216,-0.1051,0.5000,148.7958,-0.0027,-0.5172,-126.4849,3.4090,43.3820,156.4696,35.6329
4203,-20.5263,-0.1007,0.5000,148.6300,-0.0029,-0.5177,-128.4938,3.5011,43.2126,154.8166,36.4122
4205,-20.7224,-0.0965,0.5000,148.4830,-0.0030,-0.5179,-129.8172,3.5614,43.1042,153.7310,36.9190
4207,-20.9102,-0.0923,0.5000,148.3542,-0.0033,-0.5182,-131.8067,3.6501,42.9481,152.1275,37.6591
4209,-21.0897,-0.0882,0.5000,148.2431,-0.0032,-0.5184,-133.1473,3.7081,42.8483,151.0753,38.1385
4211,-21.2609,-0.0841,0.5000,148.1491,-0.0036,-0.5185,-135.1935,3.7932,42.7049,149.5227,38.8353
4213,-21.4240,-0.0800,0.5000,148.0713,-0.0038,-0.5186,-137.2918,3.8760,42.5688,148.0012,39.5039
4215,-21.5788,-0.0759,0.5000,148.0093,-0.0039,-0.5186,-138.7229,3.9298,42.4821,147.0046,39.9332
4217,-21.7256,-0.0718,0.5000,147.9623,-0.0042,-0.5185,-141.4797,4.0276,42.3281,145.1752,40.7003
4219,-21.8641,-0.0678,0.5000,147.9298,-0.0044,-0.5184,-142.8001,4.0718,42.2600,144.3393,41.0408
4221,-21.9946,-0.0637,0.5000,147.9112,-0.0045,-0.5183,-144.1431,4.1151,42.1942,143.5147,41.3696
4223,-22.1168,-0.0596,0.5000,147.9059,-0.0047,-0.5179,-146.9003,4.1985,42.0698,141.8999,41.9913
4225,-22.2310,-0.0555,0.5000,147.9135,-0.0049,-0.5177,-148.3165,4.2386,42.0111,141.1100,42.2835
4227,-22.3369,-0.0514,0.5000,147.9333,-0.0050,-0.5174,-150.4262,4.2951,41.9298,139.9814,42.6857
4229,-22.4345,-0.0473,0.5000,147.9650,-0.0052,-0.5171,-152.5982,4.3492,41.8535,138.8783,43.0597
4231,-22.5239,-0.0431,0.5000,148.0081,-0.0054,-0.5166,-154.8386,4.4007,41.7822,137.8009,43.4044
4233,-22.6049,-0.0389,0.5000,148.0623,-0.0055,-0.5162,-157.1552,4.4497,41.7158,136.7498,43.7188
4235,-22.6774,-0.0347,0.5000,148.1270,-0.0057,-0.5157,-159.5569,4.4959,41.6544,135.7255,44.0019
4237,-22.7413,-0.0303,0.5000,148.2021,-0.0058,-0.5152,-162.0541,4.5393,41.5980,134.7285,44.2524
4239,-22.7965,-0.0259,0.5000,148.2871,-0.0059,-0.5146,-164.6583,4.5798,41.5467,133.7594,44.4694
4241,-22.8427,-0.0214,0.5000,148.3819,-0.0061,-0.5140,-167.3825,4.6173,41.5006,132.8189,44.6515
4243,-22.8798,-0.0168,0.5000,148.4862,-0.0062,-0.5134,-170.2413,4.6516,41.4596,131.9078,44.7974
4245,-22.9076,-0.0121,0.5000,148.5997,-0.0062,-0.5127,-173.2509,4.6828,41.4239,131.0268,44.9059
4247,-22.9256,-0.0072,0.5000,148.7223,-0.0063,-0.5120,-176.4293,4.7105,41.3935,130.1768,44.9755
4249,-22.9337,-0.0021,0.5000,148.8539,-0.0064,-0.5113,-179.7974,4.7348,41.3687,129.3590,45.0047
4251,-22.9315,0.0031,0.5000,148.9944,-0.0064,-0.5105,-183.3768,4.7555,41.3494,128.5743,44.9919
4253,-22.9184,0.0086,0.5000,149.1438,-0.0064,-0.5097,-187.1929,4.7724,41.3360,127.8242,44.9353
4255,-22.8941,0.0143,0.5000,149.3021,-0.0064,-0.5089,-191.2744,4.7855,41.3285,127.1099,44.8332
4257,-22.8579,0.0204,0.5000,149.4694,-0.0064,-0.5081,-195.6524,4.7945,41.3272,126.4332,44.6835
4259,-22.8093,0.0267,0.5000,149.6457,-0.0064,-0.5072,-200.3628,4.7993,41.3323,125.7956,44.4843
4261,-22.7475,0.0334,0.5000,149.8313,-0.0063,-0.5063,-205.4458,4.7998,41.3440,125.1993,44.2334
4263,-22.6718,0.0406,0.5000,150.0265,-0.0062,-0.5054,-210.9468,4.7957,41.3628,124.6464,43.9284
4265,-22.5812,0.0482,0.5000,150.2315,-0.0061,-0.5044,-216.9176,4.7869,41.3888,124.1393,43.5669
4267,-22.4747,0.0563,0.5000,150.4468,-0.0060,-0.5034,-223.4181,4.7732,41.4225,123.6809,43.1462
4269,-22.3512,0.0651,0.5000,150.6729,-0.0058,-0.5024,-230.5132,4.7544,41.4643,123.2743,42.6637
4271,-22.2094,0.0745,0.5000,150.9102,-0.0056,-0.5013,-238.2828,4.7301,41.5147,122.9229,42.1164
4273,-22.0478,0.0847,0.5000,151.1596,-0.0054,-0.5002,-246.8137,4.7003,41.5742,122.6308,41.5014
4275,-21.8647,0.0958,0.5000,151.4217,-0.0052,-0.4991,-256.2090,4.6647,41.6434,122.4025,40.8156
4277,-21.6583,0.1078,0.5000,151.6976,-0.0050,-0.4978,-266.5863,4.6230,41.7230,122.2429,40.0558
4279,-21.4264,0.1210,0.5000,151.9881,-0.0047,-0.4966,-278.0876,4.5749,41.8137,122.1579,39.2187
4281,-21.1666,0.1355,0.5000,152.2945,-0.0044,-0.4952,-290.8594,4.5203,41.9163,122.1540,38.3012
4283,-20.8760,0.1514,0.5000,152.6182,-0.0041,-0.4938,-305.1016,4.4588,42.0317,122.2388,37.3000
4285,-20.5515,0.1690,0.5000,152.9606,-0.0038,-0.4923,-321.0260,4.3902,42.1610,122.4209,36.2120
4287,-20.1894,0.1885,0.5000,153.3235,-0.0035,-0.4906,-338.9121,4.3143,42.3053,122.7102,35.0345
4289,-19.7855,0.2103,0.5000,153.7089,-0.0032,-0.4889,-359.0188,4.2309,42.4659,123.1181,33.7649
4291,-19.3350,0.2346,0.5000,154.1189,-0.0028,-0.4869,-381.7693,4.1399,42.6441,123.6577,32.4016
4293,-18.8320,0.2620,0.5000,154.5560,-0.0025,-0.4848,-407.6548,4.0411,42.8415,124.3450,30.9425
4295,-18.2698,0.2930,0.5000,155.0232,-0.0022,-0.4825,-437.1946,3.9345,43.0599,125.1981,29.3874
4297,-17.6406,0.3282,0.5000,155.5237,-0.0017,-0.4788,-487.2877,3.7694,43.4118,126.7468,27.0026
4299,-16.9344,0.3687,0.5000,156.0611,-0.0015,-0.4767,-516.7300,3.6813,43.6073,127.6892,25.7382
4301,-16.1391,0.4160,0.5000,156.6399,-0.0011,-0.4719,-587.5624,3.4955,44.0420,129.9748,23.0687
4303,-15.2387,0.4719,0.5000,157.2650,-0.0010,-0.4700,-617.2796,3.4276,44.2099,130.9238,22.0877
4305,-14.2121,0.5400,0.5000,157.9424,-0.0008,-0.4658,-687.1216,3.2888,44.5720,133.0945,20.0591
4307,-13.0287,0.6253,0.5000,158.6797,-0.0006,-0.4609,-776.0705,3.1480,44.9732,135.6993,17.9416
4309,-11.6439,0.7366,0.5000,159.4863,-0.0004,-0.4544,-909.0246,2.9941,45.4705,139.2391,15.4888
4311,-9.9890,0.8881,0.5000,160.3749,-0.0003,-0.4492,-1027.8474,2.8964,45.8372,142.0956,13.7904
4313,-7.9579,1.1014,0.5000,161.3631,-0.0002,-0.4408,-1244.7076,2.7785,46.3811,146.7873,11.4273
4315,-5.3965,1.3998,0.5000,162.4762,-0.0001,-0.4287,-1587.1801,2.6822,47.0581,153.5920,8.7275
4317,-2.1426,1.7664,0.5000,163.7499,-0.0000,-0.4139,-1961.8636,2.6505,47.7247,161.8066,6.3182
4319,1.7777,2.0508,0.5000,165.2286,-0.0000,-0.3990,-2181.8208,2.6788,48.2531,169.9418,4.6010
4321,5.9297,2.0513,0.5000,166.9487,-0.0000,-0.3785,-2176.2698,2.7674,48.8741,181.1562,2.9980
4323,9.7532,1.8094,0.5000,168.9144,-0.0000,-0.3619,-1989.0412,2.8397,49.4550,190.2731,2.1444
4325,12.9857,1.5001,0.5000,171.0905,0.0000,-0.3465,-1755.0505,2.8697,50.2300,198.8335,1.5911
4327,15.6245,1.2165,0.5000,173.4177,0.0000,-0.3324,-1531.6230,2.8778,51.2483,206.8621,1.2260
4329,17.7542,0.9797,0.5000,175.8296,0.0000,-0.3201,-1346.2695,2.8504,52.4046,214.0460,0.9904
4331,19.4663,0.7869,0.5000,178.2642,-0.0000,-0.3107,-1212.7454,2.7828,53.4616,219.7809,0.8488
4333,20.8394,0.6303,0.5000,180.6698,0.0000,-0.3025,-1104.4423,2.6877,54.4789,224.9482,0.7490
4335,21.9362,0.5024,0.5000,183.0061,-0.0000,-0.2948,-1007.8428,2.5629,55.5161,230.0969,0.6709
4337,22.8065,0.3972,0.5000,185.2437,-0.0000,-0.2888,-936.8529,2.4409,56.3566,234.3119,0.6202
4339,23.4895,0.3101,0.5000,187.3627,-0.0000,-0.2822,-862.2055,2.2780,57.3065,239.2618,0.5738
4341,24.0166,0.2373,0.5000,189.3506,0.0000,-0.2783,-818.8008,2.1638,57.8847,242.4474,0.5505
4343,24.4130,0.1761,0.5000,191.2007,0.0000,-0.2737,-769.6820,2.0140,58.5547,246.3923,0.5282
4345,24.6994,0.1245,0.5000,192.9110,-0.0000,-0.2707,-738.1737,1.9050,58.9888,249.1493,0.5165
4347,24.8924,0.0806,0.5000,194.4824,-0.0000,-0.2676,-704.7406,1.7769,59.4478,252.3043,0.5070
4349,25.0060,0.0432,0.5000,195.9181,-0.0000,-0.2651,-678.5117,1.6666,59.8029,254.9705,0.5020
4351,25.0518,0.0113,0.5000,197.2230,-0.0000,-0.2626,-651.0507,1.5413,60.1656,257.9696,0.4999
4353,25.0394,-0.0161,0.5000,198.4027,-0.0000,-0.2609,-632.1308,1.4488,60.4071,260.1758,0.5006
4355,24.9772,-0.0397,0.5000,199.4637,-0.0000,-0.2591,-610.7288,1.3380,60.6690,262.8263,0.5042
4357,24.8720,-0.0599,0.5000,200.4125,-0.0000,-0.2577,-593.4757,1.2437,60.8685,265.0953,0.5098
4359,24.7299,-0.0774,0.5000,201.2560,-0.0000,-0.2563,-575.8363,1.1430,61.0589,267.5502,0.5185
4361,24.5559,-0.0925,0.5000,202.0007,-0.0000,-0.2552,-560.1933,1.0503,61.2132,269.8514,0.5296
4363,24.3544,-0.1054,0.5000,202.6532,-0.0000,-0.2547,-553.0195,1.0068,61.2785,270.9483,0.5358
4365,24.1293,-0.1166,0.5000,203.2198,-0.0000,-0.2539,-539.7955,0.9252,61.3882,273.0420,0.5499
4367,23.8837,-0.1263,0.5000,203.7065,-0.0000,-0.2533,-527.8784,0.8505,61.4731,275.0107,0.5658
4369,23.6206,-0.1346,0.5000,204.1190,-0.0000,-0.2530,-518.5938,0.7919,61.5285,276.5986,0.5807
4371,23.3423,-0.1417,0.5000,204.4627,-0.0000,-0.2527,-510.0123,0.7376,61.5699,278.1075,0.5968
4373,23.0511,-0.1479,0.5000,204.7428,-0.0000,-0.2525,-502.0411,0.6875,61.5988,279.5421,0.6141
4375,22.7487,-0.1531,0.5000,204.9641,-0.0000,-0.2523,-494.5998,0.6413,61.6165,280.9067,0.6325
4377,22.4367,-0.1576,0.5000,205.1310,-0.0000,-0.2523,-487.6184,0.5986,61.6241,282.2051,0.6521
4379,22.1165,-0.1615,0.5000,205.2478,-0.0000,-0.2523,-481.0347,0.5593,61.6224,283.4408,0.6727
4381,21.7894,-0.1648,0.5000,205.3184,-0.0000,-0.2524,-474.7927,0.5230,61.6124,284.6169,0.6944
4383,21.4563,-0.1676,0.5000,205.3465,-0.0000,-0.2525,-468.8423,0.4897,61.5947,285.7364,0.7172
4385,21.1180,-0.1700,0.5000,205.3355,-0.0000,-0.2526,-463.1396,0.4591,61.5700,286.8017,0.7410
4387,20.7753,-0.1721,0.5000,205.2885,-0.0000,-0.2528,-457.6457,0.4310,61.5388,287.8153,0.7659
4389,20.4289,-0.1739,0.5000,205.2086,-0.0000,-0.2531,-452.3261,0.4052,61.5017,288.7790,0.7920
4391,20.0792,-0.1754,0.5000,205.0984,-0.0000,-0.2533,-447.1503,0.3815,61.4591,289.6947,0.8192
4393,19.7267,-0.1767,0.5000,204.9605,-0.0000,-0.2536,-442.0915,0.3598,61.4113,290.5641,0.8475
4395,19.3717,-0.1779,0.5000,204.7972,-0.0000,-0.2540,-437.1266,0.3399,61.3588,291.3884,0.8769
4397,19.0145,-0.1790,0.5000,204.6107,-0.0000,-0.2543,-432.2357,0.3218,61.3019,292.1690,0.9076
4399,18.6554,-0.1799,0.5000,204.4029,-0.0000,-0.2547,-427.4018,0.3052,61.2407,292.9069,0.9395
4401,18.2945,-0.1808,0.5000,204.1757,-0.0000,-0.2551,-422.6102,0.2901,61.1755,293.6030,0.9726
4403,17.9319,-0.1816,0.5000,203.9308,-0.0000,-0.2555,-417.8490,0.2764,61.1065,294.2582,1.0071
4405,17.5678,-0.1823,0.5000,203.6696,-0.0000,-0.2559,-413.1086,0.2640,61.0340,294.8732,1.0429
4407,17.2022,-0.1830,0.5000,203.3937,-0.0000,-0.2563,-408.3808,0.2527,60.9581,295.4486,1.0802
4409,16.8353,-0.1837,0.5000,203.1042,-0.0000,-0.2566,-405.2912,0.2459,60.9066,295.8039,1.1053
4411,16.4670,-0.1844,0.5000,202.8024,-0.0000,-0.2571,-400.9679,0.2372,60.8322,296.2735,1.1416
4413,16.0973,-0.1851,0.5000,202.4894,-0.0000,-0.2575,-395.9734,0.2282,60.7429,296.7759,1.1852
4415,15.7263,-0.1857,0.5000,202.1660,-0.0000,-0.2580,-391.0501,0.2203,60.6517,297.2291,1.2299
4417,15.3540,-0.1864,0.5000,201.8333,-0.0000,-0.2585,-386.5214,0.2139,60.5649,297.6096,1.2726
4419,14.9804,-0.1871,0.5000,201.4919,-0.0000,-0.2590,-381.3909,0.2075,60.4635,297.9987,1.3228
4421,14.6054,-0.1877,0.5000,201.1427,-0.0000,-0.2595,-376.9965,0.2027,60.3741,298.2969,1.3675
4423,14.2291,-0.1884,0.5000,200.7862,-0.0000,-0.2600,-372.5966,0.1983,60.2822,298.5634,1.4139
4425,13.8514,-0.1891,0.5000,200.4231,-0.0000,-0.2609,-363.7829,0.1901,60.0911,299.0017,1.5118
4427,13.4724,-0.1898,0.5000,200.0539,-0.0000,-0.2614,-359.3700,0.1870,59.9920,299.1738,1.5635
4429,13.0920,-0.1905,0.5000,199.6791,-0.0000,-0.2618,-354.9543,0.1842,59.8904,299.3146,1.6171
4431,12.7102,-0.1912,0.5000,199.2990,-0.0000,-0.2623,-350.5363,0.1818,59.7866,299.4243,1.6728
4433,12.3270,-0.1919,0.5000,198.9142,-0.0000,-0.2628,-346.1167,0.1802,59.6803,299.5028,1.7305
4435,11.9424,-0.1926,0.5000,198.5248,-0.0000,-0.2633,-341.6960,0.1794,59.5716,299.5503,1.7905
4437,11.5563,-0.1933,0.5000,198.1312,-0.0000,-0.2636,-338.5119,0.1791,59.4919,299.5652,1.8350
4439,11.1689,-0.1940,0.5000,197.7337,-0.0000,-0.2643,-332.1430,0.1792,59.3289,299.5468,1.9278
4441,10.7800,-0.1947,0.5000,197.3326,-0.0000,-0.2647,-328.9581,0.1797,59.2454,299.5134,1.9761
4443,10.3896,-0.1955,0.5000,196.9279,-0.0000,-0.2652,-323.8207,0.1811,59.1086,299.4257,2.0568
4445,9.9978,-0.1962,0.5000,196.5200,-0.0000,-0.2657,-319.4113,0.1828,58.9886,299.3170,2.1289
4447,9.6045,-0.1969,0.5000,196.1089,-0.0000,-0.2661,-315.0504,0.1850,58.8677,299.1791,2.2028
4449,9.2096,-0.1977,0.5000,195.6948,-0.0000,-0.2667,-310.3058,0.1880,58.7337,298.9947,2.2865
4451,8.8133,-0.1985,0.5000,195.2779,-0.0000,-0.2672,-305.5553,0.1915,58.5971,298.7743,2.3735
4453,8.4154,-0.1993,0.5000,194.8581,-0.0000,-0.2677,-300.6823,0.1957,58.4544,298.5111,2.4665
4455,8.0158,-0.2001,0.5000,194.4357,-0.0000,-0.2681,-296.1470,0.2001,58.3194,298.2324,2.5564
4457,7.6147,-0.2009,0.5000,194.0106,-0.0000,-0.2687,-291.0367,0.2056,58.1650,297.8798,2.6616
4459,7.2118,-0.2018,0.5000,193.5830,-0.0000,-0.2693,-284.8726,0.2131,57.9755,297.4005,2.7944
4461,6.8072,-0.2026,0.5000,193.1528,-0.0000,-0.2699,-278.6690,0.2215,57.7817,296.8593,2.9344
4463,6.4008,-0.2036,0.5000,192.7201,-0.0000,-0.2704,-273.7606,0.2288,57.6264,296.3902,3.0499
4465,5.9925,-0.2045,0.5000,192.2848,-0.0000,-0.2709,-268.8158,0.2367,57.4684,295.8817,3.1705
4467,5.5822,-0.2055,0.5000,191.8471,-0.0000,-0.2714,-263.8284,0.2451,57.3076,295.3332,3.2964
4469,5.1698,-0.2066,0.5000,191.4068,-0.0000,-0.2719,-258.7920,0.2542,57.1442,294.7442,3.4279
4471,4.7552,-0.2077,0.5000,190.9639,-0.0000,-0.2723,-253.6998,0.2639,56.9780,294.1137,3.5654
4473,4.3383,-0.2089,0.5000,190.5185,-0.0000,-0.2728,-248.5447,0.2743,56.8090,293.4410,3.7092
4475,3.9189,-0.2102,0.5000,190.0703,-0.0000,-0.2733,-243.3192,0.2854,56.6372,292.7251,3.8596
4477,3.4969,-0.2115,0.5000,189.6194,-0.0000,-0.2737,-238.0160,0.2971,56.4626,291.9650,4.0171
4479,3.0721,-0.2129,0.5000,189.1656,-0.0000,-0.2742,-232.6279,0.3096,56.2851,291.1596,4.1821
4481,2.6443,-0.2145,0.5000,188.7089,-0.0000,-0.2747,-227.1476,0.3229,56.1046,290.3077,4.3550
4483,2.2133,-0.2161,0.5000,188.2492,-0.0000,-0.2751,-221.5686,0.3369,55.9212,289.4081,4.5363
4485,1.7790,-0.2178,0.5000,187.7862,-0.0000,-0.2756,-215.8854,0.3518,55.7347,288.4595,4.7267
4487,1.3411,-0.2197,0.5000,187.3198,-0.0000,-0.2760,-210.0917,0.3676,55.5450,287.4604,4.9267
4489,0.8993,-0.2216,0.5000,186.8499,-0.0000,-0.2765,-204.1847,0.3843,55.3521,286.4093,5.1369
4491,0.4534,-0.2237,0.5000,186.3763,-0.0000,-0.2769,-198.1628,0.4020,55.1558,285.3048,5.3581
4493,0.0033,-0.2259,0.5000,185.8986,-0.0000,-0.2774,-192.0265,0.4207,54.9561,284.1453,5.5910
4495,-0.4514,-0.2282,0.5000,185.4169,-0.0000,-0.2778,-185.7766,0.4405,54.7528,282.9293,5.8364
4497,-0.9109,-0.2307,0.5000,184.9306,-0.0000,-0.2782,-179.4197,0.4615,54.5457,281.6550,6.0953
4499,-1.3754,-0.2332,0.5000,184.4397,-0.0000,-0.2787,-172.9663,0.4838,54.3349,280.3212,6.3685
4501,-1.8451,-0.2358,0.5000,183.9438,-0.0000,-0.2791,-166.4290,0.5074,54.1200,278.9261,6.6571
4503,-2.3201,-0.2386,0.5000,183.4426,-0.0000,-0.2795,-159.8248,0.5324,53.9010,277.4687,6.9622
4505,-2.8007,-0.2413,0.5000,182.9359,-0.0000,-0.2799,-153.1752,0.5589,53.6777,275.9475,7.2847
4507,-3.2870,-0.2442,0.5000,182.4232,-0.0000,-0.2804,-146.5065,0.5870,53.4500,274.3615,7.6260
4509,-3.7788,-0.2470,0.5000,181.9044,-0.0000,-0.2808,-139.8514,0.6169,53.2177,272.7100,7.9873
4511,-4.2764,-0.2498,0.5000,181.3790,-0.0000,-0.2812,-133.2456,0.6486,52.9807,270.9924,8.3698
4513,-4.7795,-0.2526,0.5000,180.8467,-0.0000,-0.2816,-126.7272,0.6822,52.7390,269.2086,8.7747
4515,-5.2881,-0.2553,0.5000,180.3074,-0.0001,-0.2819,-120.3385,0.7179,52.4923,267.3586,9.2034
4517,-5.8018,-0.2578,0.5000,179.7606,-0.0000,-0.2823,-114.1253,0.7558,52.2407,265.4429,9.6571
4519,-6.3204,-0.2602,0.5000,179.2061,-0.0000,-0.2826,-110.2504,0.7814,52.0767,264.1793,9.9621
4521,-6.8434,-0.2623,0.5000,178.6438,-0.0000,-0.2829,-105.0682,0.8184,51.8465,262.3894,10.4021
4523,-7.3703,-0.2642,0.5000,178.0734,-0.0000,-0.2832,-100.1150,0.8574,51.6125,260.5504,10.8642
4525,-7.9006,-0.2657,0.5000,177.4948,-0.0000,-0.2836,-93.1827,0.9197,51.2544,257.7028,11.6005
4527,-8.4336,-0.2669,0.5000,176.9081,-0.0001,-0.2839,-88.9351,0.9641,51.0111,255.7476,12.1211
4529,-8.9685,-0.2677,0.5000,176.3131,-0.0001,-0.2842,-85.0183,1.0108,50.7642,253.7493,12.6662
4531,-9.5045,-0.2681,0.5000,175.7100,-0.0001,-0.2846,-79.5922,1.0889,50.3698,250.5287,13.5732
4533,-10.0408,-0.2681,0.5000,175.0991,-0.0001,-0.2848,-77.2352,1.1302,50.1698,248.8838,14.0502
4535,-10.5763,-0.2675,0.5000,174.4804,-0.0001,-0.2851,-73.2826,1.2177,49.7649,245.5322,15.0517
4537,-11.1102,-0.2665,0.5000,173.8545,-0.0001,-0.2853,-71.7038,1.2638,49.5602,243.8284,15.5762
4539,-11.6413,-0.2649,0.5000,173.2217,-0.0001,-0.2854,-70.4002,1.3116,49.3544,242.1083,16.1163
4541,-12.1687,-0.2628,0.5000,172.5828,-0.0002,-0.2857,-68.6443,1.4120,48.9398,238.6257,17.2426
4543,-12.6911,-0.2602,0.5000,171.9382,-0.0002,-0.2859,-68.2027,1.4647,48.7315,236.8670,17.8282
4545,-13.2074,-0.2569,0.5000,171.2890,-0.0003,-0.2861,-68.2096,1.5750,48.3138,233.3244,19.0418
4547,-13.7165,-0.2531,0.5000,170.6359,-0.0003,-0.2862,-68.6604,1.6325,48.1050,231.5445,19.6686
4549,-14.2173,-0.2487,0.5000,169.9801,-0.0003,-0.2865,-70.4454,1.7523,47.6885,227.9776,20.9584
4551,-14.7084,-0.2437,0.5000,169.3227,-0.0004,-0.2866,-71.7666,1.8144,47.4814,226.1948,21.6196
4553,-15.1890,-0.2381,0.5000,168.6649,-0.0006,-0.2868,-75.2066,1.9429,47.0706,222.6402,22.9692
4555,-15.6577,-0.2321,0.5000,168.0083,-0.0005,-0.2870,-77.2904,2.0091,46.8675,220.8724,23.6553
4557,-16.1138,-0.2256,0.5000,167.3542,-0.0006,-0.2871,-79.5868,2.0764,46.6663,219.1133,24.3473
4559,-16.5564,-0.2187,0.5000,166.7044,-0.0008,-0.2874,-84.6907,2.2144,46.2706,215.6277,25.7443
4561,-16.9849,-0.2115,0.5000,166.0604,-0.0007,-0.2875,-87.4336,2.2847,46.0766,213.9041,26.4467
4563,-17.3988,-0.2042,0.5000,165.4240,-0.0011,-0.2878,-93.1054,2.4277,45.6971,210.5006,27.8539
4565,-17.7980,-0.1968,0.5000,164.7970,-0.0012,-0.2880,-95.9570,2.5001,45.5122,208.8224,28.5566
4567,-18.1824,-0.1895,0.5000,164.1809,-0.0012,-0.2883,-101.4989,2.6461,45.1524,205.5157,29.9563
4569,-18.5524,-0.1823,0.5000,163.5775,-0.0016,-0.2885,-104.1208,2.7195,44.9779,203.8874,30.6521
4571,-18.9084,-0.1754,0.5000,162.9884,-0.0017,-0.2887,-106.6052,2.7931,44.8071,202.2758,31.3445
4573,-19.2511,-0.1689,0.5000,162.4148,-0.0017,-0.2892,-111.0794,2.9404,44.4766,199.1015,32.7187
4575,-19.5812,-0.1628,0.5000,161.8581,-0.0021,-0.2894,-113.0430,3.0139,44.3170,197.5380,33.4003
4577,-19.8996,-0.1571,0.5000,161.3193,-0.0021,-0.2899,-116.4025,3.1606,44.0088,194.4553,34.7531
4579,-20.2071,-0.1518,0.5000,160.7992,-0.0022,-0.2901,-117.8059,3.2337,43.8601,192.9350,35.4246
4581,-20.5047,-0.1470,0.5000,160.2983,-0.0031,-0.2905,-120.1073,3.3790,43.5731,189.9337,36.7592
4583,-20.7931,-0.1425,0.5000,159.8170,-0.0029,-0.2907,-120.7592,3.4288,43.4773,188.9115,37.2166
4585,-21.0730,-0.1384,0.5000,159.3555,-0.0032,-0.2910,-121.8753,3.5281,43.2903,186.8838,38.1282
4587,-21.3451,-0.1346,0.5000,158.9137,-0.0034,-0.2913,-122.8061,3.6307,43.1021,184.7998,39.0716
4589,-21.6099,-0.1311,0.5000,158.4914,-0.0037,-0.2916,-123.5437,3.7328,42.9197,182.7379,40.0117
4591,-21.8680,-0.1278,0.5000,158.0882,-0.0040,-0.2918,-124.0975,3.8291,42.7518,180.8027,40.9003
4593,-22.1197,-0.1247,0.5000,157.7037,-0.0044,-0.2921,-124.6452,3.9534,42.5410,178.3204,42.0494
4595,-22.3654,-0.1218,0.5000,157.3371,-0.0048,-0.2923,-125.0344,4.0771,42.3374,175.8680,43.1954
4597,-22.6055,-0.1190,0.5000,156.9879,-0.0051,-0.2925,-125.2445,4.1732,42.1833,173.9758,44.0872
4599,-22.8403,-0.1164,0.5000,156.6555,-0.0055,-0.2926,-125.3793,4.2689,42.0329,172.1008,44.9776
4601,-23.0701,-0.1140,0.5000,156.3389,-0.0061,-0.2927,-125.4407,4.3643,41.8861,170.2423,45.8671
4603,-23.2952,-0.1117,0.5000,156.0375,-0.0064,-0.2928,-125.4310,4.4595,41.7427,168.4001,46.7559
4605,-23.5159,-0.1095,0.5000,155.7505,-0.0066,-0.2928,-125.3471,4.5544,41.6024,166.5735,47.6445
4607,-23.7324,-0.1075,0.5000,155.4771,-0.0071,-0.2929,-125.1887,4.6490,41.4650,164.7621,48.5334
4609,-23.9452,-0.1057,0.5000,155.2165,-0.0077,-0.2929,-124.9515,4.7435,41.3303,162.9655,49.4232
4611,-24.1544,-0.1040,0.5000,154.9679,-0.0080,-0.2929,-124.6340,4.8378,41.1983,161.1829,50.3147
4613,-24.3605,-0.1025,0.5000,154.7306,-0.0082,-0.2928,-124.2334,4.9319,41.0686,159.4138,51.2086
4615,-24.5638,-0.1011,0.5000,154.5038,-0.0090,-0.2928,-123.7477,5.0260,40.9411,157.6576,52.1058
4617,-24.7645,-0.0999,0.5000,154.2867,-0.0099,-0.2926,-122.5119,5.2140,40.6920,154.1815,53.9143
4619,-24.9631,-0.0989,0.5000,154.0785,-0.0100,-0.2925,-121.7586,5.3081,40.5701,152.4601,54.8279
4621,-25.1598,-0.0980,0.5000,153.8785,-0.0115,-0.2923,-120.9136,5.4023,40.4496,150.7490,55.7493
4623,-25.3549,-0.0973,0.5000,153.6860,-0.0127,-0.2922,-119.9746,5.4968,40.3304,149.0475,56.6801
4625,-25.5489,-0.0968,0.5000,153.5001,-0.0118,-0.2920,-118.9426,5.5916,40.2123,147.3549,57.6216
4627,-25.7421,-0.0965,0.5000,153.3203,-0.0116,-0.2918,-117.8152,5.6867,40.0951,145.6704,58.5756
4629,-25.9348,-0.0963,0.5000,153.1457,-0.0149,-0.2916,-116.5937,5.7824,39.9787,143.9934,59.5436
4631,-26.1273,-0.0963,0.5000,152.9756,-0.0146,-0.2914,-115.6880,5.8492,39.8982,142.8332,60.2249
4633,-26.3201,-0.0965,0.5000,152.8094,-0.0150,-0.2912,-114.3633,5.9419,39.7873,141.2366,61.1791
4635,-26.5134,-0.0968,0.5000,152.6463,-0.0155,-0.2910,-112.9508,6.0354,39.6767,139.6451,62.1509
4637,-26.7077,-0.0973,0.5000,152.4857,-0.0166,-0.2907,-111.4508,6.1298,39.5661,138.0580,63.1423
4639,-26.9032,-0.0980,0.5000,152.3269,-0.0176,-0.2903,-109.2775,6.2593,39.4159,135.9120,64.5212
4641,-27.1004,-0.0989,0.5000,152.1692,-0.0182,-0.2900,-107.4546,6.3629,39.2971,134.2259,65.6384
4643,-27.2996,-0.1000,0.5000,152.0120,-0.0208,-0.2897,-105.5349,6.4679,39.1776,132.5425,66.7861
4645,-27.5011,-0.1012,0.5000,151.8546,-0.0203,-0.2893,-103.5202,6.5745,39.0573,130.8609,67.9673
4647,-27.7053,-0.1027,0.5000,151.6965,-0.0218,-0.2890,-101.6192,6.6725,38.9476,129.3425,69.0659
4649,-27.9126,-0.1043,0.5000,151.5369,-0.0222,-0.2886,-99.5458,6.7771,38.8315,127.7502,70.2529
4651,-28.1233,-0.1060,0.5000,151.3754,-0.0240,-0.2881,-96.9202,6.9068,38.6885,125.8152,71.7472
4653,-28.3378,-0.1080,0.5000,151.2112,-0.0256,-0.2877,-94.4010,7.0293,38.5546,124.0304,73.1796
4655,-28.5564,-0.1101,0.5000,151.0439,-0.0267,-0.2871,-91.6327,7.1624,38.4102,122.1364,74.7608
4657,-28.7795,-0.1124,0.5000,150.8728,-0.0284,-0.2867,-89.4534,7.2666,38.2980,120.6871,76.0161
4659,-29.0074,-0.1149,0.5000,150.6974,-0.0311,-0.2859,-85.5111,7.4549,38.0968,118.1418,78.3237
4661,-29.2404,-0.1175,0.5000,150.5172,-0.0323,-0.2855,-83.4868,7.5519,37.9939,116.8661,79.5328
4663,-29.4789,-0.1203,0.5000,150.3317,-0.0336,-0.2851,-81.4307,7.6510,37.8893,115.5882,80.7814
4665,-29.7233,-0.1233,0.5000,150.1404,-0.0356,-0.2845,-78.5962,7.7888,37.7445,113.8509,82.5422
4667,-29.9737,-0.1264,0.5000,149.9427,-0.0379,-0.2838,-75.7167,7.9309,37.5963,112.1085,84.3855
4669,-30.2306,-0.1297,0.5000,149.7383,-0.0402,-0.2831,-72.8004,8.0774,37.4444,110.3607,86.3173
4671,-30.4943,-0.1331,0.5000,149.5266,-0.0427,-0.2824,-69.8561,8.2286,37.2884,108.6071,88.3440
4673,-30.7649,-0.1367,0.5000,149.3073,-0.0455,-0.2816,-66.8931,8.3847,37.1283,106.8474,90.4723
4675,-31.0429,-0.1404,0.5000,149.0799,-0.0486,-0.2807,-63.9208,8.5460,36.9637,105.0812,92.7094
4677,-31.3286,-0.1443,0.5000,148.8441,-0.0518,-0.2798,-60.9492,8.7126,36.7944,103.3084,95.0630
4679,-31.6221,-0.1483,0.5000,148.5995,-0.0552,-0.2789,-57.9878,8.8848,36.6202,101.5287,97.5410
4681,-31.9238,-0.1524,0.5000,148.3458,-0.0591,-0.2778,-55.0466,9.0628,36.4409,99.7421,100.1523
4683,-32.2339,-0.1567,0.5000,148.0828,-0.0634,-0.2767,-52.1350,9.2466,36.2562,97.9484,102.9061
4685,-32.5526,-0.1611,0.5000,147.8100,-0.0679,-0.2755,-49.2625,9.4364,36.0660,96.1476,105.8123
4687,-32.8804,-0.1656,0.5000,147.5274,-0.0726,-0.2742,-46.4383,9.6322,35.8699,94.3398,108.8817
4689,-33.2173,-0.1702,0.5000,147.2346,-0.0780,-0.2728,-43.6708,9.8342,35.6677,92.5248,112.1257
4691,-33.5638,-0.1750,0.5000,146.9316,-0.0841,-0.2713,-40.9681,10.0422,35.4592,90.7029,115.5568
4693,-33.9199,-0.1799,0.5000,146.6181,-0.0905,-0.2696,-38.3375,10.2563,35.2443,88.8740,119.1885
4695,-34.2861,-0.1850,0.5000,146.2941,-0.0972,-0.2678,-35.7857,10.4761,35.0225,87.0383,123.0355
4697,-34.6627,-0.1902,0.5000,145.9594,-0.1050,-0.2659,-33.3187,10.7015,34.7937,85.1960,127.1138
4699,-35.0499,-0.1956,0.5000,145.6141,-0.1143,-0.2637,-30.9411,10.9321,34.5576,83.3471,131.4410
4701,-35.4481,-0.2012,0.5000,145.2581,-0.1234,-0.2614,-28.6575,11.1675,34.3138,81.4919,136.0363
4703,-35.8576,-0.2069,0.5000,144.8915,-0.1319,-0.2589,-26.4713,11.4070,34.0622,79.6304,140.9211
4705,-36.2789,-0.2129,0.5000,144.5142,-0.1434,-0.2562,-24.3846,11.6498,33.8024,77.7627,146.1188
4707,-36.7123,-0.2191,0.5000,144.1265,-0.1618,-0.2517,-21.5238,12.0079,33.4080,75.0286,154.3133
4709,-37.1584,-0.2255,0.5000,143.7284,-0.1704,-0.2493,-20.1752,12.1878,33.2036,73.6568,158.7095
4711,-37.6177,-0.2322,0.5000,143.3200,-0.1816,-0.2467,-18.8807,12.3674,32.9942,72.2819,163.3219
4713,-38.0908,-0.2392,0.5000,142.9016,-0.2056,-0.2409,-16.4542,12.7234,32.5595,69.5227,173.2536
4715,-38.5783,-0.2465,0.5000,142.4734,-0.2178,-0.2378,-15.3211,12.8983,32.3339,68.1384,178.6052
4717,-39.0810,-0.2543,0.5000,142.0355,-0.2467,-0.2309,-13.2120,13.2371,31.8648,65.3601,190.1728
4719,-39.5997,-0.2625,0.5000,141.5883,-0.2620,-0.2271,-12.2341,13.3989,31.6209,63.9660,196.4313
4721,-40.1354,-0.2711,0.5000,141.1320,-0.2780,-0.2231,-11.3061,13.5541,31.3704,62.5685,203.0382
4723,-40.6890,-0.2803,0.5000,140.6669,-0.3094,-0.2155,-9.8056,13.8043,30.9174,60.1261,215.4573
4725,-41.2618,-0.2901,0.5000,140.1933,-0.3388,-0.2085,-8.6397,13.9921,30.5138,58.0373,227.0533
4727,-41.8551,-0.3007,0.5000,139.7116,-0.3547,-0.2047,-8.0937,14.0753,30.3053,56.9895,233.2430
4729,-42.4704,-0.3120,0.5000,139.2221,-0.3879,-0.1968,-7.0735,14.2169,29.8742,54.8864,246.4910
4731,-43.1095,-0.3242,0.5000,138.7252,-0.4242,-0.1883,-6.1449,14.3192,29.4229,52.7724,261.0286
4733,-43.7743,-0.3375,0.5000,138.2213,-0.4638,-0.1792,-5.3033,14.3751,28.9495,50.6463,277.0396
4735,-44.4672,-0.3519,0.5000,137.7107,-0.5063,-0.1695,-4.5441,14.3766,28.4519,48.5065,294.7440
4737,-45.1906,-0.3678,0.5000,137.1939,-0.5524,-0.1593,-3.8629,14.3152,27.9277,46.3511,314.4076
4739,-45.9477,-0.3852,0.5000,136.6712,-0.6013,-0.1486,-3.2550,14.1824,27.3740,44.1776,336.3532
4741,-46.7419,-0.4045,0.5000,136.1430,-0.6271,-0.1430,-2.9772,14.0865,27.0851,43.0832,348.3023
4743,-47.5775,-0.4260,0.5000,135.6098,-0.6808,-0.1318,-2.4708,13.8305,26.4807,40.8771,374.4432
4745,-48.4591,-0.4501,0.5000,135.0719,-0.7371,-0.1202,-2.0266,13.4823,25.8375,38.6445,404.0436
4747,-49.3928,-0.4773,0.5000,134.5299,-0.7954,-0.1085,-1.6402,13.0350,25.1503,36.3808,437.7939
4749,-50.3852,-0.5081,0.5000,133.9840,-0.8550,-0.0968,-1.3073,12.4831,24.4133,34.0802,476.5722
4751,-51.4449,-0.5435,0.5000,133.4348,-0.9146,-0.0853,-1.0237,11.8233,23.6191,31.7355,521.5069
4753,-52.5820,-0.5843,0.5000,132.8826,-0.9512,-0.0782,-0.8703,11.3579,23.0922,30.2502,553.2103
4755,-53.8089,-0.6319,0.5000,132.3278,-1.0100,-0.0667,-0.6491,10.4825,22.1420,27.7004,614.3818
4757,-55.1411,-0.6879,0.5000,131.7710,-1.0505,-0.0584,-0.5110,9.7528,21.3689,25.7369,668.1067
4759,-56.5981,-0.7543,0.5000,131.2124,-1.0917,-0.0494,-0.3782,8.8371,20.3992,23.4004,740.6891
4761,-58.2042,-0.8341,0.5000,130.6525,-1.1262,-0.0404,-0.2658,7.7951,19.2684,20.8349,832.7585
4763,-59.9901,-0.9306,0.5000,130.0917,-1.1482,-0.0323,-0.1792,6.6962,18.0093,18.1564,944.5516
4765,-61.9945,-1.0480,0.5000,129.5304,-1.1549,-0.0264,-0.1261,5.7919,16.8907,15.9170,1051.4461
4767,-64.2646,-1.1906,0.5000,128.9690,-1.1461,-0.0198,-0.0769,4.6556,15.3240,12.9772,1210.7769
4769,-66.8537,-1.3603,0.5000,128.4080,-1.1136,-0.0142,-0.0436,3.5494,13.5322,9.8638,1399.7505
4771,-69.8100,-1.5502,0.5000,127.8477,-1.0479,-0.0097,-0.0227,2.5226,11.4781,6.5806,1606.7573
4773,-73.1393,-1.7282,0.5000,127.2885,-0.9500,-0.0066,-0.0118,1.7243,9.4278,3.5734,1769.3454
4775,-76.7257,-1.8131,0.5000,126.7308,-0.7981,-0.0044,-0.0054,1.0372,7.0663,0.4163,1834.0882
4777,-80.2331,-1.6851,0.5000,126.1750,-0.6282,-0.0031,-0.0025,0.5672,4.8122,-2.2881,1677.5749
4779,-83.1659,-1.3104,0.5000,125.6214,-0.4857,-0.0024,-0.0012,0.2730,2.8325,-4.3534,1268.1663
4781,-85.2015,-0.8447,0.5000,125.0700,-0.4161,-0.0022,-0.0007,0.1329,1.5690,-5.4081,826.2889
4783,-86.4020,-0.4715,0.5000,124.5209,-0.3976,-0.0022,-0.0005,0.0619,0.7865,-5.7969,463.0474
4785,-87.0366,-0.2413,0.5000,123.9744,-0.4125,-0.0024,-0.0004,0.0318,0.4145,-5.7476,260.3786
4787,-87.3524,-0.1182,0.5000,123.4306,-0.4471,-0.0027,-0.0004,0.0169,0.2200,-5.4862,144.5922
4789,-87.5055,-0.0570,0.5000,122.8896,-0.4876,-0.0030,-0.0004,0.0104,0.1347,-5.1678,91.0702
4791,-87.5794,-0.0276,0.5000,122.3516,-0.5346,-0.0034,-0.0004,0.0071,0.0908,-4.8055,62.7485
4793,-87.6157,-0.0138,0.5000,121.8167,-0.5889,-0.0039,-0.0004,0.0054,0.0680,-4.4000,47.7800
4795,-87.6343,-0.0072,0.5000,121.2851,-0.6229,-0.0042,-0.0004,0.0048,0.0604,-4.1518,42.8008
4797,-87.6446,-0.0042,0.5000,120.7569,-0.6687,-0.0046,-0.0004,0.0044,0.0540,-3.8235,38.6733
4799,-87.6509,-0.0027,0.5000,120.2323,-0.7180,-0.0051,-0.0004,0.0041,0.0497,-3.4779,35.9272
4801,-87.6553,-0.0020,0.5000,119.7112,-0.7488,-0.0054,-0.0004,0.0039,0.0477,-3.2646,34.6278
4803,-87.6588,-0.0016,0.5000,119.1938,-0.8004,-0.0060,-0.0004,0.0037,0.0449,-2.9133,32.7768
4805,-87.6618,-0.0014,0.5000,118.6803,-0.8218,-0.0063,-0.0004,0.0036,0.0438,-2.7699,32.0690
4807,-87.6645,-0.0013,0.5000,118.1706,-0.8620,-0.0068,-0.0004,0.0035,0.0418,-2.5038,30.7401
4809,-87.6670,-0.0012,0.5000,117.6648,-0.8808,-0.0070,-0.0004,0.0034,0.0408,-2.3805,30.1117
4811,-87.6695,-0.0012,0.5000,117.1631,-0.9161,-0.0075,-0.0004,0.0033,0.0391,-2.1519,28.9166
4813,-87.6718,-0.0012,0.5000,116.6653,-0.9327,-0.0077,-0.0004,0.0032,0.0382,-2.0459,28.3405
4815,-87.6741,-0.0011,0.5000,116.1716,-0.9567,-0.0081,-0.0004,0.0031,0.0370,-1.8942,27.4841
4817,-87.6762,-0.0011,0.5000,115.6820,-0.9792,-0.0085,-0.0004,0.0030,0.0358,-1.7538,26.6578
4819,-87.6783,-0.0010,0.5000,115.1965,-1.0003,-0.0088,-0.0004,0.0029,0.0346,-1.6238,25.8555
4821,-87.6804,-0.0010,0.5000,114.7152,-1.0201,-0.0092,-0.0004,0.0028,0.0335,-1.5036,25.0749
4823,-87.6824,-0.0010,0.5000,114.2380,-1.0386,-0.0095,-0.0004,0.0028,0.0324,-1.3922,24.3206
4825,-87.6843,-0.0010,0.5000,113.7650,-1.0560,-0.0099,-0.0004,0.0027,0.0313,-1.2891,23.5849
4827,-87.6862,-0.0009,0.5000,113.2962,-1.0723,-0.0102,-0.0004,0.0026,0.0303,-1.1937,22.8687
4829,-87.6880,-0.0009,0.5000,112.8315,-1.0876,-0.0106,-0.0004,0.0025,0.0293,-1.1055,22.1722
4831,-87.6898,-0.0009,0.5000,112.3710,-1.1019,-0.0109,-0.0004,0.0024,0.0284,-1.0237,21.4942
4833,-87.6915,-0.0009,0.5000,111.9147,-1.1154,-0.0112,-0.0004,0.0024,0.0274,-0.9481,20.8328
4835,-87.6932,-0.0008,0.5000,111.4625,-1.1280,-0.0116,-0.0004,0.0023,0.0265,-0.8781,20.1872
4837,-87.6949,-0.0008,0.5000,111.0145,-1.1398,-0.0119,-0.0004,0.0022,0.0256,-0.8133,19.5570
4839,-87.6965,-0.0008,0.5000,110.5706,-1.1509,-0.0122,-0.0004,0.0021,0.0248,-0.7534,18.9418
4841,-87.6981,-0.0008,0.5000,110.1309,-1.1613,-0.0126,-0.0004,0.0021,0.0239,-0.6979,18.3407
4843,-87.6996,-0.0008,0.5000,109.6952,-1.1711,-0.0129,-0.0004,0.0020,0.0231,-0.6465,17.7528
4845,-87.7011,-0.0007,0.5000,109.2637,-1.1802,-0.0132,-0.0004,0.0019,0.0223,-0.5990,17.1776
4847,-87.7026,-0.0007,0.5000,108.8362,-1.1888,-0.0135,-0.0004,0.0019,0.0216,-0.5550,16.6146
4849,-87.7040,-0.0007,0.5000,108.4127,-1.1968,-0.0138,-0.0004,0.0018,0.0208,-0.5143,16.0635
4851,-87.7055,-0.0007,0.5000,107.9933,-1.2044,-0.0141,-0.0004,0.0018,0.0201,-0.4766,15.5236
4853,-87.7068,-0.0007,0.5000,107.5778,-1.2115,-0.0144,-0.0004,0.0017,0.0193,-0.4418,14.9944
4855,-87.7082,-0.0007,0.5000,107.1663,-1.2181,-0.0147,-0.0004,0.0016,0.0186,-0.4095,14.4756
4857,-87.7095,-0.0007,0.5000,106.7588,-1.2243,-0.0150,-0.0004,0.0016,0.0179,-0.3797,13.9667
4859,-87.7108,-0.0006,0.5000,106.3551,-1.2302,-0.0153,-0.0004,0.0015,0.0172,-0.3520,13.4674
4861,-87.7121,-0.0006,0.5000,105.9554,-1.2356,-0.0156,-0.0004,0.0015,0.0166,-0.3265,12.9773
4863,-87.7134,-0.0006,0.5000,105.5595,-1.2408,-0.0159,-0.0004,0.0014,0.0159,-0.3028,12.4961
4865,-87.7146,-0.0006,0.5000,105.1674,-1.2456,-0.0162,-0.0004,0.0014,0.0153,-0.2809,12.0235
4867,-87.7158,-0.0006,0.5000,104.7791,-1.2501,-0.0165,-0.0004,0.0013,0.0147,-0.2606,11.5592
4869,-87.7170,-0.0006,0.5000,104.3945,-1.2544,-0.0168,-0.0004,0.0013,0.0141,-0.2419,11.1029
4871,-87.7182,-0.0006,0.5000,104.0137,-1.2583,-0.0171,-0.0004,0.0012,0.0135,-0.2245,10.6543
4873,-87.7194,-0.0006,0.5000,103.6366,-1.2621,-0.0173,-0.0004,0.0012,0.0129,-0.2085,10.2132
4875,-87.7205,-0.0006,0.5000,103.2631,-1.2656,-0.0176,-0.0004,0.0011,0.0123,-0.1936,9.7794
4877,-87.7216,-0.0006,0.5000,102.8933,-1.2688,-0.0179,-0.0004,0.0011,0.0118,-0.1798,9.3527
4879,-87.7227,-0.0005,0.5000,102.5271,-1.2719,-0.0182,-0.0004,0.0010,0.0112,-0.1671,8.9328
4881,-87.7238,-0.0005,0.5000,102.1644,-1.2748,-0.0184,-0.0004,0.0010,0.0107,-0.1553,8.5195
4883,-87.7249,-0.0005,0.5000,101.8052,-1.2775,-0.0187,-0.0004,0.0009,0.0101,-0.1444,8.1127
4885,-87.7259,-0.0005,0.5000,101.4496,-1.2800,-0.0190,-0.0004,0.0009,0.0096,-0.1343,7.7122
4887,-87.7269,-0.0005,0.5000,101.0974,-1.2824,-0.0192,-0.0004,0.0008,0.0091,-0.1250,7.3178
4889,-87.7279,-0.0005,0.5000,100.7486,-1.2846,-0.0195,-0.0004,0.0008,0.0086,-0.1164,6.9294
4891,-87.7289,-0.0005,0.5000,100.4033,-1.2867,-0.0197,-0.0004,0.0007,0.0081,-0.1084,6.5467
4893,-87.7299,-0.0005,0.5000,100.0613,-1.2886,-0.0200,-0.0004,0.0007,0.0076,-0.1010,6.1697
4895,-87.7309,-0.0005,0.5000,99.7226,-1.2905,-0.0202,-0.0004,0.0007,0.0072,-0.0941,5.7982
4897,-87.7319,-0.0005,0.5000,99.3872,-1.2922,-0.0205,-0.0004,0.0006,0.0067,-0.0878,5.4321
4899,-87.7328,-0.0005,0.5000,99.0551,-1.2938,-0.0207,-0.0004,0.0006,0.0062,-0.0819,5.0713
4901,-87.7337,-0.0005,0.5000,98.7263,-1.2953,-0.0210,-0.0004,0.0005,0.0058,-0.0765,4.7156
4903,-87.7346,-0.0005,0.5000,98.4006,-1.2967,-0.0212,-0.0004,0.0005,0.0053,-0.0715,4.3649
4905,-87.7355,-0.0004,0.5000,98.0781,-1.2980,-0.0215,-0.0004,0.0005,0.0049,-0.0668,4.0192
4907,-87.7364,-0.0004,0.5000,97.7587,-1.2992,-0.0217,-0.0004,0.0004,0.0045,-0.0625,3.6782
4909,-87.7373,-0.0004,0.5000,97.4425,-1.3003,-0.0219,-0.0004,0.0004,0.0041,-0.0586,3.3420
4911,-87.7382,-0.0004,0.5000,97.1293,-1.3014,-0.0222,-0.0004,0.0003,0.0037,-0.0549,3.0103
4913,-87.7390,-0.0004,0.5000,96.8191,-1.3024,-0.0224,-0.0004,0.0003,0.0032,-0.0515,2.6832
4915,-87.7399,-0.0004,0.5000,96.5120,-1.3033,-0.0226,-0.0004,0.0003,0.0029,-0.0483,2.3605
4917,-87.7407,-0.0004,0.5000,96.2078,-1.3042,-0.0229,-0.0004,0.0002,0.0025,-0.0454,2.0422
4919,-87.7415,-0.0004,0.5000,95.9066,-1.3050,-0.0231,-0.0004,0.0002,0.0021,-0.0427,1.7281
4921,-87.7423,-0.0004,0.5000,95.6083,-1.3058,-0.0233,-0.0004,0.0002,0.0017,-0.0402,1.4181
4923,-87.7431,-0.0004,0.5000,95.3129,-1.3065,-0.0235,-0.0004,0.0001,0.0013,-0.0379,1.1123
4925,-87.7439,-0.0004,0.5000,95.0203,-1.3071,-0.0237,-0.0004,0.0001,0.0010,-0.0357,0.8105
4927,-87.7447,-0.0004,0.5000,94.7306,-1.3078,-0.0240,-0.0004,0.0001,0.0006,-0.0337,0.5126
4929,-87.7455,-0.0004,0.5000,94.4437,-1.3083,-0.0242,-0.0004,0.0000,0.0003,-0.0319,0.2187
4931,-87.7462,-0.0004,0.5000,94.1595,-1.3089,-0.0244,-0.0004,-0.0000,-0.0001,-0.0302,-0.0715
4933,-87.7470,-0.0004,0.5000,93.8781,-1.3093,-0.0246,-0.0004,-0.0000,-0.0004,-0.0286,-0.3580
4935,-87.7477,-0.0004,0.5000,93.5994,-1.3098,-0.0248,-0.0004,-0.0001,-0.0008,-0.0272,-0.6407
4937,-87.7484,-0.0004,0.5000,93.3234,-1.3102,-0.0250,-0.0004,-0.0001,-0.0011,-0.0258,-0.9198
4939,-87.7492,-0.0004,0.5000,93.0501,-1.3106,-0.0252,-0.0004,-0.0001,-0.0014,-0.0246,-1.1954
4941,-87.7499,-0.0004,0.5000,92.7793,-1.3110,-0.0254,-0.0004,-0.0002,-0.0017,-0.0234,-1.4675
4943,-87.7506,-0.0003,0.5000,92.5112,-1.3113,-0.0256,-0.0004,-0.0002,-0.0020,-0.0223,-1.7362
4945,-87.7513,-0.0003,0.5000,92.2457,-1.3116,-0.0258,-0.0004,-0.0002,-0.0023,-0.0213,-2.0014
4947,-87.7519,-0.0003,0.5000,91.9827,-1.3119,-0.0260,-0.0004,-0.0003,-0.0026,-0.0204,-2.2634
4949,-87.7526,-0.0003,0.5000,91.7222,-1.3122,-0.0262,-0.0004,-0.0003,-0.0029,-0.0196,-2.5220
4951,-87.7533,-0.0003,0.5000,91.4642,-1.3124,-0.0264,-0.0004,-0.0003,-0.0032,-0.0188,-2.7774
4953,-87.7539,-0.0003,0.5000,91.2087,-1.3126,-0.0266,-0.0004,-0.0003,-0.0035,-0.0180,-3.0297
4955,-87.7546,-0.0003,0.5000,90.9557,-1.3128,-0.0268,-0.0004,-0.0004,-0.0038,-0.0174,-3.2788
4957,-87.7552,-0.0003,0.5000,90.7050,-1.3130,-0.0270,-0.0004,-0.0004,-0.0041,-0.0167,-3.5249
4959,-87.7559,-0.0003,0.5000,90.4568,-1.3132,-0.0272,-0.0004,-0.0004,-0.0044,-0.0162,-3.7679
4961,-87.7565,-0.0003,0.5000,90.2109,-1.3133,-0.0274,-0.0004,-0.0005,-0.0046,-0.0156,-4.0079
4963,-87.7571,-0.0003,0.5000,89.9674,-1.3135,-0.0275,-0.0004,-0.0005,-0.0049,-0.0151,-4.2450
4965,-87.7577,-0.0003,0.5000,89.7262,-1.3136,-0.0277,-0.0004,-0.0005,-0.0051,-0.0147,-4.4792
4967,-87.7583,-0.0003,0.5000,89.4872,-1.3137,-0.0279,-0.0004,-0.0005,-0.0054,-0.0142,-4.7105
4969,-87.7589,-0.0003,0.5000,89.2506,-1.3138,-0.0281,-0.0004,-0.0006,-0.0057,-0.0138,-4.9391
4971,-87.7595,-0.0003,0.5000,89.0162,-1.3139,-0.0283,-0.0004,-0.0006,-0.0059,-0.0135,-5.1648
4973,-87.7601,-0.0003,0.5000,88.7841,-1.3140,-0.0284,-0.0004,-0.0006,-0.0061,-0.0131,-5.3878
4975,-87.7607,-0.0003,0.5000,88.5541,-1.3140,-0.0286,-0.0004,-0.0006,-0.0064,-0.0128,-5.6082
4977,-87.7612,-0.0003,0.5000,88.3263,-1.3141,-0.0288,-0.0004,-0.0007,-0.0066,-0.0125,-5.8258
4979,-87.7618,-0.0003,0.5000,88.1007,-1.3141,-0.0290,-0.0004,-0.0007,-0.0069,-0.0122,-6.0409
4981,-87.7623,-0.0003,0.5000,87.8773,-1.3142,-0.0291,-0.0004,-0.0007,-0.0071,-0.0120,-6.2534
4983,-87.7629,-0.0003,0.5000,87.6559,-1.3142,-0.0293,-0.0004,-0.0007,-0.0073,-0.0118,-6.4633
4985,-87.7634,-0.0003,0.5000,87.4367,-1.3142,-0.0295,-0.0004,-0.0008,-0.0075,-0.0115,-6.6707
4987,-87.7640,-0.0003,0.5000,87.2195,-1.3143,-0.0296,-0.0004,-0.0008,-0.0077,-0.0113,-6.8757
4989,-87.7645,-0.0003,0.5000,87.0043,-1.3143,-0.0298,-0.0004,-0.0008,-0.0079,-0.0111,-7.0782
4991,-87.7650,-0.0003,0.5000,86.7912,-1.3143,-0.0300,-0.0004,-0.0008,-0.0082,-0.0110,-7.2783
4993,-87.7655,-0.0003,0.5000,86.5802,-1.3143,-0.0301,-0.0004,-0.0009,-0.0084,-0.0108,-7.4760
4995,-87.7660,-0.0003,0.5000,86.3711,-1.3143,-0.0303,-0.0004,-0.0009,-0.0086,-0.0107,-7.6714
4997,-87.7666,-0.0003,0.5000,86.1639,-1.3143,-0.0304,-0.0004,-0.0009,-0.0088,-0.0105,-7.8645
4999,-87.7670,-0.0002,0.5000,85.9588,-1.3142,-0.0306,-0.0004,-0.0009,-0.0090,-0.0104,-8.0553
5001,-87.7675,-0.0002,0.5000,85.7555,-1.3142,-0.0307,-0.0004,-0.0010,-0.0092,-0.0103,-8.2439
5003,-87.7680,-0.0002,0.5000,85.5542,-1.3142,-0.0309,-0.0004,-0.0010,-0.0093,-0.0102,-8.4303
5005,-87.7685,-0.0002,0.5000,85.3547,-1.3142,-0.0311,-0.0004,-0.0010,-0.0095,-0.0100,-8.6144
5007,-87.7690,-0.0002,0.5000,85.1572,-1.3142,-0.0312,-0.0004,-0.0010,-0.0097,-0.0099,-8.7964
5009,-87.7695,-0.0002,0.5000,84.9615,-1.3141,-0.0314,-0.0004,-0.0010,-0.0099,-0.0099,-8.9763
5011,-87.7699,-0.0002,0.5000,84.7676,-1.3141,-0.0315,-0.0004,-0.0011,-0.0101,-0.0098,-9.1541
5013,-87.7704,-0.0002,0.5000,84.5756,-1.3141,-0.0317,-0.0004,-0.0011,-0.0102,-0.0097,-9.3298
5015,-87.7708,-0.0002,0.5000,84.3853,-1.3140,-0.0318,-0.0004,-0.0011,-0.0104,-0.0096,-9.5035
5017,-87.7713,-0.0002,0.5000,84.1968,-1.3140,-0.0319,-0.0004,-0.0011,-0.0106,-0.0095,-9.6751
5019,-87.7717,-0.0002,0.5000,84.0101,-1.3139,-0.0321,-0.0004,-0.0011,-0.0107,-0.0095,-9.8448
5021,-87.7722,-0.0002,0.5000,83.8252,-1.3139,-0.0322,-0.0004,-0.0012,-0.0109,-0.0094,-10.0125
5023,-87.7726,-0.0002,0.5000,83.6420,-1.3138,-0.0324,-0.0004,-0.0012,-0.0111,-0.0094,-10.1783
5025,-87.7730,-0.0002,0.5000,83.4605,-1.3138,-0.0325,-0.0004,-0.0012,-0.0112,-0.0093,-10.3421
5027,-87.7734,-0.0002,0.5000,83.2806,-1.3137,-0.0326,-0.0004,-0.0012,-0.0114,-0.0092,-10.5041
5029,-87.7739,-0.0002,0.5000,83.1025,-1.3137,-0.0328,-0.0004,-0.0012,-0.0115,-0.0092,-10.6642
5031,-87.7743,-0.0002,0.5000,82.9260,-1.3136,-0.0329,-0.0004,-0.0013,-0.0117,-0.0092,-10.8224
5033,-87.7747,-0.0002,0.5000,82.7512,-1.3136,-0.0331,-0.0004,-0.0013,-0.0118,-0.0091,-10.9789
5035,-87.7751,-0.0002,0.5000,82.5780,-1.3135,-0.0332,-0.0004,-0.0013,-0.0120,-0.0091,-11.1335
5037,-87.7755,-0.0002,0.5000,82.4064,-1.3135,-0.0333,-0.0004,-0.0013,-0.0121,-0.0090,-11.2864
5039,-87.7759,-0.0002,0.5000,82.2365,-1.3134,-0.0334,-0.0004,-0.0013,-0.0122,-0.0090,-11.4376
5041,-87.7763,-0.0002,0.5000,82.0681,-1.3133,-0.0336,-0.0004,-0.0013,-0.0124,-0.0090,-11.5870
5043,-87.7767,-0.0002,0.5000,81.9013,-1.3133,-0.0337,-0.0004,-0.0014,-0.0125,-0.0089,-11.7347
5045,-87.7770,-0.0002,0.5000,81.7360,-1.3132,-0.0338,-0.0004,-0.0014,-0.0126,-0.0089,-11.8807
5047,-87.7774,-0.0002,0.5000,81.5723,-1.3132,-0.0340,-0.0004,-0.0014,-0.0128,-0.0089,-12.0251
5049,-87.7778,-0.0002,0.5000,81.4100,-1.3131,-0.0341,-0.0004,-0.0014,-0.0129,-0.0088,-12.1678
5051,-87.7782,-0.0002,0.5000,81.2493,-1.3130,-0.0342,-0.0004,-0.0014,-0.0130,-0.0088,-12.3089
5053,-87.7785,-0.0002,0.5000,81.0901,-1.3130,-0.0343,-0.0004,-0.0015,-0.0131,-0.0088,-12.4484
5055,-87.7789,-0.0002,0.5000,80.9324,-1.3129,-0.0345,-0.0004,-0.0015,-0.0133,-0.0088,-12.5863
5057,-87.7792,-0.0002,0.5000,80.7762,-1.3129,-0.0346,-0.0004,-0.0015,-0.0134,-0.0087,-12.7227
5059,-87.7796,-0.0002,0.5000,80.6213,-1.3128,-0.0347,-0.0004,-0.0015,-0.0135,-0.0087,-12.8576
5061,-87.7799,-0.0002,0.5000,80.4680,-1.3127,-0.0348,-0.0004,-0.0015,-0.0136,-0.0087,-12.9909
5063,-87.7803,-0.0002,0.5000,80.3160,-1.3127,-0.0349,-0.0004,-0.0015,-0.0137,-0.0087,-13.1227
5065,-87.7806,-0.0002,0.5000,80.1655,-1.3126,-0.0351,-0.0004,-0.0015,-0.0138,-0.0087,-13.2530
5067,-87.7810,-0.0002,0.5000,80.0164,-1.3126,-0.0352,-0.0004,-0.0016,-0.0139,-0.0086,-13.3819
5069,-87.7813,-0.0002,0.5000,79.8686,-1.3125,-0.0353,-0.0004,-0.0016,-0.0141,-0.0086,-13.5094
5071,-87.7816,-0.0002,0.5000,79.7222,-1.3124,-0.0354,-0.0004,-0.0016,-0.0142,-0.0086,-13.6354
5073,-87.7819,-0.0002,0.5000,79.5772,-1.3124,-0.0355,-0.0004,-0.0016,-0.0143,-0.0086,-13.7600
5075,-87.7823,-0.0002,0.5000,79.4335,-1.3123,-0.0356,-0.0004,-0.0016,-0.0144,-0.0086,-13.8832
5077,-87.7826,-0.0002,0.5000,79.2912,-1.3122,-0.0357,-0.0004,-0.0016,-0.0145,-0.0086,-14.0050
5079,-87.7829,-0.0002,0.5000,79.1501,-1.3122,-0.0358,-0.0004,-0.0017,-0.0146,-0.0085,-14.1255
5081,-87.7832,-0.0002,0.5000,79.0104,-1.3121,-0.0360,-0.0004,-0.0017,-0.0147,-0.0085,-14.2446
5083,-87.7835,-0.0002,0.5000,78.8720,-1.3121,-0.0361,-0.0004,-0.0017,-0.0147,-0.0085,-14.3624
5085,-87.7838,-0.0002,0.5000,78.7348,-1.3120,-0.0362,-0.0004,-0.0017,-0.0148,-0.0085,-14.4789
5087,-87.7841,-0.0002,0.5000,78.5990,-1.3119,-0.0363,-0.0004,-0.0017,-0.0149,-0.0085,-14.5941
5089,-87.7844,-0.0001,0.5000,78.4643,-1.3119,-0.0364,-0.0004,-0.0017,-0.0150,-0.0085,-14.7080
5091,-87.7847,-0.0001,0.5000,78.3310,-1.3118,-0.0365,-0.0004,-0.0017,-0.0151,-0.0085,-14.8207
5093,-87.7850,-0.0001,0.5000,78.1988,-1.3118,-0.0366,-0.0004,-0.0017,-0.0152,-0.0085,-14.9321
5095,-87.7853,-0.0001,0.5000,78.0679,-1.3117,-0.0367,-0.0004,-0.0018,-0.0153,-0.0084,-15.0423
5097,-87.7856,-0.0001,0.5000,77.9382,-1.3116,-0.0368,-0.0004,-0.0018,-0.0154,-0.0084,-15.1512
5099,-87.7859,-0.0001,0.5000,77.8097,-1.3116,-0.0369,-0.0004,-0.0018,-0.0154,-0.0084,-15.2590
5101,-87.7862,-0.0001,0.5000,77.6824,-1.3115,-0.0370,-0.0004,-0.0018,-0.0155,-0.0084,-15.3656
5103,-87.7864,-0.0001,0.5000,77.5563,-1.3115,-0.0371,-0.0004,-0.0018,-0.0156,-0.0084,-15.4710
5105,-87.7867,-0.0001,0.5000,77.4313,-1.3114,-0.0372,-0.0004,-0.0018,-0.0157,-0.0084,-15.5752
5107,-87.7870,-0.0001,0.5000,77.3075,-1.3114,-0.0373,-0.0004,-0.0018,-0.0157,-0.0084,-15.6783
5109,-87.7872,-0.0001,0.5000,77.1849,-1.3113,-0.0374,-0.0004,-0.0019,-0.0158,-0.0084,-15.7803
5111,-87.7875,-0.0001,0.5000,77.0633,-1.3112,-0.0375,-0.0004,-0.0019,-0.0159,-0.0083,-15.8811
5113,-87.7878,-0.0001,0.5000,76.9429,-1.3112,-0.0376,-0.0004,-0.0019,-0.0160,-0.0083,-15.9809
5115,-87.7880,-0.0001,0.5000,76.8237,-1.3111,-0.0377,-0.0004,-0.0019,-0.0160,-0.0083,-16.0795
5117,-87.7883,-0.0001,0.5000,76.7055,-1.3111,-0.0378,-0.0004,-0.0019,-0.0161,-0.0083,-16.1771
5119,-87.7885,-0.0001,0.5000,76.5884,-1.3110,-0.0379,-0.0004,-0.0019,-0.0162,-0.0083,-16.2736
5121,-87.7888,-0.0001,0.5000,76.4724,-1.3110,-0.0379,-0.0004,-0.0019,-0.0162,-0.0083,-16.3691
5123,-87.7890,-0.0001,0.5000,76.3575,-1.3109,-0.0380,-0.0004,-0.0019,-0.0163,-0.0083,-16.4635
5125,-87.7893,-0.0001,0.5000,76.2436,-1.3109,-0.0381,-0.0004,-0.0019,-0.0164,-0.0083,-16.5568
5127,-87.7895,-0.0001,0.5000,76.1308,-1.3108,-0.0382,-0.0004,-0.0020,-0.0164,-0.0083,-16.6492
5129,-87.7898,-0.0001,0.5000,76.0191,-1.3107,-0.0383,-0.0004,-0.0020,-0.0165,-0.0083,-16.7406
5131,-87.7900,-0.0001,0.5000,75.9083,-1.3107,-0.0384,-0.0004,-0.0020,-0.0165,-0.0082,-16.8309
5133,-87.7902,-0.0001,0.5000,75.7986,-1.3106,-0.0385,-0.0004,-0.0020,-0.0166,-0.0082,-16.9203
5135,-87.7905,-0.0001,0.5000,75.6900,-1.3106,-0.0386,-0.0004,-0.0020,-0.0166,-0.0082,-17.0087
5137,-87.7907,-0.0001,0.5000,75.5823,-1.3105,-0.0387,-0.0004,-0.0020,-0.0167,-0.0082,-17.0962
5139,-87.7909,-0.0001,0.5000,75.4756,-1.3105,-0.0387,-0.0004,-0.0020,-0.0168,-0.0082,-17.1827
5141,-87.7911,-0.0001,0.5000,75.3699,-1.3104,-0.0388,-0.0004,-0.0020,-0.0168,-0.0082,-17.2682
5143,-87.7914,-0.0001,0.5000,75.2652,-1.3104,-0.0389,-0.0004,-0.0020,-0.0169,-0.0082,-17.3529
5145,-87.7916,-0.0001,0.5000,75.1615,-1.3103,-0.0390,-0.0004,-0.0021,-0.0169,-0.0082,-17.4366
5147,-87.7918,-0.0001,0.5000,75.0587,-1.3103,-0.0391,-0.0004,-0.0021,-0.0170,-0.0082,-17.5194
5149,-87.7920,-0.0001,0.5000,74.9569,-1.3102,-0.0392,-0.0004,-0.0021,-0.0170,-0.0082,-17.6013
5151,-87.7922,-0.0001,0.5000,74.8561,-1.3102,-0.0392,-0.0004,-0.0021,-0.0171,-0.0081,-17.6823
5153,-87.7924,-0.0001,0.5000,74.7561,-1.3102,-0.0393,-0.0004,-0.0021,-0.0171,-0.0081,-17.7625
5155,-87.7927,-0.0001,0.5000,74.6571,-1.3101,-0.0394,-0.0004,-0.0021,-0.0171,-0.0081,-17.8418
5157,-87.7929,-0.0001,0.5000,74.5591,-1.3101,-0.0395,-0.0004,-0.0021,-0.0172,-0.0081,-17.9202
5159,-87.7931,-0.0001,0.5000,74.4619,-1.3100,-0.0395,-0.0004,-0.0021,-0.0172,-0.0081,-17.9978
5161,-87.7933,-0.0001,0.5000,74.3657,-1.3100,-0.0396,-0.0004,-0.0021,-0.0173,-0.0081,-18.0746
5163,-87.7935,-0.0001,0.5000,74.2703,-1.3099,-0.0397,-0.0004,-0.0021,-0.0173,-0.0081,-18.1505
5165,-87.7937,-0.0001,0.5000,74.1758,-1.3099,-0.0398,-0.0004,-0.0022,-0.0174,-0.0081,-18.2256
5167,-87.7939,-0.0001,0.5000,74.0822,-1.3098,-0.0399,-0.0004,-0.0022,-0.0174,-0.0081,-18.2999
5169,-87.7941,-0.0001,0.5000,73.9895,-1.3098,-0.0399,-0.0004,-0.0022,-0.0174,-0.0081,-18.3734
5171,-87.7942,-0.0001,0.5000,73.8977,-1.3097,-0.0400,-0.0004,-0.0022,-0.0175,-0.0081,-18.4461
5173,-87.7944,-0.0001,0.5000,73.8067,-1.3097,-0.0401,-0.0004,-0.0022,-0.0175,-0.0080,-18.5180
5175,-87.7946,-0.0001,0.5000,73.7165,-1.3097,-0.0401,-0.0004,-0.0022,-0.0175,-0.0080,-18.5892
5177,-87.7948,-0.0001,0.5000,73.6272,-1.3096,-0.0402,-0.0004,-0.0022,-0.0176,-0.0080,-18.6596
5179,-87.7950,-0.0001,0.5000,73.5387,-1.3096,-0.0403,-0.0004,-0.0022,-0.0176,-0.0080,-18.7292
5181,-87.7952,-0.0001,0.5000,73.4511,-1.3095,-0.0404,-0.0004,-0.0022,-0.0176,-0.0080,-18.7981
5183,-87.7953,-0.0001,0.5000,73.3643,-1.3095,-0.0404,-0.0004,-0.0022,-0.0177,-0.0080,-18.8663
5185,-87.7955,-0.0001,0.5000,73.2783,-1.3095,-0.0405,-0.0004,-0.0022,-0.0177,-0.0080,-18.9337
5187,-87.7957,-0.0001,0.5000,73.1931,-1.3094,-0.0406,-0.0004,-0.0023,-0.0177,-0.0080,-19.0004
5189,-87.7959,-0.0001,0.5000,73.1086,-1.3094,-0.0406,-0.0004,-0.0023,-0.0178,-0.0080,-19.0664
5191,-87.7961,-0.0001,0.5000,73.0250,-1.3093,-0.0407,-0.0004,-0.0023,-0.0178,-0.0080,-19.1317
5193,-87.7962,-0.0001,0.5000,72.9422,-1.3093,-0.0408,-0.0004,-0.0023,-0.0178,-0.0080,-19.1962
5195,-87.7964,-0.0001,0.5000,72.8602,-1.3093,-0.0408,-0.0004,-0.0023,-0.0179,-0.0079,-19.2601
5197,-87.7966,-0.0001,0.5000,72.7789,-1.3092,-0.0409,-0.0004,-0.0023,-0.0179,-0.0079,-19.3233
5199,-87.7967,-0.0001,0.5000,72.6984,-1.3092,-0.0410,-0.0004,-0.0023,-0.0179,-0.0079,-19.3859
5201,-87.7969,-0.0001,0.5000,72.6186,-1.3091,-0.0410,-0.0004,-0.0023,-0.0179,-0.0079,-19.4477
5203,-87.7970,-0.0001,0.5000,72.5396,-1.3091,-0.0411,-0.0004,-0.0023,-0.0180,-0.0079,-19.5089
5205,-87.7972,-0.0001,0.5000,72.4613,-1.3091,-0.0412,-0.0004,-0.0023,-0.0180,-0.0079,-19.5695
5207,-87.7974,-0.0001,0.5000,72.3838,-1.3090,-0.0412,-0.0004,-0.0023,-0.0180,-0.0079,-19.6294
5209,-87.7975,-0.0001,0.5000,72.3070,-1.3090,-0.0413,-0.0004,-0.0023,-0.0180,-0.0079,-19.6886
5211,-87.7977,-0.0001,0.5000,72.2310,-1.3090,-0.0414,-0.0004,-0.0023,-0.0180,-0.0079,-19.7472
5213,-87.7978,-0.0001,0.5000,72.1556,-1.3089,-0.0414,-0.0004,-0.0024,-0.0181,-0.0079,-19.8052
5215,-87.7980,-0.0001,0.5000,72.0810,-1.3089,-0.0415,-0.0004,-0.0024,-0.0181,-0.0079,-19.8626
5217,-87.7981,-0.0001,0.5000,72.0070,-1.3089,-0.0415,-0.0004,-0.0024,-0.0181,-0.0078,-19.9194
5219,-87.7983,-0.0001,0.5000,71.9338,-1.3088,-0.0416,-0.0004,-0.0024,-0.0181,-0.0078,-19.9755
5221,-87.7984,-0.0001,0.5000,71.8613,-1.3088,-0.0417,-0.0004,-0.0024,-0.0181,-0.0078,-20.0311
5223,-87.7986,-0.0001,0.5000,71.7894,-1.3088,-0.0417,-0.0004,-0.0024,-0.0182,-0.0078,-20.0860
5225,-87.7987,-0.0001,0.5000,71.7183,-1.3087,-0.0418,-0.0004,-0.0024,-0.0182,-0.0078,-20.1404
5227,-87.7989,-0.0001,0.5000,71.6478,-1.3087,-0.0418,-0.0004,-0.0024,-0.0182,-0.0078,-20.1942
5229,-87.7990,-0.0001,0.5000,71.5780,-1.3087,-0.0419,-0.0004,-0.0024,-0.0182,-0.0078,-20.2474
5231,-87.7991,-0.0001,0.5000,71.5088,-1.3086,-0.0420,-0.0004,-0.0024,-0.0182,-0.0078,-20.3001
5233,-87.7993,-0.0001,0.5000,71.4403,-1.3086,-0.0420,-0.0004,-0.0024,-0.0182,-0.0078,-20.3522
5235,-87.7994,-0.0001,0.5000,71.3725,-1.3086,-0.0421,-0.0004,-0.0024,-0.0182,-0.0078,-20.4037
5237,-87.7996,-0.0001,0.5000,71.3053,-1.3085,-0.0421,-0.0004,-0.0024,-0.0183,-0.0078,-20.4547
5239,-87.7997,-0.0001,0.5000,71.2388,-1.3085,-0.0422,-0.0004,-0.0024,-0.0183,-0.0078,-20.5051
5241,-87.7998,-0.0001,0.5000,71.1728,-1.3085,-0.0422,-0.0004,-0.0025,-0.0183,-0.0077,-20.5550
5243,-87.8000,-0.0001,0.5000,71.1076,-1.3084,-0.0423,-0.0004,-0.0025,-0.0183,-0.0077,-20.6044
5245,-87.8001,-0.0001,0.5000,71.0429,-1.3084,-0.0424,-0.0004,-0.0025,-0.0183,-0.0077,-20.6532
5247,-87.8002,-0.0001,0.5000,70.9789,-1.3084,-0.0424,-0.0004,-0.0025,-0.0183,-0.0077,-20.7015
5249,-87.8003,-0.0001,0.5000,70.9155,-1.3084,-0.0425,-0.0004,-0.0025,-0.0183,-0.0077,-20.7493
5251,-87.8005,-0.0001,0.5000,70.8527,-1.3083,-0.0425,-0.0004,-0.0025,-0.0183,-0.0077,-20.7966
5253,-87.8006,-0.0001,0.5000,70.7905,-1.3083,-0.0426,-0.0004,-0.0025,-0.0183,-0.0077,-20.8433
5255,-87.8007,-0.0001,0.5000,70.7289,-1.3083,-0.0426,-0.0004,-0.0025,-0.0184,-0.0077,-20.8896
5257,-87.8008,-0.0001,0.5000,70.6679,-1.3082,-0.0427,-0.0004,-0.0025,-0.0184,-0.0077,-20.9354
5259,-87.8010,-0.0001,0.5000,70.6074,-1.3082,-0.0427,-0.0004,-0.0025,-0.0184,-0.0077,-20.9807
5261,-87.8011,-0.0001,0.5000,70.5476,-1.3082,-0.0428,-0.0004,-0.0025,-0.0184,-0.0077,-21.0255
5263,-87.8012,-0.0001,0.5000,70.4884,-1.3082,-0.0428,-0.0004,-0.0025,-0.0184,-0.0077,-21.0698
5265,-87.8013,-0.0001,0.5000,70.4297,-1.3081,-0.0429,-0.0004,-0.0025,-0.0184,-0.0077,-21.1136
5267,-87.8014,-0.0001,0.5000,70.3716,-1.3081,-0.0429,-0.0004,-0.0025,-0.0184,-0.0076,-21.1570
5269,-87.8015,-0.0001,0.5000,70.3140,-1.3081,-0.0430,-0.0004,-0.0025,-0.0184,-0.0076,-21.1999
5271,-87.8017,-0.0001,0.5000,70.2571,-1.3081,-0.0430,-0.0004,-0.0025,-0.0184,-0.0076,-21.2423
5273,-87.8018,-0.0001,0.5000,70.2006,-1.3080,-0.0431,-0.0004,-0.0025,-0.0184,-0.0076,-21.2843
5275,-87.8019,-0.0001,0.5000,70.1448,-1.3080,-0.0431,-0.0004,-0.0026,-0.0184,-0.0076,-21.3258
5277,-87.8020,-0.0001,0.5000,70.0894,-1.3080,-0.0432,-0.0004,-0.0026,-0.0184,-0.0076,-21.3669
5279,-87.8021,-0.0001,0.5000,70.0347,-1.3080,-0.0432,-0.0004,-0.0026,-0.0184,-0.0076,-21.4076
5281,-87.8022,-0.0001,0.5000,69.9804,-1.3079,-0.0433,-0.0004,-0.0026,-0.0184,-0.0076,-21.4478
5283,-87.8023,-0.0001,0.5000,69.9267,-1.3079,-0.0433,-0.0004,-0.0026,-0.0184,-0.0076,-21.4875
5285,-87.8024,-0.0001,0.5000,69.8735,-1.3079,-0.0434,-0.0004,-0.0026,-0.0184,-0.0076,-21.5269
5287,-87.8025,-0.0001,0.5000,69.8208,-1.3079,-0.0434,-0.0004,-0.0026,-0.0184,-0.0076,-21.5658
5289,-87.8026,-0.0001,0.5000,69.7687,-1.3078,-0.0434,-0.0004,-0.0026,-0.0184,-0.0076,-21.6043
5291,-87.8027,-0.0001,0.5000,69.7171,-1.3078,-0.0435,-0.0004,-0.0026,-0.0184,-0.0075,-21.6423
5293,-87.8028,-0.0001,0.5000,69.6659,-1.3078,-0.0435,-0.0004,-0.0026,-0.0184,-0.0075,-21.6800
5295,-87.8029,-0.0000,0.5000,69.6153,-1.3078,-0.0436,-0.0004,-0.0026,-0.0184,-0.0075,-21.7173
5297,-87.8030,-0.0000,0.5000,69.5652,-1.3077,-0.0436,-0.0004,-0.0026,-0.0184,-0.0075,-21.7541
5299,-87.8031,-0.0000,0.5000,69.5156,-1.3077,-0.0437,-0.0004,-0.0026,-0.0184,-0.0075,-21.7906
5301,-87.8032,-0.0000,0.5000,69.4665,-1.3077,-0.0437,-0.0004,-0.0026,-0.0184,-0.0075,-21.8266
5303,-87.8033,-0.0000,0.5000,69.4179,-1.3077,-0.0438,-0.0004,-0.0026,-0.0184,-0.0075,-21.8623
5305,-87.8034,-0.0000,0.5000,69.3697,-1.3077,-0.0438,-0.0004,-0.0026,-0.0184,-0.0075,-21.8975
5307,-87.8035,-0.0000,0.5000,69.3221,-1.3076,-0.0438,-0.0004,-0.0026,-0.0184,-0.0075,-21.9324
5309,-87.8036,-0.0000,0.5000,69.2749,-1.3076,-0.0439,-0.0004,-0.0026,-0.0184,-0.0075,-21.9669
5311,-87.8037,-0.0000,0.5000,69.2282,-1.3076,-0.0439,-0.0004,-0.0026,-0.0184,-0.0075,-22.0010
5313,-87.8038,-0.0000,0.5000,69.1819,-1.3076,-0.0440,-0.0004,-0.0027,-0.0184,-0.0075,-22.0348
5315,-87.8039,-0.0000,0.5000,69.1362,-1.3076,-0.0440,-0.0004,-0.0027,-0.0184,-0.0075,-22.0682
5317,-87.8040,-0.0000,0.5000,69.0908,-1.3075,-0.0441,-0.0004,-0.0027,-0.0184,-0.0074,-22.1012
5319,-87.8041,-0.0000,0.5000,69.0460,-1.3075,-0.0441,-0.0004,-0.0027,-0.0184,-0.0074,-22.1339
5321,-87.8041,-0.0000,0.5000,69.0016,-1.3075,-0.0441,-0.0004,-0.0027,-0.0184,-0.0074,-22.1661
5323,-87.8042,-0.0000,0.5000,68.9576,-1.3075,-0.0442,-0.0004,-0.0027,-0.0184,-0.0074,-22.1981
5325,-87.8043,-0.0000,0.5000,68.9141,-1.3075,-0.0442,-0.0004,-0.0027,-0.0184,-0.0074,-22.2297
5327,-87.8044,-0.0000,0.5000,68.8711,-1.3074,-0.0443,-0.0004,-0.0027,-0.0184,-0.0074,-22.2609
5329,-87.8045,-0.0000,0.5000,68.8285,-1.3074,-0.0443,-0.0004,-0.0027,-0.0184,-0.0074,-22.2918
5331,-87.8046,-0.0000,0.5000,68.7863,-1.3074,-0.0443,-0.0004,-0.0027,-0.0184,-0.0074,-22.3224
5333,-87.8046,-0.0000,0.5000,68.7445,-1.3074,-0.0444,-0.0004,-0.0027,-0.0183,-0.0074,-22.3526
5335,-87.8047,-0.0000,0.5000,68.7032,-1.3074,-0.0444,-0.0004,-0.0027,-0.0183,-0.0074,-22.3825
5337,-87.8048,-0.0000,0.5000,68.6623,-1.3073,-0.0444,-0.0004,-0.0027,-0.0183,-0.0074,-22.4120
5339,-87.8049,-0.0000,0.5000,68.6218,-1.3073,-0.0445,-0.0004,-0.0027,-0.0183,-0.0074,-22.4412
5341,-87.8050,-0.0000,0.5000,68.5818,-1.3073,-0.0445,-0.0004,-0.0027,-0.0183,-0.0074,-22.4701
5343,-87.8050,-0.0000,0.5000,68.5421,-1.3073,-0.0446,-0.0004,-0.0027,-0.0183,-0.0073,-22.4987
5345,-87.8051,-0.0000,0.5000,68.5029,-1.3073,-0.0446,-0.0004,-0.0027,-0.0183,-0.0073,-22.5269
5347,-87.8052,-0.0000,0.5000,68.4641,-1.3073,-0.0446,-0.0004,-0.0027,-0.0183,-0.0073,-22.5549
5349,-87.8053,-0.0000,0.5000,68.4256,-1.3072,-0.0447,-0.0004,-0.0027,-0.0183,-0.0073,-22.5825
5351,-87.8053,-0.0000,0.5000,68.3876,-1.3072,-0.0447,-0.0004,-0.0027,-0.0183,-0.0073,-22.6098
5353,-87.8054,-0.0000,0.5000,68.3500,-1.3072,-0.0447,-0.0004,-0.0027,-0.0183,-0.0073,-22.6368
5355,-87.8055,-0.0000,0.5000,68.3128,-1.3072,-0.0448,-0.0004,-0.0027,-0.0182,-0.0073,-22.6635
5357,-87.8056,-0.0000,0.5000,68.2759,-1.3072,-0.0448,-0.0004,-0.0027,-0.0182,-0.0073,-22.6899
5359,-87.8056,-0.0000,0.5000,68.2395,-1.3072,-0.0448,-0.0004,-0.0027,-0.0182,-0.0073,-22.7160
5361,-87.8057,-0.0000,0.5000,68.2034,-1.3071,-0.0449,-0.0004,-0.0028,-0.0182,-0.0073,-22.7418
5363,-87.8058,-0.0000,0.5000,68.1677,-1.3071,-0.0449,-0.0004,-0.0028,-0.0182,-0.0073,-22.7673
5365,-87.8058,-0.0000,0.5000,68.1324,-1.3071,-0.0449,-0.0004,-0.0028,-0.0182,-0.0073,-22.7925
5367,-87.8059,-0.0000,0.5000,68.0975,-1.3071,-0.0450,-0.0004,-0.0028,-0.0182,-0.0073,-22.8174
5369,-87.8060,-0.0000,0.5000,68.0630,-1.3071,-0.0450,-0.0004,-0.0028,-0.0182,-0.0072,-22.8421
5371,-87.8060,-0.0000,0.5000,68.0288,-1.3071,-0.0450,-0.0004,-0.0028,-0.0182,-0.0072,-22.8664
5373,-87.8061,-0.0000,0.5000,67.9950,-1.3071,-0.0451,-0.0004,-0.0028,-0.0181,-0.0072,-22.8905
5375,-87.8062,-0.0000,0.5000,67.9615,-1.3070,-0.0451,-0.0004,-0.0028,-0.0181,-0.0072,-22.9143
5377,-87.8062,-0.0000,0.5000,67.9284,-1.3070,-0.0451,-0.0004,-0.0028,-0.0181,-0.0072,-22.9379
5379,-87.8063,-0.0000,0.5000,67.8957,-1.3070,-0.0452,-0.0004,-0.0028,-0.0181,-0.0072,-22.9611
5381,-87.8064,-0.0000,0.5000,67.8633,-1.3070,-0.0452,-0.0004,-0.0028,-0.0181,-0.0072,-22.9841
5383,-87.8064,-0.0000,0.5000,67.8313,-1.3070,-0.0452,-0.0004,-0.0028,-0.0181,-0.0072,-23.0068
5385,-87.8065,-0.0000,0.5000,67.7996,-1.3070,-0.0453,-0.0004,-0.0028,-0.0181,-0.0072,-23.0293
5387,-87.8066,-0.0000,0.5000,67.7682,-1.3070,-0.0453,-0.0004,-0.0028,-0.0181,-0.0072,-23.0515
5389,-87.8066,-0.0000,0.5000,67.7372,-1.3069,-0.0453,-0.0004,-0.0028,-0.0180,-0.0072,-23.0734
5391,-87.8067,-0.0000,0.5000,67.7066,-1.3069,-0.0454,-0.0004,-0.0028,-0.0180,-0.0072,-23.0951
5393,-87.8067,-0.0000,0.5000,67.6763,-1.3069,-0.0454,-0.0004,-0.0028,-0.0180,-0.0072,-23.1165
5395,-87.8068,-0.0000,0.5000,67.6463,-1.3069,-0.0454,-0.0004,-0.0028,-0.0180,-0.0072,-23.1377
5397,-87.8069,-0.0000,0.5000,67.6166,-1.3069,-0.0455,-0.0004,-0.0028,-0.0180,-0.0071,-23.1586
5399,-87.8069,-0.0000,0.5000,67.5873,-1.3069,-0.0455,-0.0004,-0.0028,-0.0180,-0.0071,-23.1793
5401,-87.8070,-0.0000,0.5000,67.5583,-1.3069,-0.0455,-0.0004,-0.0028,-0.0180,-0.0071,-23.1998
5403,-87.8070,-0.0000,0.5000,67.5297,-1.3069,-0.0455,-0.0004,-0.0028,-0.0179,-0.0071,-23.2200
5405,-87.8071,-0.0000,0.5000,67.5013,-1.3068,-0.0456,-0.0004,-0.0028,-0.0179,-0.0071,-23.2399
5407,-87.8071,-0.0000,0.5000,67.4733,-1.3068,-0.0456,-0.0004,-0.0028,-0.0179,-0.0071,-23.2596
5409,-87.8072,-0.0000,0.5000,67.4456,-1.3068,-0.0456,-0.0004,-0.0028,-0.0179,-0.0071,-23.2791
5411,-87.8072,-0.0000,0.5000,67.4182,-1.3068,-0.0457,-0.0004,-0.0028,-0.0179,-0.0071,-23.2983
5413,-87.8073,-0.0000,0.5000,67.3911,-1.3068,-0.0457,-0.0004,-0.0028,-0.0179,-0.0071,-23.3173
5415,-87.8073,-0.0000,0.5000,67.3643,-1.3068,-0.0457,-0.0004,-0.0028,-0.0178,-0.0071,-23.3361
5417,-87.8074,-0.0000,0.5000,67.3378,-1.3068,-0.0457,-0.0004,-0.0028,-0.0178,-0.0071,-23.3547
5419,-87.8074,-0.0000,0.5000,67.3117,-1.3068,-0.0458,-0.0004,-0.0028,-0.0178,-0.0071,-23.3730
5421,-87.8075,-0.0000,0.5000,67.2858,-1.3067,-0.0458,-0.0004,-0.0028,-0.0178,-0.0071,-23.3911
5423,-87.8075,-0.0000,0.5000,67.2602,-1.3067,-0.0458,-0.0004,-0.0028,-0.0178,-0.0071,-23.4090
5425,-87.8076,-0.0000,0.5000,67.2350,-1.3067,-0.0459,-0.0004,-0.0029,-0.0178,-0.0070,-23.4266
5427,-87.8076,-0.0000,0.5000,67.2100,-1.3067,-0.0459,-0.0004,-0.0029,-0.0177,-0.0070,-23.4441
5429,-87.8077,-0.0000,0.5000,67.1853,-1.3067,-0.0459,-0.0004,-0.0029,-0.0177,-0.0070,-23.4613
5431,-87.8077,-0.0000,0.5000,67.1609,-1.3067,-0.0459,-0.0004,-0.0029,-0.0177,-0.0070,-23.4783
5433,-87.8078,-0.0000,0.5000,67.1368,-1.3067,-0.0460,-0.0004,-0.0029,-0.0177,-0.0070,-23.4951
5435,-87.8078,-0.0000,0.5000,67.1130,-1.3067,-0.0460,-0.0004,-0.0029,-0.0177,-0.0070,-23.5117
5437,-87.8079,-0.0000,0.5000,67.0894,-1.3067,-0.0460,-0.0004,-0.0029,-0.0177,-0.0070,-23.5281
5439,-87.8079,-0.0000,0.5000,67.0662,-1.3067,-0.0460,-0.0004,-0.0029,-0.0176,-0.0070,-23.5443
5441,-87.8080,-0.0000,0.5000,67.0432,-1.3066,-0.0461,-0.0004,-0.0029,-0.0176,-0.0070,-23.5603
5443,-87.8080,-0.0000,0.5000,67.0205,-1.3066,-0.0461,-0.0004,-0.0029,-0.0176,-0.0070,-23.5760
5445,-87.8081,-0.0000,0.5000,66.9980,-1.3066,-0.0461,-0.0004,-0.0029,-0.0176,-0.0070,-23.5916
5447,-87.8081,-0.0000,0.5000,66.9759,-1.3066,-0.0461,-0.0004,-0.0029,-0.0176,-0.0070,-23.6070
5449,-87.8082,-0.0000,0.5000,66.9540,-1.3066,-0.0462,-0.0004,-0.0029,-0.0175,-0.0070,-23.6221
5451,-87.8082,-0.0000,0.5000,66.9324,-1.3066,-0.0462,-0.0004,-0.0029,-0.0175,-0.0070,-23.6371
5453,-87.8082,-0.0000,0.5000,66.9110,-1.3066,-0.0462,-0.0004,-0.0029,-0.0175,-0.0069,-23.6519
5455,-87.8083,-0.0000,0.5000,66.8899,-1.3066,-0.0462,-0.0004,-0.0029,-0.0175,-0.0069,-23.6665
5457,-87.8083,-0.0000,0.5000,66.8691,-1.3066,-0.0463,-0.0004,-0.0029,-0.0175,-0.0069,-23.6809
5459,-87.8084,-0.0000,0.5000,66.8485,-1.3066,-0.0463,-0.0004,-0.0029,-0.0175,-0.0069,-23.6951
5461,-87.8084,-0.0000,0.5000,66.8281,-1.3066,-0.0463,-0.0004,-0.0029,-0.0174,-0.0069,-23.7092
5463,-87.8084,-0.0000,0.5000,66.8081,-1.3065,-0.0463,-0.0004,-0.0029,-0.0174,-0.0069,-23.7230
5465,-87.8085,-0.0000,0.5000,66.7883,-1.3065,-0.0464,-0.0004,-0.0029,-0.0174,-0.0069,-23.7367
5467,-87.8085,-0.0000,0.5000,66.7687,-1.3065,-0.0464,-0.0004,-0.0029,-0.0174,-0.0069,-23.7501
5469,-87.8086,-0.0000,0.5000,66.7494,-1.3065,-0.0464,-0.0004,-0.0029,-0.0174,-0.0069,-23.7634
5471,-87.8086,-0.0000,0.5000,66.7303,-1.3065,-0.0464,-0.0004,-0.0029,-0.0173,-0.0069,-23.7766
5473,-87.8086,-0.0000,0.5000,66.7115,-1.3065,-0.0465,-0.0004,-0.0029,-0.0173,-0.0069,-23.7895
5475,-87.8087,-0.0000,0.5000,66.6929,-1.3065,-0.0465,-0.0004,-0.0029,-0.0173,-0.0069,-23.8023
5477,-87.8087,-0.0000,0.5000,66.6745,-1.3065,-0.0465,-0.0004,-0.0029,-0.0173,-0.0069,-23.8149
5479,-87.8087,-0.0000,0.5000,66.6564,-1.3065,-0.0465,-0.0004,-0.0029,-0.0173,-0.0069,-23.8273
5481,-87.8088,-0.0000,0.5000,66.6385,-1.3065,-0.0465,-0.0004,-0.0029,-0.0172,-0.0069,-23.8395
5483,-87.8088,-0.0000,0.5000,66.6209,-1.3065,-0.0466,-0.0004,-0.0029,-0.0172,-0.0068,-23.8516
5485,-87.8088,-0.0000,0.5000,66.6035,-1.3065,-0.0466,-0.0004,-0.0029,-0.0172,-0.0068,-23.8635
5487,-87.8089,-0.0000,0.5000,66.5863,-1.3065,-0.0466,-0.0004,-0.0029,-0.0172,-0.0068,-23.8753
5489,-87.8089,-0.0000,0.5000,66.5694,-1.3065,-0.0466,-0.0004,-0.0029,-0.0172,-0.0068,-23.8868
5491,-87.8090,-0.0000,0.5000,66.5526,-1.3064,-0.0467,-0.0004,-0.0029,-0.0171,-0.0068,-23.8983
5493,-87.8090,-0.0000,0.5000,66.5361,-1.3064,-0.0467,-0.0004,-0.0029,-0.0171,-0.0068,-23.9095
5495,-87.8090,-0.0000,0.5000,66.5199,-1.3064,-0.0467,-0.0004,-0.0029,-0.0171,-0.0068,-23.9206
5497,-87.8090,-0.0000,0.5000,66.5038,-1.3064,-0.0467,-0.0004,-0.0029,-0.0171,-0.0068,-23.9316
5499,-87.8091,-0.0000,0.5000,66.4880,-1.3064,-0.0467,-0.0004,-0.0029,-0.0170,-0.0068,-23.9423
5501,-87.8091,-0.0000,0.5000,66.4724,-1.3064,-0.0468,-0.0004,-0.0029,-0.0170,-0.0068,-23.9529
5503,-87.8091,-0.0000,0.5000,66.4570,-1.3064,-0.0468,-0.0004,-0.0029,-0.0170,-0.0068,-23.9634
5505,-87.8092,-0.0000,0.5000,66.4418,-1.3064,-0.0468,-0.0004,-0.0029,-0.0170,-0.0068,-23.9737
5507,-87.8092,-0.0000,0.5000,66.4268,-1.3064,-0.0468,-0.0004,-0.0029,-0.0170,-0.0068,-23.9839
5509,-87.8092,-0.0000,0.5000,66.4121,-1.3064,-0.0468,-0.0004,-0.0029,-0.0169,-0.0068,-23.9939
5511,-87.8093,-0.0000,0.5000,66.3975,-1.3064,-0.0469,-0.0004,-0.0029,-0.0169,-0.0067,-24.0037
5513,-87.8093,-0.0000,0.5000,66.3832,-1.3064,-0.0469,-0.0004,-0.0029,-0.0169,-0.0067,-24.0135
5515,-87.8093,-0.0000,0.5000,66.3691,-1.3064,-0.0469,-0.0004,-0.0030,-0.0169,-0.0067,-24.0230
5517,-87.8094,-0.0000,0.5000,66.3551,-1.3064,-0.0469,-0.0004,-0.0030,-0.0169,-0.0067,-24.0324
5519,-87.8094,-0.0000,0.5000,66.3414,-1.3064,-0.0469,-0.0004,-0.0030,-0.0168,-0.0067,-24.0417
5521,-87.8094,-0.0000,0.5000,66.3279,-1.3064,-0.0470,-0.0004,-0.0030,-0.0168,-0.0067,-24.0508
5523,-87.8094,-0.0000,0.5000,66.3146,-1.3063,-0.0470,-0.0004,-0.0030,-0.0168,-0.0067,-24.0598
5525,-87.8095,-0.0000,0.5000,66.3014,-1.3063,-0.0470,-0.0004,-0.0030,-0.0168,-0.0067,-24.0687
5527,-87.8095,-0.0000,0.5000,66.2885,-1.3063,-0.0470,-0.0004,-0.0030,-0.0167,-0.0067,-24.0774
5529,-87.8095,-0.0000,0.5000,66.2758,-1.3063,-0.0470,-0.0004,-0.0030,-0.0167,-0.0067,-24.0859
5531,-87.8095,-0.0000,0.5000,66.2632,-1.3063,-0.0471,-0.0004,-0.0030,-0.0167,-0.0067,-24.0943
5533,-87.8096,-0.0000,0.5000,66.2509,-1.3063,-0.0471,-0.0004,-0.0030,-0.0167,-0.0067,-24.1026
5535,-87.8096,-0.0000,0.5000,66.2387,-1.3063,-0.0471,-0.0004,-0.0030,-0.0167,-0.0067,-24.1108
5537,-87.8096,-0.0000,0.5000,66.2268,-1.3063,-0.0471,-0.0004,-0.0030,-0.0166,-0.0067,-24.1188
5539,-87.8096,-0.0000,0.5000,66.2150,-1.3063,-0.0471,-0.0004,-0.0030,-0.0166,-0.0067,-24.1267
5541,-87.8097,-0.0000,0.5000,66.2034,-1.3063,-0.0471,-0.0004,-0.0030,-0.0166,-0.0067,-24.1345
5543,-87.8097,-0.0000,0.5000,66.1920,-1.3063,-0.0472,-0.0004,-0.0030,-0.0166,-0.0066,-24.1421
5545,-87.8097,-0.0000,0.5000,66.1808,-1.3063,-0.0472,-0.0004,-0.0030,-0.0165,-0.0066,-24.1496
5547,-87.8097,-0.0000,0.5000,66.1697,-1.3063,-0.0472,-0.0004,-0.0030,-0.0165,-0.0066,-24.1569
5549,-87.8098,-0.0000,0.5000,66.1588,-1.3063,-0.0472,-0.0004,-0.0030,-0.0165,-0.0066,-24.1642
5551,-87.8098,-0.0000,0.5000,66.1482,-1.3063,-0.0472,-0.0004,-0.0030,-0.0165,-0.0066,-24.1713
5553,-87.8098,-0.0000,0.5000,66.1376,-1.3063,-0.0473,-0.0004,-0.0030,-0.0165,-0.0066,-24.1783
5555,-87.8098,-0.0000,0.5000,66.1273,-1.3063,-0.0473,-0.0004,-0.0030,-0.0164,-0.0066,-24.1852
5557,-87.8098,-0.0000,0.5000,66.1171,-1.3063,-0.0473,-0.0004,-0.0030,-0.0164,-0.0066,-24.1919
5559,-87.8099,-0.0000,0.5000,66.1072,-1.3063,-0.0473,-0.0004,-0.0030,-0.0164,-0.0066,-24.1985
5561,-87.8099,-0.0000,0.5000,66.0973,-1.3063,-0.0473,-0.0004,-0.0030,-0.0164,-0.0066,-24.2050
5563,-87.8099,-0.0000,0.5000,66.0877,-1.3063,-0.0473,-0.0004,-0.0030,-0.0163,-0.0066,-24.2114
5565,-87.8099,-0.0000,0.5000,66.0782,-1.3063,-0.0474,-0.0004,-0.0030,-0.0163,-0.0066,-24.2176
5567,-87.8099,-0.0000,0.5000,66.0689,-1.3063,-0.0474,-0.0004,-0.0030,-0.0163,-0.0066,-24.2238
5569,-87.8100,-0.0000,0.5000,66.0598,-1.3063,-0.0474,-0.0004,-0.0030,-0.0163,-0.0066,-24.2298
5571,-87.8100,-0.0000,0.5000,66.0508,-1.3062,-0.0474,-0.0004,-0.0030,-0.0162,-0.0066,-24.2357
5573,-87.8100,-0.0000,0.5000,66.0420,-1.3062,-0.0474,-0.0004,-0.0030,-0.0162,-0.0065,-24.2415
5575,-87.8100,-0.0000,0.5000,66.0333,-1.3062,-0.0474,-0.0004,-0.0030,-0.0162,-0.0065,-24.2472
5577,-87.8100,-0.0000,0.5000,66.0248,-1.3062,-0.0475,-0.0004,-0.0030,-0.0162,-0.0065,-24.2528
5579,-87.8101,-0.0000,0.5000,66.0165,-1.3062,-0.0475,-0.0004,-0.0030,-0.0162,-0.0065,-24.2582
5581,-87.8101,-0.0000,0.5000,66.0083,-1.3062,-0.0475,-0.0004,-0.0030,-0.0161,-0.0065,-24.2635
5583,-87.8101,-0.0000,0.5000,66.0003,-1.3062,-0.0475,-0.0004,-0.0030,-0.0161,-0.0065,-24.2688
5585,-87.8101,-0.0000,0.5000,65.9924,-1.3062,-0.0475,-0.0004,-0.0030,-0.0161,-0.0065,-24.2739
5587,-87.8101,-0.0000,0.5000,65.9847,-1.3062,-0.0475,-0.0004,-0.0030,-0.0161,-0.0065,-24.2789
5589,-87.8101,-0.0000,0.5000,65.9772,-1.3062,-0.0476,-0.0004,-0.0030,-0.0160,-0.0065,-24.2838
5591,-87.8102,-0.0000,0.5000,65.9698,-1.3062,-0.0476,-0.0004,-0.0030,-0.0160,-0.0065,-24.2886
5593,-87.8102,-0.0000,0.5000,65.9625,-1.3062,-0.0476,-0.0004,-0.0030,-0.0160,-0.0065,-24.2933
5595,-87.8102,-0.0000,0.5000,65.9554,-1.3062,-0.0476,-0.0004,-0.0030,-0.0160,-0.0065,-24.2979
5597,-87.8102,-0.0000,0.5000,65.9485,-1.3062,-0.0476,-0.0004,-0.0030,-0.0159,-0.0065,-24.3024
5599,-87.8102,-0.0000,0.5000,65.9417,-1.3062,-0.0476,-0.0004,-0.0030,-0.0159,-0.0065,-24.3068
5601,-87.8102,-0.0000,0.5000,65.9350,-1.3062,-0.0476,-0.0004,-0.0030,-0.0159,-0.0065,-24.3110
5603,-87.8103,-0.0000,0.5000,65.9285,-1.3062,-0.0477,-0.0004,-0.0030,-0.0159,-0.0065,-24.3152
5605,-87.8103,-0.0000,0.5000,65.9221,-1.3062,-0.0477,-0.0004,-0.0030,-0.0158,-0.0064,-24.3193
5607,-87.8103,-0.0000,0.5000,65.9159,-1.3062,-0.0477,-0.0004,-0.0030,-0.0158,-0.0064,-24.3233
5609,-87.8103,-0.0000,0.5000,65.9098,-1.3062,-0.0477,-0.0004,-0.0030,-0.0158,-0.0064,-24.3271
5611,-87.8103,-0.0000,0.5000,65.9039,-1.3062,-0.0477,-0.0004,-0.0030,-0.0158,-0.0064,-24.3309
5613,-87.8103,-0.0000,0.5000,65.8981,-1.3062,-0.0477,-0.0004,-0.0030,-0.0157,-0.0064,-24.3346
5615,-87.8103,-0.0000,0.5000,65.8924,-1.3062,-0.0477,-0.0004,-0.0030,-0.0157,-0.0064,-24.3382
5617,-87.8104,-0.0000,0.5000,65.8869,-1.3062,-0.0478,-0.0004,-0.0030,-0.0157,-0.0064,-24.3417
5619,-87.8104,-0.0000,0.5000,65.8815,-1.3062,-0.0478,-0.0004,-0.0030,-0.0157,-0.0064,-24.3451
5621,-87.8104,-0.0000,0.5000,65.8762,-1.3062,-0.0478,-0.0004,-0.0030,-0.0157,-0.0064,-24.3484
5623,-87.8104,-0.0000,0.5000,65.8711,-1.3062,-0.0478,-0.0004,-0.0030,-0.0156,-0.0064,-24.3516
5625,-87.8104,-0.0000,0.5000,65.8661,-1.3062,-0.0478,-0.0004,-0.0030,-0.0156,-0.0064,-24.3547
5627,-87.8104,-0.0000,0.5000,65.8613,-1.3062,-0.0478,-0.0004,-0.0030,-0.0156,-0.0064,-24.3577
5629,-87.8104,-0.0000,0.5000,65.8565,-1.3062,-0.0478,-0.0004,-0.0030,-0.0156,-0.0064,-24.3606
5631,-87.8104,-0.0000,0.5000,65.8519,-1.3062,-0.0479,-0.0004,-0.0030,-0.0155,-0.0064,-24.3635
5633,-87.8105,-0.0000,0.5000,65.8475,-1.3062,-0.0479,-0.0004,-0.0030,-0.0155,-0.0064,-24.3662
5635,-87.8105,-0.0000,0.5000,65.8431,-1.3062,-0.0479,-0.0004,-0.0030,-0.0155,-0.0064,-24.3689
5637,-87.8105,-0.0000,0.5000,65.8389,-1.3062,-0.0479,-0.0004,-0.0030,-0.0155,-0.0063,-24.3715
5639,-87.8105,-0.0000,0.5000,65.8348,-1.3062,-0.0479,-0.0004,-0.0030,-0.0154,-0.0063,-24.3739
5641,-87.8105,-0.0000,0.5000,65.8308,-1.3062,-0.0479,-0.0004,-0.0030,-0.0154,-0.0063,-24.3763
5643,-87.8105,-0.0000,0.5000,65.8270,-1.3062,-0.0479,-0.0004,-0.0030,-0.0154,-0.0063,-24.3787
5645,-87.8105,-0.0000,0.5000,65.8233,-1.3062,-0.0480,-0.0004,-0.0030,-0.0154,-0.0063,-24.3809
5647,-87.8105,-0.0000,0.5000,65.8197,-1.3062,-0.0480,-0.0004,-0.0030,-0.0153,-0.0063,-24.3830
5649,-87.8105,-0.0000,0.5000,65.8162,-1.3062,-0.0480,-0.0004,-0.0030,-0.0153,-0.0063,-24.3851
5651,-87.8105,-0.0000,0.5000,65.8128,-1.3062,-0.0480,-0.0004,-0.0030,-0.0153,-0.0063,-24.3871
5653,-87.8106,-0.0000,0.5000,65.8096,-1.3062,-0.0480,-0.0004,-0.0030,-0.0153,-0.0063,-24.3890
5655,-87.8106,-0.0000,0.5000,65.8065,-1.3062,-0.0480,-0.0004,-0.0030,-0.0152,-0.0063,-24.3908
5657,-87.8106,-0.0000,0.5000,65.8035,-1.3062,-0.0480,-0.0004,-0.0030,-0.0152,-0.0063,-24.3925
5659,-87.8106,-0.0000,0.5000,65.8006,-1.3062,-0.0480,-0.0004,-0.0030,-0.0152,-0.0063,-24.3941
5661,-87.8106,-0.0000,0.5000,65.7978,-1.3062,-0.0481,-0.0004,-0.0030,-0.0152,-0.0063,-24.3957
5663,-87.8106,-0.0000,0.5000,65.7952,-1.3062,-0.0481,-0.0004,-0.0030,-0.0151,-0.0063,-24.3972
5665,-87.8106,-0.0000,0.5000,65.7926,-1.3062,-0.0481,-0.0004,-0.0030,-0.0151,-0.0063,-24.3986
5667,-87.8106,-0.0000,0.5000,65.7902,-1.3062,-0.0481,-0.0004,-0.0030,-0.0151,-0.0063,-24.3999
5669,-87.8106,-0.0000,0.5000,65.7879,-1.3062,-0.0481,-0.0004,-0.0030,-0.0151,-0.0063,-24.4012
5671,-87.8106,-0.0000,0.5000,65.7856,-1.3062,-0.0481,-0.0004,-0.0030,-0.0151,-0.0062,-24.4024
5673,-87.8106,-0.0000,0.5000,65.7835,-1.3062,-0.0481,-0.0004,-0.0030,-0.0150,-0.0062,-24.4035
5675,-87.8106,-0.0000,0.5000,65.7816,-1.3062,-0.0481,-0.0004,-0.0030,-0.0150,-0.0062,-24.4045
5677,-87.8106,-0.0000,0.5000,65.7797,-1.3062,-0.0482,-0.0004,-0.0030,-0.0150,-0.0062,-24.4055
5679,-87.8107,-0.0000,0.5000,65.7779,-1.3062,-0.0482,-0.0004,-0.0030,-0.0150,-0.0062,-24.4063
5681,-87.8107,-0.0000,0.5000,65.7762,-1.3062,-0.0482,-0.0004,-0.0030,-0.0149,-0.0062,-24.4071
5683,-87.8107,-0.0000,0.5000,65.7746,-1.3062,-0.0482,-0.0004,-0.0030,-0.0149,-0.0062,-24.4079
5685,-87.8107,-0.0000,0.5000,65.7732,-1.3062,-0.0482,-0.0004,-0.0030,-0.0149,-0.0062,-24.4085
5687,-87.8107,-0.0000,0.5000,65.7718,-1.3062,-0.0482,-0.0004,-0.0030,-0.0149,-0.0062,-24.4091
5689,-87.8107,-0.0000,0.5000,65.7706,-1.3062,-0.0482,-0.0004,-0.0030,-0.0148,-0.0062,-24.4096
5691,-87.8107,-0.0000,0.5000,65.7694,-1.3062,-0.0482,-0.0004,-0.0030,-0.0148,-0.0062,-24.4101
5693,-87.8107,-0.0000,0.5000,65.7684,-1.3062,-0.0482,-0.0004,-0.0030,-0.0148,-0.0062,-24.4105
5695,-87.8107,-0.0000,0.5000,65.7674,-1.3062,-0.0483,-0.0004,-0.0030,-0.0148,-0.0062,-24.4108
5697,-87.8107,-0.0000,0.5000,65.7665,-1.3062,-0.0483,-0.0004,-0.0030,-0.0147,-0.0062,-24.4110
5699,-87.8107,-0.0000,0.5000,65.7658,-1.3062,-0.0483,-0.0004,-0.0030,-0.0147,-0.0062,-24.4112
5701,-87.8107,-0.0000,0.5000,65.7651,-1.3062,-0.0483,-0.0004,-0.0030,-0.0147,-0.0062,-24.4113
5703,-87.8107,-0.0000,0.5000,65.7646,-1.3062,-0.0483,-0.0004,-0.0030,-0.0147,-0.0061,-24.4113
5705,-87.8107,-0.0000,0.5000,65.7641,-1.3062,-0.0483,-0.0004,-0.0030,-0.0146,-0.0061,-24.4113
5707,-87.8107,-0.0000,0.5000,65.7637,-1.3062,-0.0483,-0.0004,-0.0030,-0.0146,-0.0061,-24.4112
5709,-87.8107,-0.0000,0.5000,65.7635,-1.3062,-0.0483,-0.0004,-0.0030,-0.0146,-0.0061,-24.4110
5711,-87.8107,-0.0000,0.5000,65.7633,-1.3062,-0.0483,-0.0004,-0.0031,-0.0146,-0.0061,-24.4108
5713,-87.8107,-0.0000,0.5000,65.7632,-1.3062,-0.0484,-0.0004,-0.0031,-0.0145,-0.0061,-24.4105
5715,-87.8107,-0.0000,0.5000,65.7632,-1.3062,-0.0484,-0.0004,-0.0031,-0.0145,-0.0061,-24.4101
5717,-87.8107,-0.0000,0.5000,65.7633,-1.3062,-0.0484,-0.0004,-0.0031,-0.0145,-0.0061,-24.4097
5719,-87.8107,-0.0000,0.5000,65.7635,-1.3062,-0.0484,-0.0004,-0.0031,-0.0145,-0.0061,-24.4092
5721,-87.8107,-0.0000,0.5000,65.7638,-1.3062,-0.0484,-0.0004,-0.0031,-0.0144,-0.0061,-24.4087
5723,-87.8107,-0.0000,0.5000,65.7641,-1.3062,-0.0484,-0.0004,-0.0031,-0.0144,-0.0061,-24.4080
5725,-87.8107,-0.0000,0.5000,65.7646,-1.3062,-0.0484,-0.0004,-0.0031,-0.0144,-0.0061,-24.4074
5727,-87.8108,-0.0000,0.5000,65.7651,-1.3062,-0.0484,-0.0004,-0.0031,-0.0144,-0.0061,-24.4066
5729,-87.8108,-0.0000,0.5000,65.7658,-1.3062,-0.0484,-0.0004,-0.0031,-0.0143,-0.0061,-24.4058
5731,-87.8108,-0.0000,0.5000,65.7665,-1.3062,-0.0485,-0.0004,-0.0031,-0.0143,-0.0061,-24.4050
5733,-87.8108,-0.0000,0.5000,65.7673,-1.3062,-0.0485,-0.0004,-0.0031,-0.0143,-0.0061,-24.4041
5735,-87.8108,-0.0000,0.5000,65.7682,-1.3062,-0.0485,-0.0004,-0.0031,-0.0143,-0.0061,-24.4031
5737,-87.8108,-0.0000,0.5000,65.7692,-1.3062,-0.0485,-0.0004,-0.0031,-0.0143,-0.0061,-24.4021
5739,-87.8108,-0.0000,0.5000,65.7702,-1.3062,-0.0485,-0.0004,-0.0031,-0.0142,-0.0060,-24.4010
5741,-87.8108,-0.0000,0.5000,65.7714,-1.3062,-0.0485,-0.0004,-0.0031,-0.0142,-0.0060,-24.3998
5743,-87.8108,-0.0000,0.5000,65.7726,-1.3062,-0.0485,-0.0004,-0.0031,-0.0142,-0.0060,-24.3986
5745,-87.8108,-0.0000,0.5000,65.7739,-1.3062,-0.0485,-0.0004,-0.0031,-0.0142,-0.0060,-24.3974
5747,-87.8108,-0.0000,0.5000,65.7753,-1.3062,-0.0485,-0.0004,-0.0031,-0.0141,-0.0060,-24.3960
5749,-87.8108,-0.0000,0.5000,65.7768,-1.3062,-0.0485,-0.0004,-0.0031,-0.0141,-0.0060,-24.3947
5751,-87.8108,-0.0000,0.5000,65.7783,-1.3062,-0.0486,-0.0004,-0.0031,-0.0141,-0.0060,-24.3932
5753,-87.8108,-0.0000,0.5000,65.7799,-1.3062,-0.0486,-0.0004,-0.0031,-0.0141,-0.0060,-24.3918
5755,-87.8108,-0.0000,0.5000,65.7817,-1.3062,-0.0486,-0.0004,-0.0031,-0.0140,-0.0060,-24.3902
5757,-87.8108,-0.0000,0.5000,65.7834,-1.3062,-0.0486,-0.0004,-0.0031,-0.0140,-0.0060,-24.3886
5759,-87.8108,0.0000,0.5000,65.7853,-1.3062,-0.0486,-0.0004,-0.0031,-0.0140,-0.0060,-24.3870
5761,-87.8108,0.0000,0.5000,65.7872,-1.3062,-0.0486,-0.0004,-0.0031,-0.0140,-0.0060,-24.3853
5763,-87.8108,0.0000,0.5000,65.7893,-1.3062,-0.0486,-0.0004,-0.0031,-0.0139,-0.0060,-24.3835
5765,-87.8108,0.0000,0.5000,65.7913,-1.3062,-0.0486,-0.0004,-0.0031,-0.0139,-0.0060,-24.3817
5767,-87.8108,0.0000,0.5000,65.7935,-1.3062,-0.0486,-0.0004,-0.0031,-0.0139,-0.0060,-24.3799
5769,-87.8108,0.0000,0.5000,65.7957,-1.3062,-0.0486,-0.0004,-0.0031,-0.0139,-0.0060,-24.3779
5771,-87.8108,0.0000,0.5000,65.7981,-1.3062,-0.0486,-0.0004,-0.0031,-0.0138,-0.0060,-24.3760
5773,-87.8108,0.0000,0.5000,65.8004,-1.3062,-0.0487,-0.0004,-0.0031,-0.0138,-0.0059,-24.3740
5775,-87.8108,0.0000,0.5000,65.8029,-1.3062,-0.0487,-0.0004,-0.0031,-0.0138,-0.0059,-24.3719
5777,-87.8108,0.0000,0.5000,65.8054,-1.3062,-0.0487,-0.0004,-0.0031,-0.0138,-0.0059,-24.3698
5779,-87.8108,0.0000,0.5000,65.8080,-1.3062,-0.0487,-0.0004,-0.0031,-0.0137,-0.0059,-24.3676
5781,-87.8108,0.0000,0.5000,65.8107,-1.3062,-0.0487,-0.0004,-0.0031,-0.0137,-0.0059,-24.3654
5783,-87.8108,0.0000,0.5000,65.8135,-1.3062,-0.0487,-0.0004,-0.0031,-0.0137,-0.0059,-24.3632
5785,-87.8108,0.0000,0.5000,65.8163,-1.3062,-0.0487,-0.0004,-0.0031,-0.0137,-0.0059,-24.3609
5787,-87.8108,0.0000,0.5000,65.8191,-1.3062,-0.0487,-0.0004,-0.0031,-0.0137,-0.0059,-24.3585
5789,-87.8108,0.0000,0.5000,65.8221,-1.3062,-0.0487,-0.0004,-0.0031,-0.0136,-0.0059,-24.3561
5791,-87.8107,0.0000,0.5000,65.8251,-1.3062,-0.0487,-0.0004,-0.0031,-0.0136,-0.0059,-24.3537
5793,-87.8107,0.0000,0.5000,65.8282,-1.3062,-0.0487,-0.0004,-0.0031,-0.0136,-0.0059,-24.3512
5795,-87.8107,0.0000,0.5000,65.8314,-1.3062,-0.0488,-0.0004,-0.0031,-0.0136,-0.0059,-24.3486
5797,-87.8107,0.0000,0.5000,65.8346,-1.3062,-0.0488,-0.0004,-0.0031,-0.0135,-0.0059,-24.3460
5799,-87.8107,0.0000,0.5000,65.8379,-1.3062,-0.0488,-0.0004,-0.0031,-0.0135,-0.0059,-24.3434
5801,-87.8107,0.0000,0.5000,65.8412,-1.3062,-0.0488,-0.0004,-0.0031,-0.0135,-0.0059,-24.3407
5803,-87.8107,0.0000,0.5000,65.8446,-1.3062,-0.0488,-0.0004,-0.0031,-0.0135,-0.0059,-24.3380
5805,-87.8107,0.0000,0.5000,65.8481,-1.3062,-0.0488,-0.0004,-0.0031,-0.0134,-0.0059,-24.3352
5807,-87.8107,0.0000,0.5000,65.8516,-1.3062,-0.0488,-0.0004,-0.0031,-0.0134,-0.0059,-24.3324
5809,-87.8107,0.0000,0.5000,65.8552,-1.3062,-0.0488,-0.0004,-0.0031,-0.0134,-0.0058,-24.3295
5811,-87.8107,0.0000,0.5000,65.8589,-1.3062,-0.0488,-0.0004,-0.0031,-0.0134,-0.0058,-24.3266
5813,-87.8107,0.0000,0.5000,65.8626,-1.3062,-0.0488,-0.0004,-0.0031,-0.0133,-0.0058,-24.3237
5815,-87.8107,0.0000,0.5000,65.8664,-1.3062,-0.0488,-0.0004,-0.0031,-0.0133,-0.0058,-24.3207
5817,-87.8107,0.0000,0.5000,65.8703,-1.3062,-0.0488,-0.0004,-0.0031,-0.0133,-0.0058,-24.3177
5819,-87.8107,0.0000,0.5000,65.8742,-1.3062,-0.0489,-0.0004,-0.0031,-0.0133,-0.0058,-24.3146
5821,-87.8107,0.0000,0.5000,65.8781,-1.3062,-0.0489,-0.0004,-0.0031,-0.0133,-0.0058,-24.3115
5823,-87.8107,0.0000,0.5000,65.8822,-1.3062,-0.0489,-0.0004,-0.0031,-0.0132,-0.0058,-24.3083
5825,-87.8107,0.0000,0.5000,65.8863,-1.3062,-0.0489,-0.0004,-0.0031,-0.0132,-0.0058,-24.3051
5827,-87.8107,0.0000,0.5000,65.8904,-1.3062,-0.0489,-0.0004,-0.0031,-0.0132,-0.0058,-24.3019
5829,-87.8107,0.0000,0.5000,65.8946,-1.3062,-0.0489,-0.0004,-0.0031,-0.0132,-0.0058,-24.2986
5831,-87.8107,0.0000,0.5000,65.8989,-1.3062,-0.0489,-0.0004,-0.0031,-0.0131,-0.0058,-24.2953
5833,-87.8107,0.0000,0.5000,65.9032,-1.3063,-0.0489,-0.0004,-0.0031,-0.0131,-0.0058,-24.2920
5835,-87.8107,0.0000,0.5000,65.9076,-1.3063,-0.0489,-0.0004,-0.0031,-0.0131,-0.0058,-24.2886
5837,-87.8107,0.0000,0.5000,65.9120,-1.3063,-0.0489,-0.0004,-0.0031,-0.0131,-0.0058,-24.2851
5839,-87.8107,0.0000,0.5000,65.9165,-1.3063,-0.0489,-0.0004,-0.0031,-0.0130,-0.0058,-24.2816
5841,-87.8107,0.0000,0.5000,65.9210,-1.3063,-0.0489,-0.0004,-0.0031,-0.0130,-0.0058,-24.2781
5843,-87.8107,0.0000,0.5000,65.9256,-1.3063,-0.0489,-0.0004,-0.0031,-0.0130,-0.0058,-24.2746
5845,-87.8106,0.0000,0.5000,65.9303,-1.3063,-0.0490,-0.0004,-0.0031,-0.0130,-0.0057,-24.2710
5847,-87.8106,0.0000,0.5000,65.9350,-1.3063,-0.0490,-0.0004,-0.0031,-0.0130,-0.0057,-24.2674
5849,-87.8106,0.0000,0.5000,65.9398,-1.3063,-0.0490,-0.0004,-0.0031,-0.0129,-0.0057,-24.2637
5851,-87.8106,0.0000,0.5000,65.9446,-1.3063,-0.0490,-0.0004,-0.0031,-0.0129,-0.0057,-24.2600
5853,-87.8106,0.0000,0.5000,65.9494,-1.3063,-0.0490,-0.0004,-0.0031,-0.0129,-0.0057,-24.2563
5855,-87.8106,0.0000,0.5000,65.9543,-1.3063,-0.0490,-0.0004,-0.0031,-0.0129,-0.0057,-24.2525
5857,-87.8106,0.0000,0.5000,65.9593,-1.3063,-0.0490,-0.0004,-0.0031,-0.0128,-0.0057,-24.2487
5859,-87.8106,0.0000,0.5000,65.9643,-1.3063,-0.0490,-0.0004,-0.0031,-0.0128,-0.0057,-24.2448
5861,-87.8106,0.0000,0.5000,65.9694,-1.3063,-0.0490,-0.0004,-0.0031,-0.0128,-0.0057,-24.2409
5863,-87.8106,0.0000,0.5000,65.9745,-1.3063,-0.0490,-0.0004,-0.0031,-0.0128,-0.0057,-24.2370
5865,-87.8106,0.0000,0.5000,65.9797,-1.3063,-0.0490,-0.0004,-0.0031,-0.0127,-0.0057,-24.2331
5867,-87.8106,0.0000,0.5000,65.9849,-1.3063,-0.0490,-0.0004,-0.0031,-0.0127,-0.0057,-24.2291
5869,-87.8106,0.0000,0.5000,65.9902,-1.3063,-0.0490,-0.0004,-0.0031,-0.0127,-0.0057,-24.2251
5871,-87.8106,0.0000,0.5000,65.9955,-1.3063,-0.0491,-0.0004,-0.0031,-0.0127,-0.0057,-24.2210
5873,-87.8106,0.0000,0.5000,66.0008,-1.3063,-0.0491,-0.0004,-0.0031,-0.0127,-0.0057,-24.2169
5875,-87.8106,0.0000,0.5000,66.0063,-1.3063,-0.0491,-0.0004,-0.0031,-0.0126,-0.0057,-24.2128
5877,-87.8106,0.0000,0.5000,66.0117,-1.3063,-0.0491,-0.0004,-0.0031,-0.0126,-0.0057,-24.2086
5879,-87.8105,0.0000,0.5000,66.0172,-1.3063,-0.0491,-0.0004,-0.0031,-0.0126,-0.0057,-24.2044
5881,-87.8105,0.0000,0.5000,66.0228,-1.3063,-0.0491,-0.0004,-0.0031,-0.0126,-0.0057,-24.2002
5883,-87.8105,0.0000,0.5000,66.0284,-1.3063,-0.0491,-0.0004,-0.0031,-0.0125,-0.0056,-24.1960
5885,-87.8105,0.0000,0.5000,66.0340,-1.3063,-0.0491,-0.0004,-0.0031,-0.0125,-0.0056,-24.1917
5887,-87.8105,0.0000,0.5000,66.0397,-1.3063,-0.0491,-0.0004,-0.0031,-0.0125,-0.0056,-24.1874
5889,-87.8105,0.0000,0.5000,66.0454,-1.3063,-0.0491,-0.0004,-0.0031,-0.0125,-0.0056,-24.1830
5891,-87.8105,0.0000,0.5000,66.0512,-1.3063,-0.0491,-0.0004,-0.0031,-0.0124,-0.0056,-24.1786
5893,-87.8105,0.0000,0.5000,66.0570,-1.3063,-0.0491,-0.0004,-0.0031,-0.0124,-0.0056,-24.1742
5895,-87.8105,0.0000,0.5000,66.0629,-1.3063,-0.0491,-0.0004,-0.0031,-0.0124,-0.0056,-24.1698
5897,-87.8105,0.0000,0.5000,66.0688,-1.3063,-0.0491,-0.0004,-0.0031,-0.0124,-0.0056,-24.1653
5899,-87.8105,0.0000,0.5000,66.0748,-1.3063,-0.0492,-0.0004,-0.0031,-0.0124,-0.0056,-24.1608
5901,-87.8105,0.0000,0.5000,66.0808,-1.3063,-0.0492,-0.0004,-0.0031,-0.0123,-0.0056,-24.1563
5903,-87.8105,0.0000,0.5000,66.0868,-1.3063,-0.0492,-0.0004,-0.0031,-0.0123,-0.0056,-24.1517
5905,-87.8105,0.0000,0.5000,66.0929,-1.3064,-0.0492,-0.0004,-0.0031,-0.0123,-0.0056,-24.1471
5907,-87.8104,0.0000,0.5000,66.0990,-1.3064,-0.0492,-0.0004,-0.0031,-0.0123,-0.0056,-24.1425
5909,-87.8104,0.0000,0.5000,66.1052,-1.3064,-0.0492,-0.0004,-0.0031,-0.0122,-0.0056,-24.1378
5911,-87.8104,0.0000,0.5000,66.1114,-1.3064,-0.0492,-0.0004,-0.0031,-0.0122,-0.0056,-24.1331
5913,-87.8104,0.0000,0.5000,66.1176,-1.3064,-0.0492,-0.0004,-0.0031,-0.0122,-0.0056,-24.1284
5915,-87.8104,0.0000,0.5000,66.1239,-1.3064,-0.0492,-0.0004,-0.0031,-0.0122,-0.0056,-24.1237
5917,-87.8104,0.0000,0.5000,66.1302,-1.3064,-0.0492,-0.0004,-0.0031,-0.0122,-0.0056,-24.1189
5919,-87.8104,0.0000,0.5000,66.1366,-1.3064,-0.0492,-0.0004,-0.0031,-0.0121,-0.0056,-24.1141
5921,-87.8104,0.0000,0.5000,66.1430,-1.3064,-0.0492,-0.0004,-0.0031,-0.0121,-0.0055,-24.1093
5923,-87.8104,0.0000,0.5000,66.1494,-1.3064,-0.0492,-0.0004,-0.0031,-0.0121,-0.0055,-24.1045
5925,-87.8104,0.0000,0.5000,66.1559,-1.3064,-0.0492,-0.0004,-0.0031,-0.0121,-0.0055,-24.0996
5927,-87.8104,0.0000,0.5000,66.1624,-1.3064,-0.0492,-0.0004,-0.0031,-0.0120,-0.0055,-24.0947
5929,-87.8104,0.0000,0.5000,66.1690,-1.3064,-0.0493,-0.0004,-0.0031,-0.0120,-0.0055,-24.0897
5931,-87.8103,0.0000,0.5000,66.1756,-1.3064,-0.0493,-0.0004,-0.0031,-0.0120,-0.0055,-24.0848
5933,-87.8103,0.0000,0.5000,66.1822,-1.3064,-0.0493,-0.0004,-0.0031,-0.0120,-0.0055,-24.0798
5935,-87.8103,0.0000,0.5000,66.1889,-1.3064,-0.0493,-0.0004,-0.0031,-0.0120,-0.0055,-24.0748
5937,-87.8103,0.0000,0.5000,66.1956,-1.3064,-0.0493,-0.0004,-0.0031,-0.0119,-0.0055,-24.0697
5939,-87.8103,0.0000,0.5000,66.2023,-1.3064,-0.0493,-0.0004,-0.0031,-0.0119,-0.0055,-24.0647
5941,-87.8103,0.0000,0.5000,66.2091,-1.3064,-0.0493,-0.0004,-0.0031,-0.0119,-0.0055,-24.0596
5943,-87.8103,0.0000,0.5000,66.2159,-1.3064,-0.0493,-0.0004,-0.0031,-0.0119,-0.0055,-24.0545
5945,-87.8103,0.0000,0.5000,66.2227,-1.3064,-0.0493,-0.0004,-0.0031,-0.0119,-0.0055,-24.0493
5947,-87.8103,0.0000,0.5000,66.2296,-1.3064,-0.0493,-0.0004,-0.0031,-0.0118,-0.0055,-24.0442
5949,-87.8103,0.0000,0.5000,66.2365,-1.3064,-0.0493,-0.0004,-0.0031,-0.0118,-0.0055,-24.0390
5951,-87.8103,0.0000,0.5000,66.2435,-1.3064,-0.0493,-0.0004,-0.0031,-0.0118,-0.0055,-24.0338
5953,-87.8103,0.0000,0.5000,66.2505,-1.3064,-0.0493,-0.0004,-0.0031,-0.0118,-0.0055,-24.0285
5955,-87.8102,0.0000,0.5000,66.2575,-1.3064,-0.0493,-0.0004,-0.0031,-0.0117,-0.0055,-24.0233
5957,-87.8102,0.0000,0.5000,66.2645,-1.3064,-0.0493,-0.0004,-0.0031,-0.0117,-0.0055,-24.0180
5959,-87.8102,0.0000,0.5000,66.2716,-1.3064,-0.0493,-0.0004,-0.0031,-0.0117,-0.0054,-24.0127
5961,-87.8102,0.0000,0.5000,66.2787,-1.3064,-0.0493,-0.0004,-0.0031,-0.0117,-0.0054,-24.0073
5963,-87.8102,0.0000,0.5000,66.2859,-1.3064,-0.0494,-0.0004,-0.0031,-0.0117,-0.0054,-24.0020
5965,-87.8102,0.0000,0.5000,66.2931,-1.3065,-0.0494,-0.0004,-0.0031,-0.0116,-0.0054,-23.9966
5967,-87.8102,0.0000,0.5000,66.3003,-1.3065,-0.0494,-0.0004,-0.0031,-0.0116,-0.0054,-23.9912
5969,-87.8102,0.0000,0.5000,66.3075,-1.3065,-0.0494,-0.0004,-0.0031,-0.0116,-0.0054,-23.9858
5971,-87.8102,0.0000,0.5000,66.3148,-1.3065,-0.0494,-0.0004,-0.0031,-0.0116,-0.0054,-23.9803
5973,-87.8102,0.0000,0.5000,66.3221,-1.3065,-0.0494,-0.0004,-0.0031,-0.0115,-0.0054,-23.9749
5975,-87.8101,0.0000,0.5000,66.3294,-1.3065,-0.0494,-0.0004,-0.0031,-0.0115,-0.0054,-23.9694
5977,-87.8101,0.0000,0.5000,66.3368,-1.3065,-0.0494,-0.0004,-0.0031,-0.0115,-0.0054,-23.9639
5979,-87.8101,0.0000,0.5000,66.3442,-1.3065,-0.0494,-0.0004,-0.0031,-0.0115,-0.0054,-23.9583
5981,-87.8101,0.0000,0.5000,66.3516,-1.3065,-0.0494,-0.0004,-0.0031,-0.0115,-0.0054,-23.9528
5983,-87.8101,0.0000,0.5000,66.3591,-1.3065,-0.0494,-0.0004,-0.0031,-0.0114,-0.0054,-23.9472
5985,-87.8101,0.0000,0.5000,66.3666,-1.3065,-0.0494,-0.0004,-0.0030,-0.0114,-0.0054,-23.9416
5987,-87.8101,0.0000,0.5000,66.3741,-1.3065,-0.0494,-0.0004,-0.0030,-0.0114,-0.0054,-23.9360
5989,-87.8101,0.0000,0.5000,66.3816,-1.3065,-0.0494,-0.0004,-0.0030,-0.0114,-0.0054,-23.9303
5991,-87.8101,0.0000,0.5000,66.3892,-1.3065,-0.0494,-0.0004,-0.0030,-0.0114,-0.0054,-23.9247
5993,-87.8101,0.0000,0.5000,66.3968,-1.3065,-0.0494,-0.0004,-0.0030,-0.0113,-0.0054,-23.9190
5995,-87.8100,0.0000,0.5000,66.4044,-1.3065,-0.0494,-0.0004,-0.0030,-0.0113,-0.0054,-23.9133
5997,-87.8100,0.0000,0.5000,66.4121,-1.3065,-0.0495,-0.0004,-0.0030,-0.0113,-0.0053,-23.9075
5999,-87.8100,0.0000,0.5000,66.4197,-1.3065,-0.0495,-0.0004,-0.0030,-0.0113,-0.0053,-23.9018
6001,-87.8100,0.0000,0.5000,66.4275,-1.3065,-0.0495,-0.0004,-0.0030,-0.0113,-0.0053,-23.8960
6003,-87.8100,0.0000,0.5000,66.4352,-1.3065,-0.0495,-0.0004,-0.0030,-0.0112,-0.0053,-23.8903
6005,-87.8100,0.0000,0.5000,66.4430,-1.3065,-0.0495,-0.0004,-0.0030,-0.0112,-0.0053,-23.8845
6007,-87.8100,0.0000,0.5000,66.4507,-1.3065,-0.0495,-0.0004,-0.0030,-0.0112,-0.0053,-23.8786
6009,-87.8100,0.0000,0.5000,66.4586,-1.3065,-0.0495,-0.0004,-0.0030,-0.0112,-0.0053,-23.8728
6011,-48.3621,78.8951,0.5000,66.4657,-791.8874,-7.5634,-0.1757,4.4034,6.6367,0.0166,393.3335
6013,20.8513,11.2657,0.5000,66.6850,-3795.2192,-82.2687,-6999.2335,715.2188,13.0132,0.8558,0.7386
6015,33.0414,3.1311,0.5000,80.9757,-784.7189,-60.8230,-3728.2222,1846.3868,33.3374,3.5392,0.2290
6017,33.6167,-0.6915,0.5000,151.1356,-239.4197,-59.3714,-1291.9576,1891.4227,57.6081,7.0038,0.2189
6019,32.7154,-0.1285,0.5000,265.4585,-91.2938,-60.0176,-1836.7348,1578.2204,74.2192,10.3093,0.2381
6021,33.2918,0.4699,0.5000,380.0595,-36.2406,-58.7127,-2188.0510,1302.0948,84.5585,13.7146,0.2244
6023,34.5177,0.6700,0.5000,481.0856,-15.0109,-56.7083,-2268.9318,1108.7003,89.9864,17.1946,0.1998
6025,36.0177,0.7585,0.5000,555.3040,-5.7792,-54.3460,-2315.0475,958.3480,92.6183,21.1756,0.1721
6027,37.3798,0.6269,0.5000,606.9721,-2.3014,-52.2789,-2168.9096,847.8339,93.2038,25.2415,0.1513
6029,38.4532,0.4852,0.5000,645.8533,-0.8543,-50.4749,-2003.0284,751.1000,92.7396,29.8057,0.1358
6031,39.2747,0.3696,0.5000,676.0315,-0.3428,-49.1407,-1868.9973,676.3820,91.8269,34.1395,0.1258
6033,39.8975,0.2793,0.5000,699.7449,-0.1269,-47.9653,-1744.6104,607.2331,90.5967,38.9523,0.1182
6035,40.3656,0.2089,0.5000,718.4164,-0.0496,-47.0558,-1643.9411,551.0745,89.3469,43.5736,0.1131
6037,40.7121,0.1534,0.5000,733.0363,-0.0164,-46.1800,-1542.3948,494.3346,87.8746,49.0484,0.1089
6039,40.9619,0.1091,0.5000,744.3361,-0.0068,-45.5984,-1471.7033,454.9028,86.7387,53.4255,0.1066
6041,41.1340,0.0731,0.5000,752.8786,-0.0024,-45.0063,-1396.2569,413.0136,85.4425,58.6813,0.1047
6043,41.2425,0.0436,0.5000,759.1088,-0.0010,-44.5844,-1339.7901,381.8821,84.4270,63.0499,0.1038
6045,41.2985,0.0191,0.5000,763.3869,-0.0004,-44.2155,-1288.1543,353.6466,83.4733,67.3978,0.1033
6047,41.3105,-0.0014,0.5000,766.0088,-0.0001,-43.8006,-1226.9776,320.5716,82.3230,73.0160,0.1032
6049,41.2853,-0.0189,0.5000,767.2203,-0.0001,-43.5480,-1187.8296,299.6730,81.5811,76.8922,0.1034
6051,41.2282,-0.0340,0.5000,767.2279,-0.0000,-43.2499,-1139.4143,274.1770,80.6632,82.0055,0.1041
6053,41.1437,-0.0470,0.5000,766.2059,-0.0000,-42.9891,-1094.7641,251.0677,79.8212,87.0488,0.1051
6055,41.0350,-0.0585,0.5000,764.3027,-0.0000,-42.8144,-1063.4502,235.1278,79.2358,90.7813,0.1061
6057,40.9052,-0.0686,0.5000,761.6451,-0.0000,-42.6246,-1027.9942,217.3799,78.5800,95.2099,0.1074
6059,40.7564,-0.0777,0.5000,758.3420,-0.0000,-42.4561,-995.0546,201.2096,77.9791,99.5236,0.1090
6061,40.5907,-0.0858,0.5000,754.4870,-0.0000,-42.2883,-960.7327,184.7220,77.3629,104.2307,0.1109
6063,40.4097,-0.0932,0.5000,750.1612,-0.0000,-42.0918,-918.2259,164.8710,76.6155,110.3741,0.1139
6065,40.2147,-0.1000,0.5000,745.4346,-0.0000,-41.9859,-894.1551,153.9373,76.2007,114.0137,0.1159
6067,40.0069,-0.1062,0.5000,740.3680,-0.0000,-41.8888,-871.2263,143.7428,75.8114,117.5925,0.1181
6069,39.7874,-0.1119,0.5000,735.0140,-0.0000,-41.7995,-849.3686,134.2420,75.4458,121.1099,0.1204
6071,39.5570,-0.1171,0.5000,729.4186,-0.0000,-41.7173,-828.5080,125.3801,75.1018,124.5654,0.1228
6073,39.3166,-0.1220,0.5000,723.6219,-0.0000,-41.6415,-808.5847,117.1151,74.7777,127.9588,0.1254
6075,39.0668,-0.1266,0.5000,717.6590,-0.0000,-41.5069,-771.3264,102.2131,74.1830,134.5587,0.1310
6077,38.8082,-0.1308,0.5000,711.5604,-0.0000,-41.4470,-753.8918,95.5026,73.9094,137.7653,0.1340
6079,38.5416,-0.1348,0.5000,705.3527,-0.0000,-41.3914,-737.1940,89.2413,73.6500,140.9099,0.1372
6081,38.2672,-0.1385,0.5000,699.0594,-0.0000,-41.3396,-721.1925,83.3988,73.4035,143.9928,0.1405
6083,37.9858,-0.1420,0.5000,692.7009,-0.0000,-41.2914,-705.8499,77.9470,73.1688,147.0144,0.1440
6085,37.6977,-0.1453,0.5000,686.2951,-0.0000,-41.2462,-691.1314,72.8594,72.9450,149.9751,0.1476
6087,37.4034,-0.1483,0.5000,679.8576,-0.0000,-41.2039,-677.0047,68.1116,72.7311,152.8755,0.1514
6089,37.1032,-0.1511,0.5000,673.4021,-0.0000,-41.1262,-650.4081,59.5457,72.3289,158.4978,0.1595
6091,36.7975,-0.1538,0.5000,666.9406,-0.0000,-41.1050,-643.0257,57.2569,72.2175,160.0970,0.1620
6093,36.4868,-0.1563,0.5000,660.4836,-0.0000,-41.0704,-630.9187,53.5898,72.0343,162.7571,0.1664
6095,36.1713,-0.1586,0.5000,654.0402,-0.0000,-41.0299,-616.6935,49.4204,71.8181,165.9435,0.1720
6097,35.8514,-0.1607,0.5000,647.6184,-0.0000,-41.0039,-607.5740,46.8284,71.6787,168.0218,0.1758
6099,35.5274,-0.1627,0.5000,641.2252,-0.0000,-40.9660,-594.4131,43.2014,71.4759,171.0712,0.1819
6101,35.1997,-0.1646,0.5000,634.8666,-0.0000,-40.9291,-581.8438,39.8651,71.2799,174.0405,0.1882
6103,34.8684,-0.1662,0.5000,628.5479,-0.0000,-40.8929,-569.8335,36.7959,71.0899,176.9313,0.1949
6105,34.5340,-0.1678,0.5000,622.2736,-0.0000,-40.8617,-559.8405,34.3321,70.9293,179.3776,0.2009
6107,34.1966,-0.1692,0.5000,616.0476,-0.0000,-40.8309,-550.3240,32.0627,70.7738,181.7429,0.2070
6109,33.8566,-0.1705,0.5000,609.8734,-0.0000,-40.7990,-540.9041,29.8913,70.6170,184.1194,0.2136
6111,33.5141,-0.1716,0.5000,603.7538,-0.0000,-40.7662,-531.7059,27.8437,70.4607,186.4747,0.2206
6113,33.1695,-0.1727,0.5000,597.6912,-0.0000,-40.7242,-520.6347,25.4754,70.2677,189.3567,0.2297
6115,32.8230,-0.1736,0.5000,591.6878,-0.0000,-40.6968,-513.8710,24.0808,70.1467,191.1434,0.2357
6117,32.4747,-0.1744,0.5000,585.7451,-0.0000,-40.6453,-502.0655,21.7422,69.9294,194.3107,0.2472
6119,32.1250,-0.1751,0.5000,579.8647,-0.0000,-40.6149,-495.6340,20.5199,69.8072,196.0634,0.2540
6121,31.7740,-0.1757,0.5000,574.0478,-0.0000,-40.5836,-489.4014,19.3701,69.6860,197.7805,0.2610
6123,31.4220,-0.1762,0.5000,568.2953,-0.0000,-40.5181,-477.5062,17.2721,69.4458,201.1109,0.2756
6125,31.0690,-0.1766,0.5000,562.6078,-0.0000,-40.4750,-470.4272,16.0835,69.2966,203.1272,0.2852
6127,30.7154,-0.1769,0.5000,556.9861,-0.0000,-40.4300,-463.6160,14.9824,69.1483,205.0924,0.2952
6129,30.3613,-0.1771,0.5000,551.4303,-0.0000,-40.3831,-457.0608,13.9621,69.0005,207.0079,0.3055
6131,30.0069,-0.1773,0.5000,545.9408,-0.0000,-40.3341,-450.7504,13.0164,68.8532,208.8750,0.3161
6133,29.6522,-0.1773,0.5000,540.5176,-0.0000,-40.2830,-444.6743,12.1397,68.7062,210.6950,0.3272
6135,29.2976,-0.1773,0.5000,535.1607,-0.0000,-40.2298,-438.8227,11.3268,68.5594,212.4692,0.3386
6137,28.9431,-0.1772,0.5000,529.8701,-0.0000,-40.1742,-433.1861,10.5730,68.4127,214.1988,0.3504
6139,28.5888,-0.1771,0.5000,524.6455,-0.0000,-40.1163,-427.7556,9.8737,68.2661,215.8850,0.3626
6141,28.2349,-0.1768,0.5000,519.4867,-0.0000,-40.0561,-422.5226,9.2249,68.1195,217.5290,0.3752
6143,27.8816,-0.1766,0.5000,514.3933,-0.0000,-39.9934,-417.4791,8.6228,67.9728,219.1321,0.3883
6145,27.5289,-0.1762,0.5000,509.3648,-0.0000,-39.9283,-412.6173,8.0639,67.8260,220.6952,0.4017
6147,27.1770,-0.1758,0.5000,504.4010,-0.0000,-39.8607,-407.9301,7.5450,67.6791,222.2195,0.4156
6149,26.8259,-0.1754,0.5000,499.5011,-0.0000,-39.7906,-403.4105,7.0630,67.5320,223.7062,0.4299
6151,26.4758,-0.1749,0.5000,494.6648,-0.0000,-39.7180,-399.0519,6.6152,67.3847,225.1561,0.4447
6153,26.1268,-0.1743,0.5000,489.8915,-0.0000,-39.6429,-394.8482,6.1991,67.2372,226.5704,0.4599
6155,25.7788,-0.1737,0.5000,485.1805,-0.0000,-39.5652,-390.7933,5.8123,67.0894,227.9501,0.4756
6157,25.4322,-0.1731,0.5000,480.5312,-0.0000,-39.4850,-386.8817,5.4526,66.9414,229.2960,0.4917
6159,25.0868,-0.1724,0.5000,475.9429,-0.0000,-39.4022,-383.1081,5.1181,66.7933,230.6091,0.5083
6161,24.7428,-0.1717,0.5000,471.4150,-0.0000,-39.3170,-379.4675,4.8068,66.6451,231.8903,0.5254
6163,24.4003,-0.1710,0.5000,466.9469,-0.0000,-39.2292,-375.9549,4.5171,66.4966,233.1404,0.5430
6165,24.0593,-0.1702,0.5000,462.5378,-0.0000,-39.1728,-373.8112,4.3454,66.4031,233.9105,0.5543
6167,23.7198,-0.1694,0.5000,458.1869,-0.0000,-39.0917,-370.8734,4.1163,66.2713,234.9750,0.5706
6169,23.3820,-0.1686,0.5000,453.8937,-0.0000,-38.9965,-367.6201,3.8708,66.1203,236.1666,0.5897
6171,23.0459,-0.1677,0.5000,449.6573,-0.0000,-38.8951,-364.3716,3.6344,65.9636,237.3709,0.6101
6173,22.7115,-0.1669,0.5000,445.4771,-0.0000,-38.7364,-359.6706,3.3074,65.7256,239.1408,0.6421
6175,22.3789,-0.1660,0.5000,441.3524,-0.0000,-38.6547,-357.4195,3.1570,65.6066,240.0005,0.6587
6177,22.0481,-0.1651,0.5000,437.2823,-0.0000,-38.5716,-355.2324,3.0147,65.4875,240.8439,0.6756
6179,21.7191,-0.1641,0.5000,433.2662,-0.0000,-38.4871,-353.1076,2.8801,65.3683,241.6712,0.6928
6181,21.3921,-0.1632,0.5000,429.3034,-0.0000,-38.3137,-349.0387,2.6320,65.1301,243.2792,0.7283
6183,21.0670,-0.1622,0.5000,425.3931,-0.0000,-38.2020,-346.6045,2.4896,64.9806,244.2572,0.7513
6185,20.7438,-0.1612,0.5000,421.5346,-0.0000,-38.0882,-344.2584,2.3565,64.8312,245.2120,0.7749
6187,20.4226,-0.1602,0.5000,417.7272,-0.0000,-37.9723,-341.9978,2.2322,64.6818,246.1442,0.7991
6189,20.1034,-0.1592,0.5000,413.9702,-0.0000,-37.8543,-339.8200,2.1159,64.5326,247.0545,0.8238
6191,19.7863,-0.1582,0.5000,410.2628,-0.0000,-37.7343,-337.7226,2.0072,64.3835,247.9432,0.8492
6193,19.4712,-0.1572,0.5000,406.6045,-0.0000,-37.6123,-335.7031,1.9055,64.2346,248.8110,0.8751
6195,19.1582,-0.1561,0.5000,402.9944,-0.0000,-37.4884,-333.7591,1.8104,64.0858,249.6582,0.9017
6197,18.8472,-0.1551,0.5000,399.4319,-0.0000,-37.3626,-331.8884,1.7213,63.9373,250.4854,0.9289
6199,18.5384,-0.1540,0.5000,395.9164,-0.0000,-37.2350,-330.0888,1.6379,63.7890,251.2931,0.9566
6201,18.2317,-0.1530,0.5000,392.4470,-0.0000,-37.1056,-328.3579,1.5598,63.6409,252.0816,0.9850
6203,17.9271,-0.1519,0.5000,389.0233,-0.0000,-36.9744,-326.6938,1.4866,63.4933,252.8513,1.0141
6205,17.6247,-0.1508,0.5000,385.6444,-0.0000,-36.8416,-325.0942,1.4180,63.3459,253.6027,1.0437
6207,17.3244,-0.1497,0.5000,382.3098,-0.0000,-36.7071,-323.5571,1.3537,63.1988,254.3361,1.0740
6209,17.0263,-0.1487,0.5000,379.0189,-0.0000,-36.5710,-322.0806,1.2934,63.0521,255.0520,1.1050
6211,16.7303,-0.1476,0.5000,375.7709,-0.0000,-36.4334,-320.6623,1.2369,62.9059,255.7506,1.1366
6213,16.4365,-0.1465,0.5000,372.5653,-0.0000,-36.2942,-319.3005,1.1839,62.7601,256.4322,1.1688
6215,16.1448,-0.1454,0.5000,369.4014,-0.0000,-36.1536,-317.9928,1.1341,62.6147,257.0973,1.2017
6217,15.8553,-0.1443,0.5000,366.2787,-0.0000,-36.0117,-316.7377,1.0875,62.4697,257.7461,1.2353
6219,15.5680,-0.1433,0.5000,363.1964,-0.0000,-35.8683,-315.5327,1.0436,62.3252,258.3788,1.2695
6221,15.2828,-0.1422,0.5000,360.1542,-0.0000,-35.7237,-314.3762,1.0024,62.1814,258.9958,1.3044
6223,14.9997,-0.1411,0.5000,357.1512,-0.0000,-35.5778,-313.2659,0.9632,62.0380,259.5973,1.3400
6225,14.7188,-0.1401,0.5000,354.1870,-0.0000,-35.4940,-312.6524,0.9415,61.9565,259.9337,1.3606
6227,14.4401,-0.1390,0.5000,351.2610,-0.0000,-35.3254,-311.4671,0.8977,61.7939,260.5917,1.4024
6229,14.1634,-0.1379,0.5000,348.3727,-0.0000,-35.2405,-310.8946,0.8749,61.7129,260.9135,1.4237
6231,13.8889,-0.1369,0.5000,345.5214,-0.0000,-35.0696,-309.7878,0.8268,61.5515,261.5426,1.4669
6233,13.6164,-0.1358,0.5000,342.7067,-0.0000,-34.8975,-308.7296,0.7783,61.3909,262.1529,1.5110
6235,13.3461,-0.1348,0.5000,339.9280,-0.0000,-34.7240,-307.7170,0.7325,61.2311,262.7447,1.5560
6237,13.0778,-0.1337,0.5000,337.1847,-0.0000,-34.6368,-307.2268,0.7108,61.1515,263.0337,1.5789
6239,12.8116,-0.1327,0.5000,334.4764,-0.0000,-34.4616,-306.2770,0.6703,60.9927,263.5980,1.6253
6241,12.5474,-0.1317,0.5000,331.8025,-0.0000,-34.2852,-305.3654,0.6334,60.8353,264.1442,1.6726
6243,12.2852,-0.1307,0.5000,329.1626,-0.0000,-34.1765,-304.8233,0.6124,60.7390,264.4708,1.7021
6245,12.0250,-0.1298,0.5000,326.5561,-0.0000,-33.9901,-303.9271,0.5793,60.5753,265.0125,1.7533
6247,11.7666,-0.1288,0.5000,323.9825,-0.0000,-33.7341,-302.7565,0.5391,60.3534,265.7206,1.8249
6249,11.5102,-0.1279,0.5000,321.4413,-0.0000,-33.5764,-302.0673,0.5171,60.2184,266.1369,1.8697
6251,11.2557,-0.1269,0.5000,318.9321,-0.0000,-33.4182,-301.3945,0.4969,60.0841,266.5399,1.9153
6253,11.0030,-0.1260,0.5000,316.4545,-0.0000,-33.2594,-300.7378,0.4784,59.9505,266.9295,1.9617
6255,10.7520,-0.1251,0.5000,314.0080,-0.0000,-33.1003,-300.0955,0.4615,59.8176,267.3058,2.0088
6257,10.5029,-0.1243,0.5000,311.5920,-0.0000,-32.9407,-299.4654,0.4461,59.6854,267.6688,2.0567
6259,10.2554,-0.1234,0.5000,309.2061,-0.0000,-32.7807,-298.8454,0.4321,59.5540,268.0186,2.1054
6261,10.0096,-0.1226,0.5000,306.8500,-0.0000,-32.6205,-298.2334,0.4193,59.4232,268.3551,2.1549
6263,9.7654,-0.1218,0.5000,304.5231,-0.0000,-32.4600,-297.6275,0.4078,59.2932,268.6783,2.2052
6265,9.5229,-0.1210,0.5000,302.2250,-0.0000,-32.2992,-297.0256,0.3974,59.1638,268.9883,2.2564
6267,9.2818,-0.1202,0.5000,299.9554,-0.0000,-32.1383,-296.4260,0.3881,59.0351,269.2848,2.3084
6269,9.0423,-0.1195,0.5000,297.7138,-0.0000,-31.9773,-295.8265,0.3797,58.9072,269.5680,2.3613
6271,8.8042,-0.1188,0.5000,295.4997,-0.0000,-31.8162,-295.2253,0.3723,58.7799,269.8376,2.4150
6273,8.5674,-0.1181,0.5000,293.3128,-0.0000,-31.6550,-294.6202,0.3658,58.6532,270.0938,2.4696
6275,8.3321,-0.1175,0.5000,291.1528,-0.0000,-31.4939,-294.0095,0.3600,58.5272,270.3363,2.5252
6277,8.0979,-0.1168,0.5000,289.0191,-0.0000,-31.3328,-293.3911,0.3551,58.4019,270.5650,2.5816
6279,7.8651,-0.1162,0.5000,286.9114,-0.0000,-31.1718,-292.7630,0.3509,58.2771,270.7800,2.6391
6281,7.6333,-0.1157,0.5000,284.8294,-0.0000,-31.0109,-292.1233,0.3474,58.1530,270.9809,2.6975
6283,7.4027,-0.1151,0.5000,282.7726,-0.0000,-30.8502,-291.4699,0.3445,58.0294,271.1677,2.7569
6285,7.1731,-0.1146,0.5000,280.7407,-0.0000,-30.6898,-290.8010,0.3423,57.9065,271.3403,2.8173
6287,6.9445,-0.1141,0.5000,278.7333,-0.0000,-30.5295,-290.1145,0.3406,57.7841,271.4984,2.8788
6289,6.7169,-0.1137,0.5000,276.7502,-0.0000,-30.3696,-289.4084,0.3395,57.6622,271.6420,2.9414
6291,6.4900,-0.1133,0.5000,274.7908,-0.0000,-30.2100,-288.6806,0.3389,57.5408,271.7708,3.0051
6293,6.2640,-0.1129,0.5000,272.8549,-0.0000,-30.0508,-287.9292,0.3389,57.4199,271.8845,3.0699
6295,6.0386,-0.1125,0.5000,270.9422,-0.0000,-29.8920,-287.1519,0.3393,57.2994,271.9831,3.1359
6297,5.8139,-0.1122,0.5000,269.0523,-0.0000,-29.7337,-286.3468,0.3402,57.1794,272.0663,3.2032
6299,5.5898,-0.1120,0.5000,267.1849,-0.0000,-29.5758,-285.5116,0.3415,57.0598,272.1338,3.2717
6301,5.3662,-0.1117,0.5000,265.3396,-0.0000,-29.4185,-284.6442,0.3433,56.9406,272.1854,3.3415
6303,5.1429,-0.1115,0.5000,263.5161,-0.0000,-29.2617,-283.7424,0.3455,56.8217,272.2207,3.4127
6305,4.9200,-0.1114,0.5000,261.7142,-0.0000,-29.1055,-282.8038,0.3481,56.7032,272.2396,3.4853
6307,4.6974,-0.1113,0.5000,259.9335,-0.0000,-28.9500,-281.8263,0.3510,56.5849,272.2418,3.5594
6309,4.4749,-0.1112,0.5000,258.1737,-0.0000,-28.7951,-280.8074,0.3544,56.4669,272.2268,3.6350
6311,4.2525,-0.1112,0.5000,256.4345,-0.0000,-28.6410,-279.7446,0.3581,56.3491,272.1944,3.7122
6313,4.0301,-0.1112,0.5000,254.7156,-0.0000,-28.4876,-278.6356,0.3622,56.2314,272.1442,3.7910
6315,3.8076,-0.1113,0.5000,253.0168,-0.0000,-28.3349,-277.4776,0.3666,56.1139,272.0759,3.8715
6317,3.5849,-0.1114,0.5000,251.3377,-0.0000,-28.1831,-276.2682,0.3714,55.9965,271.9891,3.9538
6319,3.3619,-0.1116,0.5000,249.6780,-0.0000,-28.0321,-275.0044,0.3766,55.8792,271.8833,4.0380
6321,3.1385,-0.1118,0.5000,248.0376,-0.0000,-27.8820,-273.6836,0.3821,55.7618,271.7582,4.1242
6323,2.9146,-0.1121,0.5000,246.4160,-0.0000,-27.7329,-272.3030,0.3879,55.6444,271.6132,4.2124
6325,2.6901,-0.1124,0.5000,244.8132,-0.0000,-27.5846,-270.8595,0.3941,55.5270,271.4480,4.3027
6327,2.4649,-0.1128,0.5000,243.2287,-0.0000,-27.4374,-269.3498,0.4006,55.4094,271.2620,4.3953
6329,2.2388,-0.1132,0.5000,241.6623,-0.0000,-27.2912,-267.7713,0.4075,55.2916,271.0548,4.4902
6331,2.0118,-0.1137,0.5000,240.1138,-0.0000,-27.1460,-266.1204,0.4147,55.1736,270.8257,4.5877
6333,1.7838,-0.1142,0.5000,238.5830,-0.0000,-27.0019,-264.3939,0.4222,55.0553,270.5742,4.6877
6335,1.5545,-0.1149,0.5000,237.0695,-0.0000,-26.8589,-262.5883,0.4302,54.9367,270.2998,4.7904
6337,1.3239,-0.1156,0.5000,235.5731,-0.0000,-26.7171,-260.7005,0.4384,54.8176,270.0017,4.8961
6339,1.0919,-0.1163,0.5000,234.0937,-0.0000,-26.5765,-258.7262,0.4471,54.6980,269.6795,5.0047
6341,0.8583,-0.1171,0.5000,232.6308,-0.0000,-26.4371,-256.6626,0.4561,54.5780,269.3323,5.1166
6343,0.6229,-0.1180,0.5000,231.1845,-0.0000,-26.2990,-254.5058,0.4656,54.4573,268.9596,5.2319
6345,0.3856,-0.1190,0.5000,229.7543,-0.0000,-26.1621,-252.2522,0.4754,54.3359,268.5605,5.3507
6347,0.1463,-0.1201,0.5000,228.3400,-0.0000,-26.0266,-249.8983,0.4856,54.2137,268.1343,5.4733
6349,-0.0953,-0.1212,0.5000,226.9416,-0.0000,-25.8925,-247.4406,0.4963,54.0907,267.6802,5.5999
6351,-0.3391,-0.1224,0.5000,225.5586,-0.0000,-25.7597,-244.8756,0.5074,53.9668,267.1975,5.7308
6353,-0.5856,-0.1237,0.5000,224.1909,-0.0000,-25.6284,-242.2002,0.5190,53.8419,266.6852,5.8661
6355,-0.8347,-0.1251,0.5000,222.8383,-0.0000,-25.4985,-239.4114,0.5311,53.7159,266.1424,6.0062
6357,-1.0867,-0.1266,0.5000,221.5006,-0.0000,-25.3702,-236.5066,0.5436,53.5887,265.5684,6.1513
6359,-1.3417,-0.1281,0.5000,220.1776,-0.0000,-25.2433,-233.4836,0.5567,53.4603,264.9622,6.3018
6361,-1.6000,-0.1298,0.5000,218.8690,-0.0000,-25.1181,-230.3405,0.5704,53.3304,264.3227,6.4579
6363,-1.8617,-0.1315,0.5000,217.5746,-0.0000,-24.9944,-227.0764,0.5846,53.1991,263.6492,6.6200
6365,-2.1270,-0.1333,0.5000,216.2942,-0.0000,-24.8723,-223.6928,0.5994,53.0661,262.9405,6.7885
6367,-2.3960,-0.1352,0.5000,215.0277,-0.0000,-24.7518,-220.1870,0.6149,52.9315,262.1958,6.9638
6369,-2.6690,-0.1372,0.5000,213.7748,-0.0000,-24.6330,-216.5601,0.6310,52.7951,261.4141,7.1463
6371,-2.9461,-0.1393,0.5000,212.5353,-0.0000,-24.5159,-212.8193,0.6479,52.6567,260.5945,7.3364
6373,-3.2274,-0.1415,0.5000,211.3091,-0.0000,-24.4004,-208.9681,0.6655,52.5163,259.7359,7.5345
6375,-3.5132,-0.1437,0.5000,210.0958,-0.0000,-24.2867,-205.0124,0.6839,52.3738,258.8375,7.7412
6377,-3.8036,-0.1460,0.5000,208.8954,-0.0000,-24.1746,-200.9607,0.7032,52.2290,257.8986,7.9570
6379,-4.0986,-0.1484,0.5000,207.7076,-0.0000,-24.1051,-198.3776,0.7157,52.1369,257.2882,8.0972
6381,-4.3984,-0.1508,0.5000,206.5322,-0.0000,-24.0362,-195.7600,0.7286,52.0438,256.6614,8.2413
6383,-4.7031,-0.1532,0.5000,205.3691,-0.0000,-23.9005,-190.4484,0.7555,51.8547,255.3577,8.5418
6385,-5.0126,-0.1557,0.5000,204.2180,-0.0000,-23.7674,-185.0649,0.7839,51.6614,253.9865,8.8594
6387,-5.3271,-0.1581,0.5000,203.0787,-0.0000,-23.7017,-182.3587,0.7988,51.5631,253.2754,9.0250
6389,-5.6464,-0.1606,0.5000,201.9512,-0.0000,-23.6040,-178.2835,0.8220,51.4131,252.1724,9.2831
6391,-5.9705,-0.1629,0.5000,200.8351,-0.0000,-23.5076,-174.2265,0.8463,51.2604,251.0307,9.5523
6393,-6.2992,-0.1652,0.5000,199.7303,-0.0000,-23.4125,-170.2118,0.8717,51.1051,249.8504,9.8329
6395,-6.6323,-0.1674,0.5000,198.6367,-0.0000,-23.3185,-166.2727,0.8981,50.9472,248.6320,10.1252
6397,-6.9695,-0.1694,0.5000,197.5541,-0.0000,-23.1337,-158.7408,0.9547,50.6233,246.0835,10.7465
6399,-7.3105,-0.1712,0.5000,196.4823,-0.0000,-23.0427,-155.2173,0.9848,50.4573,244.7554,11.0759
6401,-7.6549,-0.1728,0.5000,195.4212,-0.0001,-22.9523,-151.9081,1.0163,50.2888,243.3931,11.4180
6403,-8.0021,-0.1741,0.5000,194.3706,-0.0001,-22.8626,-148.8542,1.0491,50.1178,241.9984,11.7727
6405,-8.3515,-0.1750,0.5000,193.3306,-0.0001,-22.7733,-146.0969,1.0832,49.9444,240.5734,12.1399
6407,-8.7024,-0.1756,0.5000,192.3009,-0.0001,-22.6843,-143.6804,1.1187,49.7689,239.1204,12.5194
6409,-9.0539,-0.1758,0.5000,191.2815,-0.0001,-22.5953,-141.6503,1.1556,49.5913,237.6422,12.9106
6411,-9.4053,-0.1755,0.5000,190.2724,-0.0001,-22.5062,-140.0519,1.1938,49.4119,236.1420,13.3129
6413,-9.7554,-0.1747,0.5000,189.2735,-0.0001,-22.4168,-138.9290,1.2334,49.2311,234.6231,13.7255
6415,-10.1033,-0.1733,0.5000,188.2849,-0.0001,-22.3269,-138.3248,1.2743,49.0491,233.0894,14.1472
6417,-10.4475,-0.1713,0.5000,187.3065,-0.0001,-22.2362,-138.2814,1.3165,48.8664,231.5450,14.5767
6419,-10.7870,-0.1687,0.5000,186.3385,-0.0001,-22.1446,-138.8380,1.3598,48.6834,229.9945,15.0125
6421,-11.1202,-0.1653,0.5000,185.3809,-0.0001,-22.0518,-140.0284,1.4042,48.5006,228.4425,15.4526
6423,-11.4458,-0.1612,0.5000,184.4340,-0.0002,-21.9576,-141.8818,1.4496,48.3185,226.8943,15.8948
6425,-11.7623,-0.1563,0.5000,183.4979,-0.0002,-21.8618,-144.4221,1.4958,48.1377,225.3550,16.3366
6427,-12.0680,-0.1507,0.5000,182.5730,-0.0002,-21.7642,-147.6625,1.5426,47.9589,223.8302,16.7755
6429,-12.3614,-0.1443,0.5000,181.6594,-0.0002,-21.6311,-153.0800,1.6055,47.7251,221.8340,17.3493
6431,-12.6411,-0.1370,0.5000,180.7576,-0.0002,-21.5538,-156.7151,1.6413,47.5951,220.7211,17.6676
6433,-12.9053,-0.1291,0.5000,179.8681,-0.0003,-21.4354,-162.9097,1.6950,47.4044,219.0866,18.1309
6435,-13.1527,-0.1204,0.5000,178.9912,-0.0003,-21.2754,-172.3113,1.7645,47.1645,217.0213,18.7043
6437,-13.3818,-0.1110,0.5000,178.1275,-0.0003,-21.1947,-177.4277,1.7980,47.0514,216.0434,18.9689
6439,-13.5913,-0.1010,0.5000,177.2777,-0.0003,-21.0290,-188.5529,1.8632,46.8360,214.1684,19.4578
6441,-13.7802,-0.0904,0.5000,176.4423,-0.0004,-20.9440,-194.5145,1.8947,46.7342,213.2748,19.6798
6443,-13.9472,-0.0794,0.5000,175.6220,-0.0004,-20.7696,-207.0995,1.9546,46.5438,211.5834,20.0729
6445,-14.0918,-0.0680,0.5000,174.8177,-0.0004,-20.6803,-213.6632,1.9828,46.4556,210.7883,20.2422
6447,-14.2131,-0.0563,0.5000,174.0302,-0.0004,-20.5895,-220.3651,2.0096,46.3725,210.0284,20.3921
6449,-14.3109,-0.0444,0.5000,173.2601,-0.0004,-20.4039,-234.0493,2.0589,46.2219,208.6183,20.6314
6451,-14.3848,-0.0325,0.5000,172.5084,-0.0004,-20.3091,-240.9633,2.0812,46.1548,207.9694,20.7199
6453,-14.4350,-0.0206,0.5000,171.7760,-0.0005,-20.1157,-254.7631,2.1203,46.0377,206.7862,20.8334
6455,-14.4616,-0.0089,0.5000,171.0636,-0.0005,-19.9725,-264.6356,2.1439,45.9672,206.0235,20.8630
6457,-14.4651,0.0025,0.5000,170.3722,-0.0005,-19.8270,-274.2665,2.1634,45.9092,205.3417,20.8491
6459,-14.4463,0.0135,0.5000,169.7027,-0.0005,-19.6795,-283.5555,2.1786,45.8636,204.7395,20.7933
6461,-14.4060,0.0241,0.5000,169.0557,-0.0005,-19.5302,-292.4302,2.1894,45.8303,204.2153,20.6976
6463,-14.3452,0.0341,0.5000,168.4321,-0.0005,-19.3793,-300.7848,2.1959,45.8092,203.7665,20.5650
6465,-14.2653,0.0434,0.5000,167.8325,-0.0005,-19.2271,-308.5583,2.1981,45.8000,203.3902,20.3985
6467,-14.1676,0.0520,0.5000,167.2576,-0.0005,-19.0739,-315.6671,2.1961,45.8021,203.0828,20.2017
6469,-14.0537,0.0598,0.5000,166.7079,-0.0004,-18.9198,-322.0616,2.1902,45.8152,202.8397,19.9785
6471,-13.9253,0.0667,0.5000,166.1839,-0.0004,-18.7652,-327.6993,2.1806,45.8385,202.6566,19.7330
6473,-13.7841,0.0728,0.5000,165.6858,-0.0004,-18.6103,-332.5248,2.1675,45.8715,202.5285,19.4692
6475,-13.6321,0.0778,0.5000,165.2138,-0.0004,-18.4554,-336.5171,2.1514,45.9133,202.4498,19.1914
6477,-13.4711,0.0819,0.5000,164.7681,-0.0004,-18.3008,-339.6705,2.1324,45.9631,202.4150,18.9035
6479,-13.3032,0.0851,0.5000,164.3485,-0.0004,-18.1466,-341.9642,2.1111,46.0202,202.4185,18.6095
6481,-13.1302,0.0872,0.5000,163.9549,-0.0003,-17.9932,-343.4106,2.0878,46.0836,202.4540,18.3130
6483,-12.9541,0.0884,0.5000,163.5869,-0.0003,-17.8408,-344.0363,2.0630,46.1524,202.5158,18.0176
6485,-12.7768,0.0887,0.5000,163.2439,-0.0003,-17.6896,-343.8599,2.0369,46.2257,202.5982,17.7262
6487,-12.6000,0.0881,0.5000,162.9255,-0.0003,-17.5398,-342.9251,2.0099,46.3026,202.6953,17.4417
6489,-12.4256,0.0866,0.5000,162.6308,-0.0003,-17.3917,-341.2831,1.9826,46.3821,202.8017,17.1665
6491,-12.2550,0.0844,0.5000,162.3590,-0.0003,-17.2454,-338.9845,1.9551,46.4634,202.9123,16.9028
6493,-12.0898,0.0815,0.5000,162.1090,-0.0002,-17.1012,-336.0920,1.9278,46.5455,203.0220,16.6521
6495,-11.9312,0.0779,0.5000,161.8799,-0.0002,-16.9590,-332.6721,1.9010,46.6277,203.1264,16.4161
6497,-11.7804,0.0738,0.5000,161.6704,-0.0002,-16.8191,-328.7916,1.8749,46.7092,203.2214,16.1957
6499,-11.6385,0.0692,0.5000,161.4794,-0.0002,-16.6815,-324.5186,1.8498,46.7893,203.3033,15.9919
6501,-11.5062,0.0643,0.5000,161.3056,-0.0002,-16.5464,-319.9201,1.8259,46.8672,203.3688,15.8051
6503,-11.3842,0.0590,0.5000,161.1477,-0.0002,-16.4138,-315.0616,1.8033,46.9423,203.4151,15.6358
6505,-11.2731,0.0535,0.5000,161.0043,-0.0002,-16.2836,-310.0044,1.7821,47.0141,203.4396,15.4840
6507,-11.1733,0.0478,0.5000,160.8742,-0.0002,-16.1560,-304.8055,1.7624,47.0821,203.4405,15.3499
6509,-11.0850,0.0420,0.5000,160.7561,-0.0002,-16.0310,-299.5167,1.7444,47.1459,203.4159,15.2332
6511,-11.0084,0.0361,0.5000,160.6487,-0.0002,-15.9084,-294.1845,1.7281,47.2050,203.3647,15.1336
6513,-10.9434,0.0303,0.5000,160.5507,-0.0002,-15.7884,-288.8497,1.7134,47.2593,203.2857,15.0509
6515,-10.8900,0.0245,0.5000,160.4610,-0.0002,-15.6708,-283.5471,1.7004,47.3084,203.1784,14.9846
6517,-10.8481,0.0188,0.5000,160.3785,-0.0002,-15.5556,-278.3062,1.6891,47.3522,203.0421,14.9342
6519,-10.8175,0.0132,0.5000,160.3020,-0.0002,-15.4427,-273.1514,1.6795,47.3906,202.8767,14.8993
6521,-10.7978,0.0078,0.5000,160.2307,-0.0002,-15.3322,-268.1022,1.6716,47.4234,202.6821,14.8794
6523,-10.7888,0.0025,0.5000,160.1635,-0.0002,-15.2239,-263.1740,1.6652,47.4507,202.4584,14.8739
6525,-10.7901,-0.0025,0.5000,160.0997,-0.0002,-15.1178,-258.3782,1.6605,47.4725,202.2057,14.8823
6527,-10.8014,-0.0074,0.5000,160.0384,-0.0002,-15.0138,-253.7233,1.6573,47.4888,201.9244,14.9041
6529,-10.8221,-0.0121,0.5000,159.9790,-0.0002,-14.9118,-249.2149,1.6555,47.4996,201.6150,14.9388
6531,-10.8520,-0.0166,0.5000,159.9207,-0.0002,-14.8118,-244.8564,1.6552,47.5052,201.2779,14.9859
6533,-10.8906,-0.0209,0.5000,159.8631,-0.0002,-14.7136,-240.6496,1.6563,47.5056,200.9136,15.0450
6535,-10.9375,-0.0249,0.5000,159.8057,-0.0002,-14.6173,-236.5947,1.6588,47.5009,200.5228,15.1155
6537,-10.9922,-0.0288,0.5000,159.7480,-0.0002,-14.5227,-232.6912,1.6625,47.4913,200.1061,15.1971
6539,-11.0544,-0.0324,0.5000,159.6896,-0.0002,-14.4298,-228.9377,1.6675,47.4771,199.6641,15.2894
6541,-11.1236,-0.0359,0.5000,159.6302,-0.0002,-14.3386,-225.3325,1.6737,47.4582,199.1976,15.3919
6543,-11.1994,-0.0391,0.5000,159.5697,-0.0002,-14.2488,-221.8736,1.6811,47.4351,198.7072,15.5043
6545,-11.2814,-0.0422,0.5000,159.5076,-0.0002,-14.1606,-218.5591,1.6897,47.4077,198.1937,15.6262
6547,-11.3693,-0.0450,0.5000,159.4439,-0.0002,-14.0738,-215.3869,1.6993,47.3764,197.6578,15.7572
6549,-11.4626,-0.0476,0.5000,159.3785,-0.0002,-13.9883,-212.3554,1.7100,47.3412,197.1002,15.8971
6551,-11.5610,-0.0501,0.5000,159.3112,-0.0002,-13.9042,-209.4631,1.7217,47.3025,196.5219,16.0453
6553,-11.6641,-0.0524,0.5000,159.2420,-0.0002,-13.8213,-206.7087,1.7344,47.2604,195.9235,16.2017
6555,-11.7716,-0.0545,0.5000,159.1708,-0.0002,-13.7396,-204.0911,1.7480,47.2151,195.3060,16.3658
6557,-11.8829,-0.0564,0.5000,159.0978,-0.0002,-13.6590,-201.6096,1.7626,47.1668,194.6700,16.5373
6559,-11.9979,-0.0581,0.5000,159.0228,-0.0002,-13.5795,-199.2638,1.7781,47.1156,194.0166,16.7159
6561,-12.1162,-0.0597,0.5000,158.9460,-0.0002,-13.5011,-197.0531,1.7944,47.0618,193.3465,16.9012
6563,-12.2373,-0.0611,0.5000,158.8674,-0.0002,-13.4236,-194.9774,1.8115,47.0056,192.6606,17.0927
6565,-12.3610,-0.0623,0.5000,158.7871,-0.0002,-13.3470,-193.0365,1.8295,46.9471,191.9600,17.2903
6567,-12.4870,-0.0633,0.5000,158.7053,-0.0002,-13.2714,-191.2301,1.8482,46.8866,191.2455,17.4933
6569,-12.6148,-0.0642,0.5000,158.6221,-0.0003,-13.1965,-189.5581,1.8677,46.8241,190.5180,17.7016
6571,-12.7442,-0.0649,0.5000,158.5377,-0.0003,-13.1225,-188.0199,1.8878,46.7600,189.7786,17.9145
6573,-12.8748,-0.0655,0.5000,158.4522,-0.0003,-13.0492,-186.6152,1.9086,46.6944,189.0283,18.1317
6575,-13.0063,-0.0659,0.5000,158.3658,-0.0003,-12.9767,-185.3430,1.9300,46.6274,188.2679,18.3528
6577,-13.1383,-0.0661,0.5000,158.2788,-0.0003,-12.9048,-184.2024,1.9520,46.5593,187.4986,18.5772
6579,-13.2707,-0.0662,0.5000,158.1913,-0.0003,-12.8336,-183.1919,1.9745,46.4902,186.7214,18.8045
6581,-13.4029,-0.0661,0.5000,158.1035,-0.0003,-12.7630,-182.3098,1.9975,46.4204,185.9373,19.0342
6583,-13.5349,-0.0659,0.5000,158.0158,-0.0003,-12.6929,-181.5542,2.0210,46.3499,185.1472,19.2657
6585,-13.6662,-0.0655,0.5000,157.9284,-0.0004,-12.6234,-180.9225,2.0448,46.2790,184.3523,19.4986
6587,-13.7965,-0.0650,0.5000,157.8415,-0.0004,-12.5545,-180.4121,2.0690,46.2078,183.5535,19.7324
6589,-13.9257,-0.0643,0.5000,157.7554,-0.0004,-12.4860,-180.0199,2.0935,46.1366,182.7519,19.9664
6591,-14.0534,-0.0635,0.5000,157.6703,-0.0004,-12.4180,-179.7425,2.1183,46.0654,181.9484,20.2001
6593,-14.1793,-0.0626,0.5000,157.5866,-0.0004,-12.3504,-179.5763,2.1432,45.9945,181.1441,20.4330
6595,-14.3032,-0.0616,0.5000,157.5046,-0.0004,-12.2832,-179.5175,2.1683,45.9240,180.3398,20.6646
6597,-14.4249,-0.0604,0.5000,157.4244,-0.0005,-12.2164,-179.5620,2.1935,45.8540,179.5367,20.8942
6599,-14.5441,-0.0591,0.5000,157.3465,-0.0005,-12.1500,-179.7059,2.2187,45.7848,178.7355,21.1214
6601,-14.6607,-0.0578,0.5000,157.2711,-0.0005,-12.0840,-179.9448,2.2439,45.7164,177.9372,21.3455
6603,-14.7744,-0.0563,0.5000,157.1985,-0.0005,-12.0182,-180.2748,2.2690,45.6490,177.1428,21.5660
6605,-14.8849,-0.0547,0.5000,157.1289,-0.0005,-11.9528,-180.6917,2.2939,45.5828,176.3529,21.7824
6607,-14.9922,-0.0530,0.5000,157.0627,-0.0006,-11.8877,-181.1917,2.3187,45.5179,175.5686,21.9942
6609,-15.0961,-0.0513,0.5000,157.0002,-0.0006,-11.8229,-181.7709,2.3431,45.4543,174.7905,22.2008
6611,-15.1963,-0.0494,0.5000,156.9415,-0.0006,-11.7584,-182.4260,2.3673,45.3923,174.0195,22.4018
6613,-15.2928,-0.0475,0.5000,156.8871,-0.0006,-11.6941,-183.1536,2.3911,45.3319,173.2563,22.5966
6615,-15.3854,-0.0455,0.5000,156.8370,-0.0006,-11.6300,-183.9508,2.4145,45.2732,172.5018,22.7847
6617,-15.4739,-0.0435,0.5000,156.7916,-0.0006,-11.5662,-184.8149,2.4374,45.2165,171.7565,22.9657
6619,-15.5582,-0.0414,0.5000,156.7512,-0.0007,-11.5026,-185.7436,2.4598,45.1616,171.0212,23.1391
6621,-15.6382,-0.0392,0.5000,156.7158,-0.0007,-11.4392,-186.7349,2.4816,45.1088,170.2966,23.3045
6623,-15.7137,-0.0369,0.5000,156.6858,-0.0007,-11.3759,-187.7869,2.5027,45.0581,169.5833,23.4614
6625,-15.7848,-0.0347,0.5000,156.6614,-0.0007,-11.3129,-188.8982,2.5231,45.0096,168.8819,23.6094
6627,-15.8512,-0.0323,0.5000,156.6426,-0.0007,-11.2500,-190.0676,2.5428,44.9635,168.1932,23.7482
6629,-15.9128,-0.0299,0.5000,156.6298,-0.0008,-11.1872,-191.2941,2.5618,44.9196,167.5177,23.8773
6631,-15.9696,-0.0275,0.5000,156.6231,-0.0008,-11.1246,-192.5769,2.5799,44.8783,166.8560,23.9963
6633,-16.0214,-0.0250,0.5000,156.6226,-0.0008,-11.0622,-193.9154,2.5971,44.8394,166.2086,24.1049
6635,-16.0682,-0.0225,0.5000,156.6284,-0.0008,-10.9998,-195.3089,2.6133,44.8030,165.5763,24.2028
6637,-16.1099,-0.0199,0.5000,156.6408,-0.0008,-10.9376,-196.7571,2.6287,44.7693,164.9594,24.2897
6639,-16.1464,-0.0173,0.5000,156.6598,-0.0008,-10.8754,-198.2594,2.6430,44.7383,164.3587,24.3651
6641,-16.1776,-0.0146,0.5000,156.6855,-0.0008,-10.8134,-199.8154,2.6563,44.7100,163.7745,24.4290
6643,-16.2035,-0.0119,0.5000,156.7180,-0.0008,-10.7514,-201.4247,2.6685,44.6845,163.2076,24.4809
6645,-16.2239,-0.0092,0.5000,156.7574,-0.0008,-10.6895,-203.0866,2.6796,44.6618,162.6582,24.5207
6647,-16.2388,-0.0064,0.5000,156.8038,-0.0008,-10.6276,-204.8005,2.6895,44.6420,162.1271,24.5482
6649,-16.2482,-0.0036,0.5000,156.8572,-0.0009,-10.5659,-206.5656,2.6983,44.6251,161.6147,24.5631
6651,-16.2519,-0.0008,0.5000,156.9177,-0.0009,-10.5041,-208.3809,2.7058,44.6112,161.1213,24.5653
6653,-16.2499,0.0021,0.5000,156.9853,-0.0009,-10.4424,-210.2452,2.7122,44.6002,160.6477,24.5547
6655,-16.2422,0.0049,0.5000,157.0602,-0.0009,-10.3807,-212.1570,2.7172,44.5923,160.1941,24.5312
6657,-16.2287,0.0078,0.5000,157.1422,-0.0009,-10.3191,-214.1149,2.7211,44.5874,159.7610,24.4947
6659,-16.2093,0.0108,0.5000,157.2314,-0.0008,-10.2575,-216.1168,2.7236,44.5856,159.3488,24.4452
6661,-16.1841,0.0137,0.5000,157.3278,-0.0008,-10.1958,-218.1606,2.7248,44.5869,158.9580,24.3826
6663,-16.1530,0.0167,0.5000,157.4314,-0.0009,-10.1342,-220.2438,2.7247,44.5914,158.5889,24.3071
6665,-16.1160,0.0196,0.5000,157.5423,-0.0008,-10.0726,-222.3634,2.7233,44.5990,158.2419,24.2188
6667,-16.0730,0.0226,0.5000,157.6603,-0.0008,-10.0110,-224.5165,2.7206,44.6097,157.9173,24.1176
6669,-16.0241,0.0256,0.5000,157.7854,-0.0008,-9.9494,-226.6995,2.7166,44.6237,157.6154,24.0039
6671,-15.9693,0.0285,0.5000,157.9176,-0.0008,-9.8877,-228.9085,2.7112,44.6407,157.3365,23.8778
6673,-15.9086,0.0315,0.5000,158.0569,-0.0008,-9.8261,-231.1392,2.7046,44.6610,157.0808,23.7396
6675,-15.8420,0.0344,0.5000,158.2031,-0.0008,-9.7644,-233.3872,2.6966,44.6844,156.8486,23.5895
6677,-15.7696,0.0373,0.5000,158.3563,-0.0008,-9.7027,-235.6474,2.6874,44.7110,156.6401,23.4279
6679,-15.6914,0.0402,0.5000,158.5162,-0.0007,-9.6410,-237.9147,2.6769,44.7406,156.4553,23.2551
6681,-15.6075,0.0430,0.5000,158.6828,-0.0007,-9.5793,-240.1832,2.6652,44.7734,156.2945,23.0717
6683,-15.5179,0.0458,0.5000,158.8561,-0.0007,-9.5175,-242.4471,2.6522,44.8093,156.1576,22.8780
6685,-15.4229,0.0485,0.5000,159.0357,-0.0007,-9.4557,-244.7002,2.6381,44.8482,156.0446,22.6745
6687,-15.3225,0.0512,0.5000,159.2217,-0.0007,-9.3939,-246.9360,2.6229,44.8901,155.9556,22.4619
6689,-15.2167,0.0538,0.5000,159.4139,-0.0007,-9.3321,-249.1477,2.6066,44.9349,155.8905,22.2405
6691,-15.1059,0.0564,0.5000,159.6121,-0.0006,-9.2703,-251.3286,2.5893,44.9826,155.8492,22.0112
6693,-14.9901,0.0588,0.5000,159.8160,-0.0006,-9.2085,-253.4716,2.5710,45.0331,155.8314,21.7744
6695,-14.8695,0.0612,0.5000,160.0256,-0.0006,-9.1467,-255.5698,2.5518,45.0863,155.8370,21.5309
6697,-14.7444,0.0634,0.5000,160.2405,-0.0006,-9.0849,-257.6162,2.5316,45.1422,155.8656,21.2813
6699,-14.6149,0.0656,0.5000,160.4606,-0.0005,-9.0232,-259.6037,2.5107,45.2006,155.9171,21.0263
6701,-14.4812,0.0676,0.5000,160.6856,-0.0005,-8.9615,-261.5256,2.4890,45.2615,155.9909,20.7667
6703,-14.3437,0.0695,0.5000,160.9153,-0.0005,-8.8999,-263.3753,2.4667,45.3247,156.0866,20.5031
6705,-14.2025,0.0712,0.5000,161.1494,-0.0005,-8.8383,-265.1464,2.4437,45.3902,156.2039,20.2363
6707,-14.0580,0.0729,0.5000,161.3875,-0.0005,-8.7768,-266.8328,2.4202,45.4578,156.3421,19.9670
6709,-13.9104,0.0743,0.5000,161.6294,-0.0004,-8.7154,-268.4291,2.3962,45.5274,156.5006,19.6959
6711,-13.7600,0.0757,0.5000,161.8748,-0.0004,-8.6542,-269.9298,2.3719,45.5989,156.6789,19.4238
6713,-13.6072,0.0768,0.5000,162.1233,-0.0004,-8.5931,-271.3302,2.3472,45.6721,156.8763,19.1512
6715,-13.4522,0.0778,0.5000,162.3746,-0.0004,-8.5322,-272.6260,2.3222,45.7468,157.0921,18.8790
6717,-13.2954,0.0787,0.5000,162.6283,-0.0004,-8.4714,-273.8134,2.2971,45.8230,157.3255,18.6077
6719,-13.1372,0.0794,0.5000,162.8841,-0.0003,-8.4109,-274.8891,2.2718,45.9005,157.5758,18.3380
6721,-12.9777,0.0799,0.5000,163.1417,-0.0003,-8.3506,-275.8504,2.2465,45.9791,157.8421,18.0704
6723,-12.8175,0.0802,0.5000,163.4005,-0.0003,-8.2906,-276.6949,2.2212,46.0586,158.1236,17.8056
6725,-12.6568,0.0804,0.5000,163.6603,-0.0003,-8.2309,-277.4208,2.1960,46.1390,158.4194,17.5442
6727,-12.4960,0.0804,0.5000,163.9207,-0.0003,-8.1715,-278.0270,2.1709,46.2200,158.7286,17.2865
6729,-12.3353,0.0802,0.5000,164.1812,-0.0003,-8.1124,-278.5123,2.1459,46.3014,159.0503,17.0331
6731,-12.1752,0.0799,0.5000,164.4415,-0.0003,-8.0537,-278.8765,2.1213,46.3832,159.3836,16.7844
6733,-12.0160,0.0794,0.5000,164.7012,-0.0002,-7.9953,-279.1193,2.0969,46.4651,159.7276,16.5409
6735,-11.8580,0.0787,0.5000,164.9600,-0.0002,-7.9374,-279.2409,2.0729,46.5470,160.0811,16.3029
6737,-11.7016,0.0779,0.5000,165.2173,-0.0002,-7.8799,-279.2419,2.0492,46.6287,160.4434,16.0707
6739,-11.5469,0.0769,0.5000,165.4729,-0.0002,-7.8229,-279.1228,2.0260,46.7101,160.8133,15.8447
6741,-11.3945,0.0758,0.5000,165.7264,-0.0002,-7.7663,-278.8848,2.0032,46.7910,161.1900,15.6251
6743,-11.2445,0.0745,0.5000,165.9774,-0.0002,-7.7103,-278.5289,1.9809,46.8713,161.5723,15.4122
6745,-11.0972,0.0731,0.5000,166.2255,-0.0002,-7.6547,-278.0564,1.9591,46.9507,161.9594,15.2062
6747,-10.9530,0.0715,0.5000,166.4705,-0.0002,-7.5997,-277.4688,1.9378,47.0292,162.3502,15.0073
6749,-10.8121,0.0698,0.5000,166.7118,-0.0002,-7.5453,-276.7676,1.9171,47.1066,162.7437,14.8157
6751,-10.6748,0.0680,0.5000,166.9494,-0.0001,-7.4915,-275.9545,1.8969,47.1827,163.1388,14.6315
6753,-10.5413,0.0660,0.5000,167.1827,-0.0001,-7.4382,-275.0315,1.8774,47.2575,163.5347,14.4548
6755,-10.4119,0.0639,0.5000,167.4115,-0.0002,-7.3856,-274.0003,1.8584,47.3308,163.9304,14.2857
6757,-10.2869,0.0617,0.5000,167.6356,-0.0001,-7.3336,-272.8631,1.8401,47.4024,164.3247,14.1244
6759,-10.1664,0.0594,0.5000,167.8545,-0.0001,-7.2822,-271.6220,1.8223,47.4723,164.7169,13.9708
6761,-10.0506,0.0570,0.5000,168.0681,-0.0001,-7.2315,-270.2794,1.8052,47.5403,165.1058,13.8251
6763,-9.9398,0.0544,0.5000,168.2761,-0.0001,-7.1815,-268.8377,1.7887,47.6063,165.4906,13.6873
6765,-9.8342,0.0518,0.5000,168.4782,-0.0001,-7.1322,-267.2994,1.7728,47.6703,165.8703,13.5575
6767,-9.7339,0.0491,0.5000,168.6743,-0.0001,-7.0835,-265.6674,1.7576,47.7320,166.2440,13.4356
6769,-9.6392,0.0463,0.5000,168.8640,-0.0001,-7.0490,-264.4402,1.7471,47.7748,166.5079,13.3530
6771,-9.5501,0.0435,0.5000,169.0471,-0.0001,-6.9811,-261.8498,1.7270,47.8569,167.0236,13.2002
6773,-9.4668,0.0405,0.5000,169.2236,-0.0000,-6.9477,-260.4891,1.7174,47.8960,167.2749,13.1299
6775,-9.3895,0.0375,0.5000,169.3931,-0.0001,-6.9146,-259.0863,1.7082,47.9337,167.5212,13.0638
6777,-9.3183,0.0345,0.5000,169.5555,-0.0001,-6.8496,-256.1595,1.6907,48.0052,167.9980,12.9438
6779,-9.2533,0.0313,0.5000,169.7106,-0.0001,-6.8176,-254.6383,1.6825,48.0388,168.2279,12.8899
6781,-9.1945,0.0282,0.5000,169.8584,-0.0001,-6.7548,-251.4871,1.6670,48.1018,168.6691,12.7945
6783,-9.1422,0.0250,0.5000,169.9985,-0.0001,-6.7240,-249.8599,1.6598,48.1310,168.8799,12.7528
6785,-9.0963,0.0217,0.5000,170.1310,-0.0001,-6.6816,-247.5387,1.6502,48.1692,169.1620,12.7016
6787,-9.0569,0.0185,0.5000,170.2557,-0.0001,-6.6399,-245.1587,1.6413,48.2045,169.4300,12.6582
6789,-9.0241,0.0152,0.5000,170.3725,-0.0001,-6.5990,-242.7243,1.6330,48.2367,169.6831,12.6227
6791,-8.9979,0.0119,0.5000,170.4812,-0.0001,-6.5587,-240.2396,1.6254,48.2658,169.9207,12.5950
6793,-8.9783,0.0085,0.5000,170.5819,-0.0001,-6.5191,-237.7090,1.6185,48.2918,170.1422,12.5751
6795,-8.9654,0.0052,0.5000,170.6744,-0.0001,-6.4802,-235.1370,1.6122,48.3146,170.3469,12.5629
6797,-8.9592,0.0019,0.5000,170.7587,-0.0001,-6.4420,-232.5280,1.6065,48.3342,170.5343,12.5585
6799,-8.9595,-0.0014,0.5000,170.8347,-0.0001,-6.4045,-229.8866,1.6015,48.3506,170.7039,12.5618
6801,-8.9665,-0.0047,0.5000,170.9024,-0.0001,-6.3676,-227.2171,1.5972,48.3637,170.8552,12.5729
6803,-8.9801,-0.0080,0.5000,170.9618,-0.0001,-6.3314,-224.5244,1.5935,48.3736,170.9876,12.5916
6805,-9.0003,-0.0113,0.5000,171.0128,-0.0001,-6.2959,-221.8129,1.5906,48.3802,171.1008,12.6179
6807,-9.0269,-0.0145,0.5000,171.0554,-0.0001,-6.2609,-219.0872,1.5883,48.3835,171.1943,12.6519
6809,-9.0600,-0.0177,0.5000,171.0896,-0.0001,-6.2266,-216.3521,1.5867,48.3835,171.2679,12.6935
6811,-9.0995,-0.0209,0.5000,171.1155,-0.0001,-6.1929,-213.6123,1.5858,48.3802,171.3211,12.7428
6813,-9.1452,-0.0240,0.5000,171.1330,-0.0001,-6.1599,-210.8724,1.5856,48.3736,171.3536,12.7996
6815,-9.1971,-0.0271,0.5000,171.1423,-0.0001,-6.1274,-208.1372,1.5861,48.3637,171.3653,12.8639
6817,-9.2551,-0.0301,0.5000,171.1433,-0.0001,-6.0955,-205.4115,1.5873,48.3506,171.3559,12.9359
6819,-9.3190,-0.0331,0.5000,171.1361,-0.0001,-6.0641,-202.7000,1.5893,48.3342,171.3252,13.0153
6821,-9.3888,-0.0360,0.5000,171.1207,-0.0001,-6.0333,-200.0077,1.5920,48.3146,171.2731,13.1023
6823,-9.4643,-0.0388,0.5000,171.0973,-0.0001,-6.0031,-197.3394,1.5954,48.2919,171.1994,13.1967
6825,-9.5454,-0.0416,0.5000,171.0659,-0.0001,-5.9733,-194.7001,1.5996,48.2660,171.1041,13.2986
6827,-9.6319,-0.0442,0.5000,171.0267,-0.0001,-5.9441,-192.0946,1.6045,48.2370,170.9872,13.4079
6829,-9.7236,-0.0468,0.5000,170.9796,-0.0001,-5.9154,-189.5280,1.6102,48.2049,170.8488,13.5246
6831,-9.8205,-0.0494,0.5000,170.9249,-0.0001,-5.8871,-187.0053,1.6167,48.1698,170.6887,13.6486
6833,-9.9222,-0.0518,0.5000,170.8627,-0.0001,-5.8594,-184.5315,1.6240,48.1318,170.5073,13.7799
6835,-10.0287,-0.0541,0.5000,170.7931,-0.0001,-5.8321,-182.1117,1.6320,48.0909,170.3045,13.9184
6837,-10.1397,-0.0563,0.5000,170.7163,-0.0001,-5.8052,-179.7507,1.6408,48.0471,170.0806,14.0641
6839,-10.2550,-0.0585,0.5000,170.6323,-0.0001,-5.7787,-177.4537,1.6505,48.0006,169.8359,14.2168
6841,-10.3744,-0.0605,0.5000,170.5415,-0.0001,-5.7527,-175.2255,1.6609,47.9514,169.5705,14.3766
6843,-10.4978,-0.0624,0.5000,170.4439,-0.0001,-5.7271,-173.0712,1.6721,47.8997,169.2849,14.5432
6845,-10.6248,-0.0642,0.5000,170.3398,-0.0001,-5.7018,-170.9953,1.6840,47.8454,168.9794,14.7165
6847,-10.7552,-0.0658,0.5000,170.2294,-0.0001,-5.6770,-169.0027,1.6968,47.7887,168.6543,14.8965
6849,-10.8888,-0.0674,0.5000,170.1129,-0.0001,-5.6525,-167.0978,1.7104,47.7297,168.3103,15.0829
6851,-11.0253,-0.0688,0.5000,169.9905,-0.0002,-5.6283,-165.2851,1.7247,47.6685,167.9476,15.2756
6853,-11.1646,-0.0701,0.5000,169.8625,-0.0002,-5.6045,-163.5686,1.7399,47.6052,167.5670,15.4744
6855,-11.3062,-0.0712,0.5000,169.7292,-0.0002,-5.5810,-161.9523,1.7557,47.5398,167.1689,15.6791
6857,-11.4499,-0.0723,0.5000,169.5907,-0.0002,-5.5578,-160.4399,1.7724,47.4727,166.7540,15.8894
6859,-11.5956,-0.0731,0.5000,169.4474,-0.0002,-5.5349,-159.0346,1.7898,47.4038,166.3229,16.1051
6861,-11.7428,-0.0739,0.5000,169.2996,-0.0002,-5.5123,-157.7395,1.8079,47.3332,165.8765,16.3259
6863,-11.8913,-0.0745,0.5000,169.1476,-0.0002,-5.4900,-156.5572,1.8267,47.2612,165.4153,16.5515
6865,-12.0408,-0.0749,0.5000,168.9917,-0.0002,-5.4679,-155.4898,1.8462,47.1879,164.9402,16.7815
6867,-12.1911,-0.0752,0.5000,168.8323,-0.0002,-5.4461,-154.5392,1.8663,47.1133,164.4519,17.0156
6869,-12.3418,-0.0754,0.5000,168.6696,-0.0002,-5.4246,-153.7067,1.8871,47.0377,163.9514,17.2535
6871,-12.4927,-0.0754,0.5000,168.5041,-0.0002,-5.4033,-152.9930,1.9085,46.9612,163.4393,17.4946
6873,-12.6434,-0.0753,0.5000,168.3360,-0.0003,-5.3822,-152.3984,1.9304,46.8839,162.9168,17.7387
6875,-12.7937,-0.0750,0.5000,168.1659,-0.0003,-5.3613,-151.9229,1.9529,46.8061,162.3845,17.9852
6877,-12.9432,-0.0746,0.5000,167.9940,-0.0003,-5.3407,-151.5654,1.9759,46.7278,161.8435,18.2337
6879,-13.0918,-0.0741,0.5000,167.8208,-0.0003,-5.3203,-151.3250,1.9994,46.6492,161.2946,18.4836
6881,-13.2391,-0.0734,0.5000,167.6467,-0.0003,-5.3000,-151.1996,2.0233,46.5705,160.7388,18.7346
6883,-13.3848,-0.0726,0.5000,167.4720,-0.0003,-5.2799,-151.1872,2.0475,46.4918,160.1770,18.9860
6885,-13.5288,-0.0716,0.5000,167.2972,-0.0003,-5.2601,-151.2849,2.0721,46.4133,159.6102,19.2374
6887,-13.6707,-0.0705,0.5000,167.1227,-0.0004,-5.2404,-151.4895,2.0969,46.3351,159.0393,19.4881
6889,-13.8102,-0.0693,0.5000,166.9489,-0.0004,-5.2208,-151.7977,2.1219,46.2575,158.4651,19.7377
6891,-13.9472,-0.0680,0.5000,166.7763,-0.0004,-5.2014,-152.2054,2.1471,46.1805,157.8887,19.9856
6893,-14.0815,-0.0666,0.5000,166.6052,-0.0004,-5.1822,-152.7086,2.1725,46.1044,157.3109,20.2312
6895,-14.2127,-0.0650,0.5000,166.4360,-0.0004,-5.1631,-153.3031,2.1978,46.0291,156.7326,20.4740
6897,-14.3408,-0.0634,0.5000,166.2693,-0.0004,-5.1441,-153.9843,2.2232,45.9550,156.1547,20.7135
6899,-14.4654,-0.0617,0.5000,166.1053,-0.0005,-5.1252,-154.7479,2.2485,45.8821,155.5780,20.9490
6901,-14.5865,-0.0598,0.5000,165.9445,-0.0005,-5.1065,-155.5895,2.2737,45.8106,155.0033,21.1800
6903,-14.7038,-0.0579,0.5000,165.7873,-0.0005,-5.0879,-156.5046,2.2987,45.7405,154.4315,21.4061
6905,-14.8172,-0.0560,0.5000,165.6339,-0.0005,-5.0693,-157.4893,2.3235,45.6721,153.8632,21.6266
6907,-14.9266,-0.0539,0.5000,165.4849,-0.0005,-5.0509,-158.5396,2.3480,45.6054,153.2993,21.8412
6909,-15.0317,-0.0518,0.5000,165.3405,-0.0006,-5.0325,-159.6518,2.3721,45.5405,152.7406,22.0492
6911,-15.1325,-0.0496,0.5000,165.2011,-0.0006,-5.0142,-160.8227,2.3958,45.4776,152.1876,22.2503
6913,-15.2289,-0.0473,0.5000,165.0670,-0.0006,-4.9959,-162.0493,2.4191,45.4167,151.6411,22.4439
6915,-15.3206,-0.0450,0.5000,164.9384,-0.0006,-4.9777,-163.3288,2.4418,45.3580,151.1018,22.6296
6917,-15.4078,-0.0427,0.5000,164.8157,-0.0006,-4.9596,-164.6592,2.4639,45.3015,150.5703,22.8069
6919,-15.4901,-0.0403,0.5000,164.6992,-0.0006,-4.9414,-166.0384,2.4855,45.2472,150.0472,22.9756
6921,-15.5676,-0.0378,0.5000,164.5889,-0.0007,-4.9233,-167.4649,2.5063,45.1954,149.5332,23.1350
6923,-15.6401,-0.0353,0.5000,164.4853,-0.0007,-4.9052,-168.9373,2.5264,45.1460,149.0288,23.2850
6925,-15.7076,-0.0328,0.5000,164.3884,-0.0007,-4.8871,-170.4548,2.5458,45.0990,148.5346,23.4251
6927,-15.7700,-0.0302,0.5000,164.2985,-0.0007,-4.8690,-172.0164,2.5643,45.0547,148.0512,23.5550
6929,-15.8272,-0.0276,0.5000,164.2157,-0.0007,-4.8509,-173.6216,2.5820,45.0130,147.5791,23.6742
6931,-15.8792,-0.0250,0.5000,164.1402,-0.0007,-4.8327,-175.2699,2.5987,44.9740,147.1189,23.7827
6933,-15.9259,-0.0223,0.5000,164.0721,-0.0008,-4.8145,-176.9609,2.6145,44.9377,146.6711,23.8799
6935,-15.9671,-0.0196,0.5000,164.0115,-0.0008,-4.7963,-178.6942,2.6293,44.9042,146.2362,23.9658
6937,-16.0030,-0.0169,0.5000,163.9585,-0.0008,-4.7780,-180.4696,2.6432,44.8735,145.8148,24.0399
6939,-16.0334,-0.0141,0.5000,163.9132,-0.0008,-4.7597,-182.2866,2.6559,44.8457,145.4073,24.1022
6941,-16.0582,-0.0114,0.5000,163.8757,-0.0008,-4.7413,-184.1448,2.6676,44.8208,145.0142,24.1523
6943,-16.0774,-0.0086,0.5000,163.8460,-0.0008,-4.7228,-186.0435,2.6781,44.7988,144.6361,24.1901
6945,-16.0910,-0.0057,0.5000,163.8241,-0.0008,-4.7043,-187.9821,2.6875,44.7797,144.2732,24.2155
6947,-16.0989,-0.0029,0.5000,163.8101,-0.0008,-4.6856,-189.9597,2.6957,44.7637,143.9262,24.2283
6949,-16.1011,-0.0000,0.5000,163.8039,-0.0008,-4.6669,-191.9751,2.7028,44.7507,143.5955,24.2284
6951,-16.0976,0.0029,0.5000,163.8057,-0.0008,-4.6481,-194.0270,2.7086,44.7408,143.2814,24.2158
6953,-16.0882,0.0057,0.5000,163.8153,-0.0008,-4.6292,-196.1139,2.7132,44.7339,142.9843,24.1904
6955,-16.0731,0.0087,0.5000,163.8328,-0.0008,-4.6102,-198.2339,2.7165,44.7301,142.7048,24.1522
6957,-16.0522,0.0116,0.5000,163.8580,-0.0008,-4.5911,-200.3850,2.7186,44.7294,142.4431,24.1013
6959,-16.0254,0.0145,0.5000,163.8911,-0.0008,-4.5719,-202.5647,2.7195,44.7318,142.1996,24.0377
6961,-15.9928,0.0174,0.5000,163.9319,-0.0008,-4.5525,-204.7704,2.7190,44.7373,141.9746,23.9615
6963,-15.9544,0.0203,0.5000,163.9803,-0.0008,-4.5331,-206.9990,2.7173,44.7460,141.7685,23.8728
6965,-15.9102,0.0232,0.5000,164.0362,-0.0008,-4.5135,-209.2473,2.7143,44.7578,141.5815,23.7719
6967,-15.8603,0.0261,0.5000,164.0997,-0.0008,-4.4938,-211.5116,2.7101,44.7727,141.4139,23.6590
6969,-15.8046,0.0289,0.5000,164.1705,-0.0008,-4.4740,-213.7881,2.7046,44.7907,141.2660,23.5343
6971,-15.7432,0.0318,0.5000,164.2486,-0.0008,-4.4540,-216.0723,2.6979,44.8118,141.1379,23.3981
6973,-15.6762,0.0346,0.5000,164.3339,-0.0007,-4.4339,-218.3599,2.6899,44.8359,141.0298,23.2508
6975,-15.6036,0.0373,0.5000,164.4261,-0.0007,-4.4137,-220.6460,2.6807,44.8631,140.9419,23.0927
6977,-15.5256,0.0400,0.5000,164.5253,-0.0007,-4.3934,-222.9253,2.6704,44.8933,140.8742,22.9242
6979,-15.4422,0.0427,0.5000,164.6311,-0.0007,-4.3729,-225.1925,2.6589,44.9265,140.8269,22.7459
6981,-15.3535,0.0453,0.5000,164.7435,-0.0007,-4.3523,-227.4420,2.6463,44.9626,140.7999,22.5581
6983,-15.2597,0.0479,0.5000,164.8622,-0.0007,-4.3316,-229.6681,2.6327,45.0016,140.7934,22.3615
6985,-15.1609,0.0503,0.5000,164.9872,-0.0006,-4.3107,-231.8646,2.6180,45.0434,140.8071,22.1565
6987,-15.0573,0.0527,0.5000,165.1180,-0.0006,-4.2897,-234.0256,2.6023,45.0880,140.8411,21.9437
6989,-14.9490,0.0550,0.5000,165.2547,-0.0006,-4.2686,-236.1447,2.5857,45.1353,140.8952,21.7237
6991,-14.8361,0.0572,0.5000,165.3968,-0.0006,-4.2473,-238.2159,2.5682,45.1852,140.9692,21.4972
6993,-14.7190,0.0593,0.5000,165.5442,-0.0006,-4.2260,-240.2331,2.5499,45.2376,141.0630,21.2648
6995,-14.5979,0.0613,0.5000,165.6965,-0.0005,-4.2045,-242.1901,2.5308,45.2924,141.1762,21.0272
6997,-14.4728,0.0632,0.5000,165.8536,-0.0005,-4.1829,-244.0809,2.5109,45.3496,141.3085,20.7850
6999,-14.3442,0.0650,0.5000,166.0152,-0.0005,-4.1612,-245.9000,2.4905,45.4090,141.4596,20.5389
7001,-14.2122,0.0666,0.5000,166.1809,-0.0005,-4.1395,-247.6418,2.4694,45.4705,141.6292,20.2895
7003,-14.0771,0.0681,0.5000,166.3504,-0.0005,-4.1176,-249.3011,2.4478,45.5340,141.8167,20.0377
7005,-13.9392,0.0695,0.5000,166.5234,-0.0004,-4.0957,-250.8732,2.4257,45.5994,142.0218,19.7839
7007,-13.7987,0.0707,0.5000,166.6996,-0.0004,-4.0736,-252.3534,2.4033,45.6666,142.2438,19.5289
7009,-13.6560,0.0717,0.5000,166.8787,-0.0004,-4.0516,-253.7380,2.3805,45.7354,142.4822,19.2734
7011,-13.5114,0.0727,0.5000,167.0602,-0.0004,-4.0294,-255.0231,2.3575,45.8056,142.7365,19.0179
7013,-13.3651,0.0734,0.5000,167.2439,-0.0004,-4.0073,-256.2058,2.3342,45.8772,143.0060,18.7631
7015,-13.2175,0.0740,0.5000,167.4294,-0.0004,-3.9851,-257.2833,2.3108,45.9500,143.2901,18.5096
7017,-13.0689,0.0745,0.5000,167.6163,-0.0003,-3.9629,-258.2536,2.2874,46.0239,143.5880,18.2580
7019,-12.9195,0.0748,0.5000,167.8042,-0.0003,-3.9407,-259.1148,2.2639,46.0986,143.8992,18.0087
7021,-12.7698,0.0749,0.5000,167.9929,-0.0003,-3.9185,-259.8656,2.2404,46.1741,144.2228,17.7623
7023,-12.6200,0.0749,0.5000,168.1818,-0.0003,-3.8963,-260.5053,2.2171,46.2502,144.5581,17.5192
7025,-12.4704,0.0747,0.5000,168.3706,-0.0003,-3.8741,-261.0335,2.1939,46.3268,144.9043,17.2800
7027,-12.3214,0.0744,0.5000,168.5591,-0.0003,-3.8520,-261.4499,2.1709,46.4036,145.2606,17.0451
7029,-12.1733,0.0739,0.5000,168.7467,-0.0003,-3.8299,-261.7550,2.1481,46.4806,145.6263,16.8147
7031,-12.0263,0.0733,0.5000,168.9331,-0.0002,-3.8080,-261.9492,2.1256,46.5575,146.0006,16.5894
7033,-11.8807,0.0725,0.5000,169.1180,-0.0002,-3.7861,-262.0334,2.1034,46.6343,146.3825,16.3693
7035,-11.7369,0.0716,0.5000,169.3010,-0.0002,-3.7642,-262.0087,2.0816,46.7107,146.7713,16.1549
7037,-11.5951,0.0705,0.5000,169.4819,-0.0002,-3.7425,-261.8764,2.0602,46.7868,147.1661,15.9463
7039,-11.4556,0.0693,0.5000,169.6601,-0.0002,-3.7210,-261.6378,2.0391,46.8622,147.5662,15.7438
7041,-11.3187,0.0680,0.5000,169.8355,-0.0002,-3.6995,-261.2946,2.0186,46.9368,147.9706,15.5477
7043,-11.1845,0.0665,0.5000,170.0076,-0.0002,-3.6782,-260.8485,1.9985,47.0106,148.3785,15.3580
7045,-11.0534,0.0649,0.5000,170.1763,-0.0002,-3.6571,-260.3013,1.9788,47.0834,148.7890,15.1750
7047,-10.9256,0.0633,0.5000,170.3411,-0.0002,-3.6361,-259.6548,1.9597,47.1550,149.2014,14.9989
7049,-10.8014,0.0615,0.5000,170.5019,-0.0002,-3.6153,-258.9111,1.9411,47.2254,149.6148,14.8297
7051,-10.6808,0.0595,0.5000,170.6584,-0.0002,-3.5947,-258.0721,1.9230,47.2944,150.0284,14.6675
7053,-10.5643,0.0575,0.5000,170.8102,-0.0001,-3.5742,-257.1400,1.9055,47.3618,150.4412,14.5124
7055,-10.4518,0.0554,0.5000,170.9571,-0.0001,-3.5540,-256.1170,1.8885,47.4277,150.8526,14.3646
7057,-10.3437,0.0532,0.5000,171.0990,-0.0001,-3.5340,-255.0053,1.8721,47.4919,151.2616,14.2240
7059,-10.2401,0.0509,0.5000,171.2356,-0.0001,-3.5142,-253.8071,1.8562,47.5542,151.6675,14.0907
7061,-10.1412,0.0486,0.5000,171.3667,-0.0001,-3.4946,-252.5250,1.8409,47.6146,152.0695,13.9648
7063,-10.0471,0.0461,0.5000,171.4920,-0.0001,-3.4752,-251.1612,1.8262,47.6730,152.4668,13.8463
7065,-9.9581,0.0436,0.5000,171.6115,-0.0001,-3.4561,-249.7184,1.8120,47.7293,152.8585,13.7351
7067,-9.8741,0.0410,0.5000,171.7249,-0.0001,-3.4373,-248.1993,1.7984,47.7833,153.2440,13.6313
7069,-9.7954,0.0384,0.5000,171.8320,-0.0001,-3.4186,-246.6065,1.7854,47.8352,153.6225,13.5349
7071,-9.7221,0.0356,0.5000,171.9328,-0.0001,-3.4003,-244.9429,1.7730,47.8846,153.9933,13.4460
7073,-9.6542,0.0329,0.5000,172.0271,-0.0001,-3.3821,-243.2114,1.7611,47.9317,154.3556,13.3644
7075,-9.5920,0.0301,0.5000,172.1148,-0.0001,-3.3643,-241.4151,1.7499,47.9762,154.7087,13.2902
7077,-9.5354,0.0272,0.5000,172.1957,-0.0001,-3.3467,-239.5570,1.7392,48.0183,155.0519,13.2234
7079,-9.4845,0.0244,0.5000,172.2698,-0.0001,-3.3293,-237.6403,1.7291,48.0577,155.3846,13.1639
7081,-9.4394,0.0214,0.5000,172.3369,-0.0001,-3.3122,-235.6685,1.7195,48.0944,155.7062,13.1118
7083,-9.4002,0.0185,0.5000,172.3970,-0.0001,-3.2954,-233.6448,1.7106,48.1284,156.0159,13.0669
7085,-9.3669,0.0155,0.5000,172.4499,-0.0001,-3.2788,-231.5727,1.7023,48.1597,156.3132,13.0294
7087,-9.3396,0.0126,0.5000,172.4957,-0.0001,-3.2625,-229.4559,1.6945,48.1881,156.5975,12.9991
7089,-9.3182,0.0096,0.5000,172.5343,-0.0001,-3.2465,-227.2978,1.6873,48.2138,156.8682,12.9761
7091,-9.3028,0.0066,0.5000,172.5656,-0.0001,-3.2307,-225.1022,1.6808,48.2365,157.1249,12.9603
7093,-9.2934,0.0036,0.5000,172.5896,-0.0001,-3.2152,-222.8729,1.6748,48.2563,157.3669,12.9517
7095,-9.2899,0.0006,0.5000,172.6063,-0.0001,-3.2000,-220.6135,1.6694,48.2733,157.5938,12.9502
7097,-9.2925,-0.0024,0.5000,172.6156,-0.0001,-3.1850,-218.3281,1.6647,48.2872,157.8052,12.9559
7099,-9.3010,-0.0054,0.5000,172.6176,-0.0001,-3.1702,-216.0203,1.6605,48.2983,158.0006,12.9688
7101,-9.3154,-0.0083,0.5000,172.6123,-0.0001,-3.1558,-213.6942,1.6570,48.3063,158.1795,12.9887
7103,-9.3356,-0.0112,0.5000,172.5995,-0.0001,-3.1415,-211.3538,1.6541,48.3113,158.3417,13.0157
7105,-9.3617,-0.0141,0.5000,172.5795,-0.0001,-3.1275,-209.0029,1.6518,48.3134,158.4867,13.0498
7107,-9.3936,-0.0170,0.5000,172.5522,-0.0001,-3.1138,-206.6458,1.6502,48.3125,158.6143,13.0909
7109,-9.4311,-0.0198,0.5000,172.5176,-0.0001,-3.1003,-204.2863,1.6492,48.3086,158.7241,13.1390
7111,-9.4743,-0.0226,0.5000,172.4757,-0.0001,-3.0870,-201.9287,1.6489,48.3017,158.8160,13.1941
7113,-9.5229,-0.0254,0.5000,172.4268,-0.0001,-3.0740,-199.5770,1.6492,48.2919,158.8895,13.2561
7115,-9.5770,-0.0281,0.5000,172.3707,-0.0001,-3.0612,-197.2354,1.6502,48.2791,158.9447,13.3251
7117,-9.6364,-0.0307,0.5000,172.3076,-0.0001,-3.0486,-194.9081,1.6518,48.2635,158.9812,13.4010
7119,-9.7010,-0.0333,0.5000,172.2375,-0.0001,-3.0362,-192.5993,1.6541,48.2449,158.9990,13.4837
7121,-9.7707,-0.0358,0.5000,172.1606,-0.0001,-3.0241,-190.3132,1.6571,48.2235,158.9979,13.5733
7123,-9.8454,-0.0382,0.5000,172.0769,-0.0001,-3.0121,-188.0542,1.6608,48.1992,158.9779,13.6696
7125,-9.9249,-0.0406,0.5000,171.9865,-0.0001,-3.0004,-185.8265,1.6652,48.1722,158.9390,13.7727
7127,-10.0091,-0.0429,0.5000,171.8896,-0.0001,-2.9889,-183.6344,1.6703,48.1424,158.8812,13.8825
7129,-10.0977,-0.0452,0.5000,171.7863,-0.0001,-2.9775,-181.4822,1.6760,48.1099,158.8044,13.9989
7131,-10.1908,-0.0473,0.5000,171.6767,-0.0001,-2.9664,-179.3742,1.6825,48.0748,158.7088,14.1219
7133,-10.2880,-0.0494,0.5000,171.5609,-0.0001,-2.9554,-177.3146,1.6897,48.0371,158.5945,14.2514
7135,-10.3893,-0.0514,0.5000,171.4392,-0.0001,-2.9446,-175.3078,1.6976,47.9969,158.4616,14.3873
7137,-10.4944,-0.0532,0.5000,171.3116,-0.0001,-2.9341,-173.3579,1.7062,47.9542,158.3103,14.5295
7139,-10.6031,-0.0550,0.5000,171.1783,-0.0001,-2.9236,-171.4691,1.7156,47.9092,158.1408,14.6779
7141,-10.7153,-0.0567,0.5000,171.0395,-0.0001,-2.9134,-169.6455,1.7256,47.8618,157.9535,14.8324
7143,-10.8307,-0.0583,0.5000,170.8955,-0.0001,-2.9033,-167.8910,1.7364,47.8123,157.7485,14.9929
7145,-10.9492,-0.0598,0.5000,170.7464,-0.0002,-2.8933,-166.2096,1.7478,47.7605,157.5262,15.1592
7147,-11.0704,-0.0611,0.5000,170.5923,-0.0002,-2.8835,-164.6049,1.7600,47.7068,157.2871,15.3312
7149,-11.1943,-0.0624,0.5000,170.4336,-0.0002,-2.8739,-163.0806,1.7729,47.6511,157.0314,15.5087
7151,-11.3205,-0.0635,0.5000,170.2705,-0.0002,-2.8644,-161.6400,1.7864,47.5935,156.7596,15.6915
7153,-11.4489,-0.0646,0.5000,170.1031,-0.0002,-2.8551,-160.2862,1.8006,47.5341,156.4723,15.8794
7155,-11.5791,-0.0655,0.5000,169.9319,-0.0002,-2.8459,-159.0223,1.8155,47.4731,156.1699,16.0722
7157,-11.7110,-0.0662,0.5000,169.7569,-0.0002,-2.8368,-157.8510,1.8311,47.4106,155.8529,16.2696
7159,-11.8443,-0.0669,0.5000,169.5786,-0.0002,-2.8278,-156.7745,1.8473,47.3466,155.5220,16.4714
7161,-11.9788,-0.0674,0.5000,169.3971,-0.0002,-2.8190,-155.7950,1.8641,47.2814,155.1777,16.6773
7163,-12.1142,-0.0678,0.5000,169.2127,-0.0002,-2.8103,-154.9142,1.8815,47.2149,154.8207,16.8869
7165,-12.2502,-0.0681,0.5000,169.0259,-0.0002,-2.8017,-154.1336,1.8994,47.1475,154.4517,17.1000
7167,-12.3866,-0.0683,0.5000,168.8368,-0.0002,-2.7932,-153.4540,1.9180,47.0790,154.0712,17.3163
7169,-12.5232,-0.0683,0.5000,168.6458,-0.0002,-2.7848,-152.8762,1.9370,47.0098,153.6801,17.5352
7171,-12.6596,-0.0682,0.5000,168.4532,-0.0003,-2.7766,-152.4004,1.9566,46.9399,153.2791,17.7566
7173,-12.7958,-0.0680,0.5000,168.2594,-0.0003,-2.7684,-152.0263,1.9766,46.8695,152.8688,17.9800
7175,-12.9313,-0.0676,0.5000,168.0647,-0.0003,-2.7603,-151.7535,1.9971,46.7987,152.4501,18.2049
7177,-13.0659,-0.0671,0.5000,167.8694,-0.0003,-2.7524,-151.5809,2.0179,46.7276,152.0237,18.4310
7179,-13.1995,-0.0665,0.5000,167.6739,-0.0003,-2.7445,-151.5072,2.0391,46.6565,151.5903,18.6578
7181,-13.3317,-0.0658,0.5000,167.4786,-0.0003,-2.7367,-151.5306,2.0606,46.5853,151.1509,18.8849
7183,-13.4624,-0.0650,0.5000,167.2838,-0.0003,-2.7290,-151.6490,2.0824,46.5143,150.7060,19.1118
7185,-13.5912,-0.0641,0.5000,167.0898,-0.0004,-2.7214,-151.8601,2.1045,46.4436,150.2566,19.3380
7187,-13.7181,-0.0630,0.5000,166.8971,-0.0004,-2.7138,-152.1611,2.1267,46.3733,149.8034,19.5632
7189,-13.8428,-0.0619,0.5000,166.7061,-0.0004,-2.7064,-152.5491,2.1491,46.3036,149.3472,19.7867
7191,-13.9650,-0.0606,0.5000,166.5169,-0.0004,-2.6990,-153.0210,2.1715,46.2346,148.8887,20.0081
7193,-14.0846,-0.0593,0.5000,166.3301,-0.0004,-2.6916,-153.5735,2.1940,46.1664,148.4287,20.2270
7195,-14.2015,-0.0579,0.5000,166.1460,-0.0004,-2.6843,-154.2032,2.2165,46.0992,147.9680,20.4429
7197,-14.3153,-0.0564,0.5000,165.9649,-0.0004,-2.6771,-154.9068,2.2390,46.0330,147.5073,20.6552
7199,-14.4260,-0.0547,0.5000,165.7871,-0.0005,-2.6699,-155.6808,2.2614,45.9680,147.0472,20.8636
7201,-14.5334,-0.0531,0.5000,165.6130,-0.0005,-2.6628,-156.5219,2.2836,45.9043,146.5885,21.0676
7203,-14.6374,-0.0513,0.5000,165.4429,-0.0005,-2.6557,-157.4268,2.3055,45.8420,146.1319,21.2666
7205,-14.7378,-0.0495,0.5000,165.2772,-0.0005,-2.6486,-158.3925,2.3273,45.7813,145.6781,21.4604
7207,-14.8344,-0.0476,0.5000,165.1160,-0.0005,-2.6416,-159.4159,2.3487,45.7221,145.2277,21.6484
7209,-14.9272,-0.0457,0.5000,164.9597,-0.0005,-2.6346,-160.4945,2.3698,45.6647,144.7813,21.8302
7211,-15.0160,-0.0437,0.5000,164.8086,-0.0006,-2.6276,-161.6255,2.3905,45.6090,144.3396,22.0055
7213,-15.1008,-0.0416,0.5000,164.6629,-0.0006,-2.6207,-162.8069,2.4107,45.5552,143.9032,22.1738
7215,-15.1814,-0.0395,0.5000,164.5229,-0.0006,-2.6137,-164.0365,2.4305,45.5034,143.4726,22.3347
7217,-15.2577,-0.0374,0.5000,164.3888,-0.0006,-2.6068,-165.3124,2.4497,45.4536,143.0485,22.4879
7219,-15.3297,-0.0352,0.5000,164.2607,-0.0006,-2.5998,-166.6333,2.4683,45.4059,142.6314,22.6331
7221,-15.3972,-0.0329,0.5000,164.1389,-0.0006,-2.5928,-167.9975,2.4863,45.3604,142.2218,22.7698
7223,-15.4602,-0.0306,0.5000,164.0235,-0.0007,-2.5858,-169.4040,2.5036,45.3171,141.8203,22.8979
7225,-15.5186,-0.0283,0.5000,163.9148,-0.0007,-2.5788,-170.8517,2.5202,45.2761,141.4274,23.0169
7227,-15.5724,-0.0260,0.5000,163.8128,-0.0007,-2.5718,-172.3396,2.5361,45.2375,141.0436,23.1265
7229,-15.6214,-0.0236,0.5000,163.7178,-0.0007,-2.5648,-173.8670,2.5512,45.2013,140.6694,23.2266
7231,-15.6656,-0.0212,0.5000,163.6297,-0.0007,-2.5577,-175.4330,2.5654,45.1675,140.3054,23.3168
7233,-15.7049,-0.0188,0.5000,163.5487,-0.0007,-2.5506,-177.0369,2.5788,45.1362,139.9519,23.3970
7235,-15.7394,-0.0163,0.5000,163.4748,-0.0007,-2.5434,-178.6780,2.5914,45.1074,139.6094,23.4668
7237,-15.7689,-0.0138,0.5000,163.4082,-0.0007,-2.5362,-180.3555,2.6030,45.0813,139.2785,23.5262
7239,-15.7933,-0.0113,0.5000,163.3490,-0.0007,-2.5289,-182.0686,2.6136,45.0577,138.9595,23.5748
7241,-15.8128,-0.0088,0.5000,163.2970,-0.0007,-2.5216,-183.8162,2.6233,45.0367,138.6529,23.6127
7243,-15.8271,-0.0062,0.5000,163.2524,-0.0007,-2.5142,-185.5974,2.6320,45.0185,138.3590,23.6396
7245,-15.8364,-0.0037,0.5000,163.2153,-0.0007,-2.5068,-187.4111,2.6397,45.0029,138.0784,23.6554
7247,-15.8405,-0.0011,0.5000,163.1855,-0.0008,-2.4993,-189.2558,2.6463,44.9901,137.8113,23.6600
7249,-15.8394,0.0015,0.5000,163.1631,-0.0008,-2.4917,-191.1302,2.6519,44.9800,137.5583,23.6535
7251,-15.8331,0.0041,0.5000,163.1480,-0.0008,-2.4841,-193.0324,2.6564,44.9726,137.3196,23.6357
7253,-15.8216,0.0067,0.5000,163.1404,-0.0008,-2.4763,-194.9607,2.6598,44.9681,137.0955,23.6067
7255,-15.8049,0.0093,0.5000,163.1400,-0.0008,-2.4685,-196.9129,2.6622,44.9663,136.8865,23.5665
7257,-15.7830,0.0119,0.5000,163.1469,-0.0007,-2.4607,-198.8867,2.6634,44.9673,136.6928,23.5152
7259,-15.7559,0.0145,0.5000,163.1609,-0.0007,-2.4527,-200.8796,2.6635,44.9711,136.5148,23.4528
7261,-15.7235,0.0171,0.5000,163.1821,-0.0007,-2.4447,-202.8887,2.6625,44.9778,136.3526,23.3795
7263,-15.6861,0.0197,0.5000,163.2104,-0.0007,-2.4366,-204.9112,2.6605,44.9872,136.2066,23.2954
7265,-15.6434,0.0223,0.5000,163.2456,-0.0007,-2.4283,-206.9436,2.6573,44.9994,136.0770,23.2007
7267,-15.5957,0.0248,0.5000,163.2877,-0.0007,-2.4200,-208.9825,2.6530,45.0144,135.9640,23.0957
7269,-15.5429,0.0273,0.5000,163.3365,-0.0007,-2.4117,-211.0243,2.6477,45.0322,135.8677,22.9806
7271,-15.4852,0.0298,0.5000,163.3920,-0.0007,-2.4032,-213.0648,2.6413,45.0527,135.7884,22.8557
7273,-15.4225,0.0323,0.5000,163.4539,-0.0007,-2.3946,-215.1000,2.6338,45.0759,135.7261,22.7213
7275,-15.3550,0.0347,0.5000,163.5222,-0.0007,-2.3859,-217.1255,2.6254,45.1018,135.6809,22.5777
7277,-15.2827,0.0370,0.5000,163.5967,-0.0007,-2.3772,-219.1367,2.6159,45.1303,135.6530,22.4253
7279,-15.2059,0.0393,0.5000,163.6773,-0.0006,-2.3683,-221.1289,2.6054,45.1615,135.6423,22.2646
7281,-15.1244,0.0415,0.5000,163.7637,-0.0006,-2.3594,-223.0972,2.5940,45.1952,135.6488,22.0959
7283,-15.0386,0.0437,0.5000,163.8558,-0.0006,-2.3504,-225.0368,2.5817,45.2315,135.6726,21.9198
7285,-14.9486,0.0458,0.5000,163.9534,-0.0006,-2.3412,-226.9424,2.5686,45.2702,135.7134,21.7367
7287,-14.8544,0.0478,0.5000,164.0562,-0.0006,-2.3320,-228.8092,2.5546,45.3112,135.7713,21.5471
7289,-14.7563,0.0498,0.5000,164.1641,-0.0006,-2.3227,-230.6318,2.5398,45.3546,135.8461,21.3516
7291,-14.6544,0.0516,0.5000,164.2769,-0.0005,-2.3133,-232.4054,2.5242,45.4003,135.9376,21.1506
7293,-14.5490,0.0534,0.5000,164.3942,-0.0005,-2.3039,-234.1249,2.5080,45.4481,136.0455,20.9447
7295,-14.4402,0.0550,0.5000,164.5159,-0.0005,-2.2943,-235.7855,2.4911,45.4979,136.1697,20.7346
7297,-14.3282,0.0566,0.5000,164.6417,-0.0005,-2.2847,-237.3823,2.4737,45.5498,136.3099,20.5207
7299,-14.2133,0.0580,0.5000,164.7712,-0.0005,-2.2750,-238.9110,2.4557,45.6035,136.4657,20.3036
7301,-14.0957,0.0593,0.5000,164.9044,-0.0005,-2.2652,-240.3671,2.4372,45.6590,136.6367,20.0839
7303,-13.9756,0.0605,0.5000,165.0407,-0.0004,-2.2553,-241.7467,2.4182,45.7162,136.8227,19.8622
7305,-13.8532,0.0616,0.5000,165.1800,-0.0004,-2.2454,-243.0459,2.3989,45.7749,137.0231,19.6391
7307,-13.7289,0.0625,0.5000,165.3220,-0.0004,-2.2355,-244.2615,2.3792,45.8351,137.2374,19.4150
7309,-13.6028,0.0633,0.5000,165.4662,-0.0004,-2.2254,-245.3902,2.3593,45.8966,137.4653,19.1906
7311,-13.4754,0.0640,0.5000,165.6125,-0.0004,-2.2154,-246.4295,2.3391,45.9594,137.7062,18.9664
7313,-13.3467,0.0645,0.5000,165.7606,-0.0004,-2.2052,-247.3768,2.3188,46.0231,137.9595,18.7429
7315,-13.2171,0.0649,0.5000,165.9099,-0.0004,-2.1951,-248.2303,2.2984,46.0879,138.2247,18.5205
7317,-13.0868,0.0652,0.5000,166.0604,-0.0003,-2.1849,-248.9883,2.2779,46.1534,138.5012,18.2998
7319,-12.9562,0.0653,0.5000,166.2115,-0.0003,-2.1747,-249.6496,2.2574,46.2197,138.7883,18.0813
7321,-12.8255,0.0653,0.5000,166.3631,-0.0003,-2.1644,-250.2133,2.2369,46.2864,139.0855,17.8653
7323,-12.6950,0.0652,0.5000,166.5147,-0.0003,-2.1542,-250.6789,2.2165,46.3536,139.3921,17.6523
7325,-12.5650,0.0649,0.5000,166.6660,-0.0003,-2.1439,-251.0462,2.1962,46.4211,139.7074,17.4427
7327,-12.4356,0.0645,0.5000,166.8168,-0.0003,-2.1337,-251.3152,2.1761,46.4887,140.0307,17.2368
7329,-12.3072,0.0640,0.5000,166.9666,-0.0003,-2.1234,-251.4864,2.1562,46.5563,140.3614,17.0350
7331,-12.1801,0.0633,0.5000,167.1152,-0.0003,-2.1132,-251.5603,2.1365,46.6239,140.6987,16.8376
7333,-12.0545,0.0625,0.5000,167.2623,-0.0002,-2.1030,-251.5379,2.1171,46.6911,141.0420,16.6448
7335,-11.9306,0.0616,0.5000,167.4075,-0.0002,-2.0928,-251.4203,2.0980,46.7580,141.3906,16.4570
7337,-11.8086,0.0606,0.5000,167.5506,-0.0002,-2.0826,-251.2086,2.0792,46.8243,141.7436,16.2743
7339,-11.6889,0.0594,0.5000,167.6912,-0.0002,-2.0725,-250.9043,2.0608,46.8901,142.1004,16.0971
7341,-11.5717,0.0582,0.5000,167.8291,-0.0002,-2.0624,-250.5091,2.0427,46.9551,142.4603,15.9254
7343,-11.4570,0.0568,0.5000,167.9640,-0.0002,-2.0524,-250.0245,2.0251,47.0192,142.8225,15.7595
7345,-11.3453,0.0553,0.5000,168.0957,-0.0002,-2.0424,-249.4524,2.0078,47.0823,143.1864,15.5995
7347,-11.2366,0.0537,0.5000,168.2238,-0.0002,-2.0325,-248.7946,1.9910,47.1443,143.5512,15.4456
7349,-11.1312,0.0521,0.5000,168.3482,-0.0002,-2.0226,-248.0532,1.9747,47.2051,143.9161,15.2979
7351,-11.0293,0.0503,0.5000,168.4686,-0.0002,-2.0129,-247.2302,1.9588,47.2646,144.2806,15.1565
7353,-10.9309,0.0485,0.5000,168.5848,-0.0002,-2.0032,-246.3277,1.9434,47.3227,144.6438,15.0215
7355,-10.8364,0.0465,0.5000,168.6966,-0.0002,-1.9936,-245.3478,1.9285,47.3792,145.0051,14.8930
7357,-10.7458,0.0445,0.5000,168.8038,-0.0002,-1.9840,-244.2928,1.9140,47.4342,145.3637,14.7710
7359,-10.6592,0.0425,0.5000,168.9061,-0.0002,-1.9746,-243.1651,1.9001,47.4874,145.7190,14.6555
7361,-10.5770,0.0403,0.5000,169.0035,-0.0001,-1.9652,-241.9669,1.8867,47.5389,146.0704,14.5468
7363,-10.4991,0.0381,0.5000,169.0957,-0.0001,-1.9560,-240.7006,1.8738,47.5886,146.4171,14.4447
7365,-10.4256,0.0359,0.5000,169.1826,-0.0001,-1.9468,-239.3688,1.8614,47.6363,146.7585,14.3493
7367,-10.3568,0.0335,0.5000,169.2641,-0.0001,-1.9378,-237.9740,1.8495,47.6819,147.0939,14.2606
7369,-10.2927,0.0312,0.5000,169.3400,-0.0001,-1.9288,-236.5187,1.8381,47.7256,147.4228,14.1787
7371,-10.2333,0.0288,0.5000,169.4102,-0.0001,-1.9200,-235.0056,1.8273,47.7670,147.7444,14.1035
7373,-10.1789,0.0263,0.5000,169.4746,-0.0001,-1.9112,-233.4375,1.8170,47.8063,148.0583,14.0350
7375,-10.1294,0.0238,0.5000,169.5331,-0.0001,-1.9026,-231.8172,1.8073,47.8433,148.3638,13.9734
7377,-10.0849,0.0213,0.5000,169.5855,-0.0001,-1.8941,-230.1474,1.7981,47.8780,148.6603,13.9185
7379,-10.0455,0.0187,0.5000,169.6319,-0.0001,-1.8857,-228.4312,1.7894,47.9103,148.9473,13.8703
7381,-10.0112,0.0162,0.5000,169.6721,-0.0001,-1.8775,-226.6714,1.7813,47.9403,149.2242,13.8288
7383,-9.9821,0.0136,0.5000,169.7061,-0.0001,-1.8693,-224.8712,1.7737,47.9678,149.4905,13.7941
7385,-9.9581,0.0110,0.5000,169.7338,-0.0001,-1.8613,-223.0337,1.7667,47.9928,149.7458,13.7661
7387,-9.9394,0.0084,0.5000,169.7552,-0.0001,-1.8533,-221.1620,1.7602,48.0153,149.9895,13.7448
7389,-9.9260,0.0058,0.5000,169.7702,-0.0001,-1.8455,-219.2593,1.7543,48.0353,150.2212,13.7302
7391,-9.9177,0.0031,0.5000,169.7789,-0.0001,-1.8378,-217.3290,1.7489,48.0527,150.4405,13.7222
7393,-9.9147,0.0005,0.5000,169.7811,-0.0001,-1.8303,-215.3743,1.7441,48.0675,150.6468,13.7208
7395,-9.9169,-0.0021,0.5000,169.7770,-0.0001,-1.8228,-213.3986,1.7399,48.0797,150.8399,13.7261
7397,-9.9243,-0.0047,0.5000,169.7664,-0.0001,-1.8155,-211.4054,1.7362,48.0893,151.0194,13.7379
7399,-9.9368,-0.0072,0.5000,169.7494,-0.0001,-1.8083,-209.3981,1.7332,48.0962,151.1848,13.7563
7401,-9.9545,-0.0098,0.5000,169.7260,-0.0001,-1.8012,-207.3801,1.7306,48.1005,151.3359,13.7812
7403,-9.9773,-0.0123,0.5000,169.6962,-0.0001,-1.7942,-205.3551,1.7287,48.1022,151.4725,13.8127
7405,-10.0051,-0.0148,0.5000,169.6601,-0.0001,-1.7873,-203.3266,1.7274,48.1013,151.5941,13.8506
7407,-10.0378,-0.0173,0.5000,169.6177,-0.0001,-1.7806,-201.2981,1.7267,48.0977,151.7006,13.8949
7409,-10.0755,-0.0197,0.5000,169.5690,-0.0001,-1.7739,-199.2733,1.7265,48.0916,151.7917,13.9457
7411,-10.1179,-0.0221,0.5000,169.5142,-0.0001,-1.7674,-197.2559,1.7270,48.0828,151.8672,14.0028
7413,-10.1651,-0.0245,0.5000,169.4532,-0.0001,-1.7609,-195.2495,1.7281,48.0714,151.9271,14.0663
7415,-10.2169,-0.0268,0.5000,169.3861,-0.0001,-1.7546,-193.2578,1.7297,48.0575,151.9710,14.1360
7417,-10.2732,-0.0290,0.5000,169.3131,-0.0001,-1.7484,-191.2845,1.7320,48.0410,151.9990,14.2120
7419,-10.3340,-0.0312,0.5000,169.2341,-0.0001,-1.7423,-189.3333,1.7349,48.0221,152.0110,14.2942
7421,-10.3991,-0.0333,0.5000,169.1494,-0.0001,-1.7363,-187.4079,1.7385,48.0006,152.0068,14.3824
7423,-10.4683,-0.0354,0.5000,169.0590,-0.0001,-1.7303,-185.5119,1.7426,47.9768,151.9866,14.4768
7425,-10.5416,-0.0374,0.5000,168.9629,-0.0001,-1.7245,-183.6492,1.7474,47.9505,151.9502,14.5771
7427,-10.6189,-0.0393,0.5000,168.8614,-0.0001,-1.7188,-181.8232,1.7528,47.9219,151.8977,14.6834
7429,-10.6998,-0.0412,0.5000,168.7546,-0.0001,-1.7132,-180.0377,1.7589,47.8910,151.8292,14.7955
7431,-10.7845,-0.0430,0.5000,168.6425,-0.0001,-1.7076,-178.2963,1.7655,47.8578,151.7448,14.9133
7433,-10.8725,-0.0447,0.5000,168.5254,-0.0002,-1.7022,-176.6025,1.7728,47.8225,151.6446,15.0368
7435,-10.9639,-0.0463,0.5000,168.4034,-0.0002,-1.6968,-174.9597,1.7808,47.7850,151.5289,15.1658
7437,-11.0584,-0.0478,0.5000,168.2766,-0.0002,-1.6915,-173.3714,1.7893,47.7455,151.3977,15.3003
7439,-11.1559,-0.0493,0.5000,168.1452,-0.0002,-1.6863,-171.8408,1.7985,47.7040,151.2513,15.4400
7441,-11.2561,-0.0506,0.5000,168.0095,-0.0002,-1.6812,-170.3712,1.8083,47.6606,151.0899,15.5848
7443,-11.3590,-0.0519,0.5000,167.8695,-0.0002,-1.6762,-168.9656,1.8187,47.6153,150.9139,15.7347
7445,-11.4642,-0.0530,0.5000,167.7255,-0.0002,-1.6712,-167.6270,1.8297,47.5683,150.7236,15.8894
7447,-11.5716,-0.0541,0.5000,167.5776,-0.0002,-1.6663,-166.3580,1.8413,47.5196,150.5193,16.0487
7449,-11.6811,-0.0551,0.5000,167.4262,-0.0002,-1.6615,-165.1614,1.8535,47.4693,150.3014,16.2124
7451,-11.7923,-0.0559,0.5000,167.2714,-0.0002,-1.6567,-164.0395,1.8663,47.4175,150.0703,16.3805
7453,-11.9052,-0.0567,0.5000,167.1134,-0.0002,-1.6521,-162.9946,1.8796,47.3643,149.8264,16.5525
7455,-12.0194,-0.0574,0.5000,166.9525,-0.0002,-1.6475,-162.0285,1.8935,47.3099,149.5702,16.7283
7457,-12.1349,-0.0579,0.5000,166.7889,-0.0002,-1.6429,-161.1431,1.9079,47.2542,149.3021,16.9076
7459,-12.2512,-0.0583,0.5000,166.6228,-0.0002,-1.6384,-160.3397,1.9229,47.1974,149.0227,17.0903
7461,-12.3684,-0.0587,0.5000,166.4546,-0.0002,-1.6340,-159.6197,1.9383,47.1397,148.7325,17.2759
7463,-12.4860,-0.0589,0.5000,166.2845,-0.0002,-1.6296,-158.9839,1.9542,47.0810,148.4320,17.4642
7465,-12.6040,-0.0590,0.5000,166.1128,-0.0003,-1.6253,-158.4331,1.9705,47.0216,148.1218,17.6549
7467,-12.7221,-0.0590,0.5000,165.9396,-0.0003,-1.6211,-157.9675,1.9873,46.9616,147.8025,17.8477
7469,-12.8400,-0.0589,0.5000,165.7655,-0.0003,-1.6169,-157.5872,2.0045,46.9010,147.4747,18.0422
7471,-12.9576,-0.0587,0.5000,165.5905,-0.0003,-1.6127,-157.2920,2.0220,46.8400,147.1390,18.2381
7473,-13.0747,-0.0584,0.5000,165.4150,-0.0003,-1.6087,-157.0814,2.0399,46.7786,146.7960,18.4350
7475,-13.1911,-0.0580,0.5000,165.2394,-0.0003,-1.6046,-156.9547,2.0581,46.7171,146.4463,18.6326
7477,-13.3064,-0.0575,0.5000,165.0638,-0.0003,-1.6006,-156.9106,2.0766,46.6555,146.0906,18.8305
7479,-13.4207,-0.0569,0.5000,164.8887,-0.0003,-1.5966,-156.9480,2.0953,46.5940,145.7296,19.0283
7481,-13.5336,-0.0562,0.5000,164.7143,-0.0003,-1.5927,-157.0653,2.1142,46.5326,145.3638,19.2256
7483,-13.6449,-0.0554,0.5000,164.5408,-0.0004,-1.5888,-157.2607,2.1333,46.4715,144.9939,19.4220
7485,-13.7545,-0.0545,0.5000,164.3687,-0.0004,-1.5850,-157.5323,2.1526,46.4108,144.6206,19.6172
7487,-13.8622,-0.0535,0.5000,164.1982,-0.0004,-1.5812,-157.8780,2.1719,46.3505,144.2445,19.8107
7489,-13.9679,-0.0524,0.5000,164.0297,-0.0004,-1.5774,-158.2956,2.1912,46.2909,143.8662,20.0022
7491,-14.0712,-0.0512,0.5000,163.8633,-0.0004,-1.5737,-158.7827,2.2106,46.2321,143.4864,20.1911
7493,-14.1722,-0.0500,0.5000,163.6994,-0.0004,-1.5699,-159.3369,2.2300,46.1740,143.1058,20.3772
7495,-14.2706,-0.0487,0.5000,163.5383,-0.0004,-1.5662,-159.9559,2.2493,46.1169,142.7248,20.5600
7497,-14.3663,-0.0473,0.5000,163.3803,-0.0005,-1.5626,-160.6371,2.2684,46.0608,142.3442,20.7392
7499,-14.4591,-0.0459,0.5000,163.2256,-0.0005,-1.5589,-161.3783,2.2874,46.0058,141.9645,20.9143
7501,-14.5489,-0.0443,0.5000,163.0745,-0.0005,-1.5553,-162.1770,2.3063,45.9521,141.5864,21.0850
7503,-14.6357,-0.0428,0.5000,162.9272,-0.0005,-1.5517,-163.0310,2.3248,45.8996,141.2104,21.2509
7505,-14.7191,-0.0411,0.5000,162.7840,-0.0005,-1.5480,-163.9380,2.3431,45.8486,140.8370,21.4117
7507,-14.7993,-0.0394,0.5000,162.6451,-0.0005,-1.5444,-164.8960,2.3611,45.7990,140.4669,21.5669
7509,-14.8760,-0.0377,0.5000,162.5108,-0.0005,-1.5408,-165.9031,2.3787,45.7510,140.1006,21.7163
7511,-14.9491,-0.0359,0.5000,162.3813,-0.0006,-1.5373,-166.9573,2.3959,45.7046,139.7385,21.8595
7513,-15.0186,-0.0340,0.5000,162.2566,-0.0006,-1.5337,-168.0570,2.4127,45.6600,139.3814,21.9962
7515,-15.0843,-0.0321,0.5000,162.1372,-0.0006,-1.5301,-169.2005,2.4290,45.6171,139.0295,22.1260
7517,-15.1462,-0.0302,0.5000,162.0230,-0.0006,-1.5265,-170.3865,2.4448,45.5760,138.6836,22.2488
7519,-15.2041,-0.0282,0.5000,161.9143,-0.0006,-1.5228,-171.6134,2.4600,45.5369,138.3439,22.3641
7521,-15.2581,-0.0262,0.5000,161.8112,-0.0006,-1.5192,-172.8801,2.4747,45.4997,138.0111,22.4718
7523,-15.3081,-0.0242,0.5000,161.7139,-0.0006,-1.5156,-174.1852,2.4887,45.4645,137.6856,22.5716
7525,-15.3539,-0.0221,0.5000,161.6224,-0.0006,-1.5119,-175.5277,2.5021,45.4314,137.3678,22.6631
7527,-15.3955,-0.0200,0.5000,161.5369,-0.0006,-1.5083,-176.9064,2.5148,45.4003,137.0582,22.7463
7529,-15.4329,-0.0179,0.5000,161.4575,-0.0007,-1.5046,-178.3202,2.5267,45.3715,136.7572,22.8209
7531,-15.4660,-0.0157,0.5000,161.3843,-0.0007,-1.5008,-179.7681,2.5380,45.3448,136.4653,22.8867
7533,-15.4947,-0.0135,0.5000,161.3173,-0.0007,-1.4971,-181.2490,2.5484,45.3204,136.1828,22.9435
7535,-15.5190,-0.0113,0.5000,161.2567,-0.0007,-1.4933,-182.7616,2.5581,45.2982,135.9102,22.9912
7537,-15.5390,-0.0091,0.5000,161.2023,-0.0007,-1.4895,-184.3049,2.5670,45.2783,135.6479,23.0296
7539,-15.5544,-0.0069,0.5000,161.1544,-0.0007,-1.4857,-185.8774,2.5750,45.2608,135.3961,23.0586
7541,-15.5654,-0.0046,0.5000,161.1128,-0.0007,-1.4818,-187.4779,2.5821,45.2456,135.1554,23.0781
7543,-15.5718,-0.0024,0.5000,161.0777,-0.0007,-1.4779,-189.1049,2.5884,45.2328,134.9261,23.0881
7545,-15.5737,-0.0001,0.5000,161.0491,-0.0007,-1.4739,-190.7568,2.5938,45.2224,134.7084,23.0885
7547,-15.5710,0.0022,0.5000,161.0268,-0.0007,-1.4699,-192.4319,2.5983,45.2145,134.5027,23.0793
7549,-15.5637,0.0045,0.5000,161.0110,-0.0007,-1.4659,-194.1283,2.6018,45.2089,134.3094,23.0603
7551,-15.5519,0.0068,0.5000,161.0016,-0.0007,-1.4618,-195.8440,2.6045,45.2058,134.1287,23.0318
7553,-15.5355,0.0091,0.5000,160.9985,-0.0007,-1.4577,-197.5769,2.6062,45.2052,133.9609,22.9937
7555,-15.5145,0.0113,0.5000,161.0018,-0.0007,-1.4536,-199.3246,2.6070,45.2070,133.8062,22.9461
7557,-15.4890,0.0136,0.5000,161.0113,-0.0007,-1.4493,-201.0846,2.6068,45.2113,133.6650,22.8890
7559,-15.4589,0.0159,0.5000,161.0270,-0.0007,-1.4451,-202.8542,2.6057,45.2180,133.5374,22.8227
7561,-15.4244,0.0181,0.5000,161.0488,-0.0007,-1.4408,-204.6306,2.6036,45.2272,133.4236,22.7472
7563,-15.3854,0.0203,0.5000,161.0766,-0.0007,-1.4364,-206.4109,2.6007,45.2388,133.3238,22.6627
7565,-15.3420,0.0225,0.5000,161.1104,-0.0007,-1.4320,-208.1917,2.5968,45.2528,133.2383,22.5695
7567,-15.2942,0.0247,0.5000,161.1501,-0.0007,-1.4275,-209.9698,2.5920,45.2693,133.1670,22.4677
7569,-15.2421,0.0268,0.5000,161.1955,-0.0006,-1.4230,-211.7417,2.5863,45.2882,133.1101,22.3577
7571,-15.1858,0.0289,0.5000,161.2465,-0.0006,-1.4184,-213.5037,2.5797,45.3094,133.0677,22.2396
7573,-15.1253,0.0310,0.5000,161.3029,-0.0006,-1.4138,-215.2521,2.5722,45.3329,133.0400,22.1138
7575,-15.0609,0.0330,0.5000,161.3647,-0.0006,-1.4091,-216.9829,2.5639,45.3587,133.0268,21.9806
7577,-14.9924,0.0350,0.5000,161.4317,-0.0006,-1.4044,-218.6923,2.5548,45.3868,133.0282,21.8404
7579,-14.9201,0.0368,0.5000,161.5038,-0.0006,-1.3996,-220.3761,2.5449,45.4171,133.0442,21.6935
7581,-14.8441,0.0387,0.5000,161.5807,-0.0006,-1.3948,-222.0303,2.5343,45.4495,133.0748,21.5404
7583,-14.7645,0.0405,0.5000,161.6623,-0.0006,-1.3899,-223.6507,2.5229,45.4841,133.1198,21.3813
7585,-14.6815,0.0421,0.5000,161.7484,-0.0005,-1.3850,-225.2331,2.5108,45.5207,133.1792,21.2169
7587,-14.5952,0.0438,0.5000,161.8388,-0.0005,-1.3800,-226.7735,2.4980,45.5592,133.2528,21.0474
7589,-14.5057,0.0453,0.5000,161.9333,-0.0005,-1.3750,-228.2677,2.4846,45.5997,133.3404,20.8734
7591,-14.4133,0.0468,0.5000,162.0317,-0.0005,-1.3699,-229.7118,2.4707,45.6420,133.4419,20.6952
7593,-14.3180,0.0481,0.5000,162.1337,-0.0005,-1.3648,-231.1019,2.4562,45.6861,133.5570,20.5134
7595,-14.2202,0.0494,0.5000,162.2392,-0.0005,-1.3596,-232.4342,2.4412,45.7318,133.6854,20.3285
7597,-14.1200,0.0506,0.5000,162.3478,-0.0005,-1.3544,-233.7052,2.4257,45.7791,133.8269,20.1409
7599,-14.0175,0.0516,0.5000,162.4595,-0.0004,-1.3491,-234.9115,2.4098,45.8279,133.9812,19.9510
7601,-13.9130,0.0526,0.5000,162.5738,-0.0004,-1.3438,-236.0498,2.3935,45.8781,134.1479,19.7594
7603,-13.8068,0.0534,0.5000,162.6905,-0.0004,-1.3385,-237.1173,2.3770,45.9296,134.3265,19.5666
7605,-13.6990,0.0542,0.5000,162.8095,-0.0004,-1.3332,-238.1112,2.3601,45.9823,134.5169,19.3729
7607,-13.5898,0.0548,0.5000,162.9303,-0.0004,-1.3278,-239.0291,2.3430,46.0361,134.7184,19.1789
7609,-13.4795,0.0553,0.5000,163.0528,-0.0004,-1.3223,-239.8688,2.3257,46.0909,134.9307,18.9850
7611,-13.3684,0.0557,0.5000,163.1766,-0.0004,-1.3169,-240.6285,2.3082,46.1466,135.1532,18.7916
7613,-13.2565,0.0560,0.5000,163.3015,-0.0004,-1.3114,-241.3066,2.2906,46.2030,135.3856,18.5992
7615,-13.1443,0.0562,0.5000,163.4272,-0.0003,-1.3059,-241.9018,2.2730,46.2601,135.6273,18.4081
7617,-13.0318,0.0562,0.5000,163.5534,-0.0003,-1.3004,-242.4131,2.2553,46.3177,135.8777,18.2188
7619,-12.9194,0.0562,0.5000,163.6799,-0.0003,-1.2949,-242.8398,2.2377,46.3757,136.1364,18.0316
7621,-12.8073,0.0560,0.5000,163.8063,-0.0003,-1.2894,-243.1815,2.2201,46.4340,136.4027,17.8469
7623,-12.6957,0.0557,0.5000,163.9323,-0.0003,-1.2839,-243.4379,2.2025,46.4926,136.6761,17.6650
7625,-12.5848,0.0553,0.5000,164.0578,-0.0003,-1.2783,-243.6092,2.1852,46.5512,136.9561,17.4863
7627,-12.4749,0.0548,0.5000,164.1824,-0.0003,-1.2728,-243.6957,2.1679,46.6097,137.2419,17.3110
7629,-12.3662,0.0541,0.5000,164.3058,-0.0003,-1.2672,-243.6979,2.1509,46.6681,137.5331,17.1394
7631,-12.2589,0.0534,0.5000,164.4277,-0.0003,-1.2617,-243.6165,2.1340,46.7262,137.8290,16.9717
7633,-12.1531,0.0525,0.5000,164.5480,-0.0002,-1.2562,-243.4525,2.1174,46.7840,138.1290,16.8083
7635,-12.0492,0.0516,0.5000,164.6663,-0.0002,-1.2507,-243.2069,2.1011,46.8412,138.4325,16.6494
7637,-11.9474,0.0505,0.5000,164.7825,-0.0002,-1.2452,-242.8811,2.0851,46.8979,138.7389,16.4951
7639,-11.8477,0.0494,0.5000,164.8962,-0.0002,-1.2397,-242.4765,2.0694,46.9538,139.0475,16.3456
7641,-11.7504,0.0482,0.5000,165.0072,-0.0002,-1.2343,-241.9944,2.0540,47.0089,139.3577,16.2011
7643,-11.6557,0.0468,0.5000,165.1153,-0.0002,-1.2289,-241.4366,2.0390,47.0632,139.6690,16.0618
7645,-11.5638,0.0454,0.5000,165.2204,-0.0002,-1.2235,-240.8049,2.0243,47.1164,139.9806,15.9278
7647,-11.4748,0.0439,0.5000,165.3220,-0.0002,-1.2181,-240.1009,2.0100,47.1685,140.2920,15.7993
7649,-11.3888,0.0424,0.5000,165.4202,-0.0002,-1.2128,-239.3267,1.9961,47.2194,140.6026,15.6763
7651,-11.3061,0.0407,0.5000,165.5146,-0.0002,-1.2075,-238.4842,1.9827,47.2691,140.9118,15.5589
7653,-11.2268,0.0390,0.5000,165.6051,-0.0002,-1.2023,-237.5754,1.9696,47.3173,141.2189,15.4473
7655,-11.1509,0.0373,0.5000,165.6916,-0.0002,-1.1970,-236.6025,1.9570,47.3642,141.5234,15.3414
7657,-11.0787,0.0354,0.5000,165.7738,-0.0002,-1.1919,-235.5677,1.9448,47.4095,141.8246,15.2415
7659,-11.0102,0.0335,0.5000,165.8516,-0.0002,-1.1868,-234.4730,1.9331,47.4532,142.1221,15.1474
7661,-10.9456,0.0316,0.5000,165.9249,-0.0002,-1.1817,-233.3210,1.9219,47.4952,142.4153,15.0594
7663,-10.8849,0.0296,0.5000,165.9935,-0.0002,-1.1767,-232.1137,1.9111,47.5356,142.7035,14.9774
7665,-10.8283,0.0275,0.5000,166.0573,-0.0002,-1.1717,-230.8537,1.9007,47.5741,142.9863,14.9014
7667,-10.7758,0.0255,0.5000,166.1162,-0.0002,-1.1668,-229.5434,1.8909,47.6107,143.2631,14.8315
7669,-10.7275,0.0233,0.5000,166.1701,-0.0002,-1.1619,-228.1853,1.8815,47.6455,143.5333,14.7677
7671,-10.6835,0.0212,0.5000,166.2189,-0.0002,-1.1571,-226.7819,1.8726,47.6783,143.7966,14.7100
7673,-10.6439,0.0190,0.5000,166.2625,-0.0001,-1.1523,-225.3357,1.8642,47.7091,144.0523,14.6584
7675,-10.6086,0.0168,0.5000,166.3008,-0.0001,-1.1476,-223.8495,1.8563,47.7378,144.3001,14.6130
7677,-10.5778,0.0146,0.5000,166.3337,-0.0001,-1.1430,-222.3258,1.8489,47.7644,144.5394,14.5737
7679,-10.5515,0.0123,0.5000,166.3613,-0.0001,-1.1384,-220.7676,1.8419,47.7889,144.7698,14.5406
7681,-10.5296,0.0101,0.5000,166.3834,-0.0001,-1.1339,-219.1774,1.8355,47.8113,144.9908,14.5135
7683,-10.5123,0.0078,0.5000,166.4000,-0.0001,-1.1294,-217.5581,1.8296,47.8314,145.2021,14.4926
7685,-10.4995,0.0055,0.5000,166.4111,-0.0001,-1.1250,-215.9127,1.8242,47.8493,145.4032,14.4778
7687,-10.4913,0.0033,0.5000,166.4166,-0.0001,-1.1207,-214.2440,1.8194,47.8650,145.5938,14.4691
7689,-10.4876,0.0010,0.5000,166.4165,-0.0001,-1.1164,-212.5549,1.8150,47.8784,145.7735,14.4664
7691,-10.4885,-0.0013,0.5000,166.4109,-0.0001,-1.1122,-210.8484,1.8112,47.8895,145.9420,14.4698
7693,-10.4938,-0.0035,0.5000,166.3997,-0.0001,-1.1080,-209.1277,1.8078,47.8983,146.0989,14.4792
7695,-10.5037,-0.0058,0.5000,166.3829,-0.0001,-1.1039,-207.3956,1.8051,47.9049,146.2440,14.4946
7697,-10.5180,-0.0080,0.5000,166.3605,-0.0001,-1.0999,-205.6554,1.8028,47.9091,146.3769,14.5160
7699,-10.5367,-0.0102,0.5000,166.3326,-0.0001,-1.0959,-203.9101,1.8011,47.9110,146.4975,14.5433
7701,-10.5598,-0.0124,0.5000,166.2991,-0.0001,-1.0920,-202.1628,1.7999,47.9106,146.6054,14.5765
7703,-10.5872,-0.0145,0.5000,166.2602,-0.0001,-1.0881,-200.4167,1.7993,47.9080,146.7004,14.6156
7705,-10.6189,-0.0166,0.5000,166.2158,-0.0001,-1.0843,-198.6750,1.7992,47.9030,146.7825,14.6605
7707,-10.6547,-0.0187,0.5000,166.1661,-0.0001,-1.0805,-196.9409,1.7996,47.8957,146.8513,14.7112
7709,-10.6947,-0.0207,0.5000,166.1110,-0.0001,-1.0769,-195.2176,1.8007,47.8862,146.9069,14.7677
7711,-10.7386,-0.0227,0.5000,166.0507,-0.0001,-1.0732,-193.5082,1.8022,47.8745,146.9489,14.8298
7713,-10.7865,-0.0247,0.5000,165.9852,-0.0001,-1.0696,-191.8159,1.8043,47.8605,146.9774,14.8975
7715,-10.8383,-0.0266,0.5000,165.9146,-0.0002,-1.0661,-190.1440,1.8070,47.8444,146.9924,14.9708
7717,-10.8938,-0.0284,0.5000,165.8390,-0.0002,-1.0626,-188.4956,1.8102,47.8261,146.9936,15.0496
7719,-10.9529,-0.0302,0.5000,165.7584,-0.0002,-1.0592,-186.8739,1.8140,47.8057,146.9812,15.1338
7721,-11.0155,-0.0320,0.5000,165.6730,-0.0002,-1.0559,-185.2820,1.8183,47.7831,146.9551,15.2233
7723,-11.0816,-0.0336,0.5000,165.5830,-0.0002,-1.0525,-183.7230,1.8232,47.7586,146.9154,15.3181
7725,-11.1509,-0.0353,0.5000,165.4883,-0.0002,-1.0493,-182.1999,1.8287,47.7320,146.8622,15.4180
7727,-11.2233,-0.0368,0.5000,165.3892,-0.0002,-1.0461,-180.7157,1.8347,47.7035,146.7955,15.5231
7729,-11.2988,-0.0383,0.5000,165.2857,-0.0002,-1.0429,-179.2734,1.8413,47.6732,146.7154,15.6330
7731,-11.3771,-0.0397,0.5000,165.1780,-0.0002,-1.0398,-177.8759,1.8484,47.6409,146.6221,15.7478
7733,-11.4581,-0.0410,0.5000,165.0663,-0.0002,-1.0367,-176.5258,1.8560,47.6069,146.5157,15.8673
7735,-11.5416,-0.0422,0.5000,164.9507,-0.0002,-1.0337,-175.2259,1.8642,47.5712,146.3965,15.9914
7737,-11.6276,-0.0434,0.5000,164.8314,-0.0002,-1.0307,-173.9787,1.8730,47.5338,146.2646,16.1199
7739,-11.7158,-0.0445,0.5000,164.7085,-0.0002,-1.0277,-172.7868,1.8822,47.4948,146.1203,16.2526
7741,-11.8061,-0.0455,0.5000,164.5822,-0.0002,-1.0248,-171.6524,1.8920,47.4543,145.9640,16.3895
7743,-11.8983,-0.0464,0.5000,164.4527,-0.0002,-1.0220,-170.5777,1.9023,47.4124,145.7957,16.5303
7745,-11.9922,-0.0473,0.5000,164.3202,-0.0002,-1.0192,-169.5649,1.9131,47.3691,145.6160,16.6749
7747,-12.0877,-0.0480,0.5000,164.1848,-0.0002,-1.0164,-168.6156,1.9244,47.3245,145.4250,16.8230
7749,-12.1845,-0.0487,0.5000,164.0469,-0.0002,-1.0136,-167.7317,1.9361,47.2787,145.2232,16.9744
7751,-12.2826,-0.0492,0.5000,163.9065,-0.0002,-1.0109,-166.9147,1.9484,47.2318,145.0110,17.1290
7753,-12.3816,-0.0497,0.5000,163.7639,-0.0002,-1.0083,-166.1658,1.9610,47.1839,144.7887,17.2864
7755,-12.4816,-0.0501,0.5000,163.6193,-0.0002,-1.0056,-165.4863,1.9741,47.1351,144.5568,17.4465
7757,-12.5821,-0.0504,0.5000,163.4730,-0.0003,-1.0030,-164.8770,1.9876,47.0854,144.3157,17.6091
7759,-12.6832,-0.0506,0.5000,163.3252,-0.0003,-1.0004,-164.3387,2.0015,47.0350,144.0659,17.7737
7761,-12.7845,-0.0507,0.5000,163.1760,-0.0003,-0.9979,-163.8718,2.0158,46.9839,143.8077,17.9402
7763,-12.8859,-0.0507,0.5000,163.0258,-0.0003,-0.9954,-163.4766,2.0304,46.9323,143.5418,18.1083
7765,-12.9872,-0.0506,0.5000,162.8748,-0.0003,-0.9929,-163.1532,2.0453,46.8802,143.2687,18.2776
7767,-13.0883,-0.0505,0.5000,162.7233,-0.0003,-0.9905,-162.9014,2.0605,46.8277,142.9887,18.4480
7769,-13.1889,-0.0502,0.5000,162.5714,-0.0003,-0.9880,-162.7209,2.0760,46.7750,142.7024,18.6190
7771,-13.2889,-0.0499,0.5000,162.4195,-0.0003,-0.9856,-162.6112,2.0918,46.7221,142.4104,18.7904
7773,-13.3881,-0.0494,0.5000,162.2677,-0.0003,-0.9832,-162.5714,2.1077,46.6692,142.1132,18.9618
7775,-13.4863,-0.0489,0.5000,162.1164,-0.0003,-0.9809,-162.6006,2.1239,46.6163,141.8113,19.1330
7777,-13.5834,-0.0483,0.5000,161.9658,-0.0004,-0.9785,-162.6979,2.1402,46.5635,141.5052,19.3035
7779,-13.6792,-0.0476,0.5000,161.8162,-0.0004,-0.9762,-162.8619,2.1566,46.5110,141.1955,19.4731
7781,-13.7736,-0.0469,0.5000,161.6677,-0.0004,-0.9739,-163.0912,2.1731,46.4588,140.8828,19.6414
7783,-13.8663,-0.0460,0.5000,161.5208,-0.0004,-0.9716,-163.3844,2.1897,46.4071,140.5675,19.8080
7785,-13.9572,-0.0451,0.5000,161.3755,-0.0004,-0.9694,-163.7400,2.2063,46.3558,140.2502,19.9728
7787,-14.0462,-0.0441,0.5000,161.2321,-0.0004,-0.9671,-164.1562,2.2229,46.3052,139.9315,20.1352
7789,-14.1332,-0.0431,0.5000,161.0910,-0.0004,-0.9649,-164.6313,2.2395,46.2553,139.6118,20.2950
7791,-14.2180,-0.0420,0.5000,160.9522,-0.0004,-0.9627,-165.1636,2.2560,46.2062,139.2918,20.4518
7793,-14.3004,-0.0408,0.5000,160.8161,-0.0004,-0.9605,-165.7513,2.2723,46.1580,138.9719,20.6053
7795,-14.3804,-0.0395,0.5000,160.6829,-0.0005,-0.9583,-166.3927,2.2886,46.1107,138.6526,20.7552
7797,-14.4579,-0.0382,0.5000,160.5528,-0.0005,-0.9561,-167.0860,2.3046,46.0645,138.3345,20.9011
7799,-14.5326,-0.0369,0.5000,160.4260,-0.0005,-0.9539,-167.8294,2.3204,46.0194,138.0180,21.0428
7801,-14.6046,-0.0354,0.5000,160.3027,-0.0005,-0.9517,-168.6212,2.3360,45.9755,137.7037,21.1800
7803,-14.6736,-0.0340,0.5000,160.1831,-0.0005,-0.9495,-169.4598,2.3513,45.9328,137.3920,21.3123
7805,-14.7397,-0.0325,0.5000,160.0673,-0.0005,-0.9473,-170.3436,2.3662,45.8916,137.0834,21.4394
7807,-14.8027,-0.0309,0.5000,159.9557,-0.0005,-0.9452,-171.2710,2.3809,45.8517,136.7784,21.5611
7809,-14.8625,-0.0293,0.5000,159.8482,-0.0005,-0.9430,-172.2406,2.3951,45.8133,136.4775,21.6771
7811,-14.9190,-0.0276,0.5000,159.7452,-0.0005,-0.9408,-173.2508,2.4089,45.7764,136.1810,21.7871
7813,-14.9722,-0.0260,0.5000,159.6467,-0.0006,-0.9386,-174.3003,2.4222,45.7411,135.8895,21.8910
7815,-15.0219,-0.0242,0.5000,159.5528,-0.0006,-0.9364,-175.3878,2.4351,45.7075,135.6033,21.9883
7817,-15.0682,-0.0225,0.5000,159.4638,-0.0006,-0.9342,-176.5118,2.4475,45.6756,135.3230,22.0790
7819,-15.1109,-0.0207,0.5000,159.3796,-0.0006,-0.9320,-177.6713,2.4593,45.6454,135.0488,22.1628
7821,-15.1500,-0.0189,0.5000,159.3005,-0.0006,-0.9298,-178.8648,2.4706,45.6171,134.7813,22.2395
7823,-15.1855,-0.0170,0.5000,159.2265,-0.0006,-0.9276,-180.0912,2.4813,45.5905,134.5207,22.3089
7825,-15.2172,-0.0151,0.5000,159.1576,-0.0006,-0.9254,-181.3491,2.4913,45.5659,134.2676,22.3708
7827,-15.2451,-0.0133,0.5000,159.0941,-0.0006,-0.9231,-182.6374,2.5008,45.5431,134.0222,22.4252
7829,-15.2692,-0.0113,0.5000,159.0359,-0.0006,-0.9208,-183.9547,2.5095,45.5223,133.7849,22.4718
7831,-15.2895,-0.0094,0.5000,158.9831,-0.0006,-0.9185,-185.2997,2.5176,45.5035,133.5562,22.5105
7833,-15.3058,-0.0074,0.5000,158.9357,-0.0006,-0.9162,-186.6711,2.5250,45.4867,133.3362,22.5412
7835,-15.3183,-0.0055,0.5000,158.8938,-0.0006,-0.9139,-188.0673,2.5317,45.4720,133.1254,22.5638
7837,-15.3268,-0.0035,0.5000,158.8574,-0.0006,-0.9116,-189.4869,2.5376,45.4593,132.9240,22.5783
7839,-15.3313,-0.0015,0.5000,158.8265,-0.0006,-0.9092,-190.9282,2.5428,45.4487,132.7325,22.5846
7841,-15.3318,0.0005,0.5000,158.8012,-0.0006,-0.9068,-192.3896,2.5472,45.4402,132.5510,22.5826
7843,-15.3284,0.0025,0.5000,158.7814,-0.0006,-0.9044,-193.8694,2.5508,45.4338,132.3798,22.5724
7845,-15.3209,0.0045,0.5000,158.7670,-0.0006,-0.9020,-195.3655,2.5537,45.4296,132.2193,22.5539
7847,-15.3095,0.0065,0.5000,158.7582,-0.0006,-0.8996,-196.8761,2.5558,45.4275,132.0696,22.5273
7849,-15.2940,0.0085,0.5000,158.7549,-0.0006,-0.8971,-198.3989,2.5571,45.4275,131.9310,22.4924
7851,-15.2746,0.0105,0.5000,158.7569,-0.0006,-0.8946,-199.9318,2.5576,45.4297,131.8037,22.4494
7853,-15.2512,0.0124,0.5000,158.7643,-0.0006,-0.8921,-201.4724,2.5573,45.4340,131.6879,22.3985
7855,-15.2239,0.0144,0.5000,158.7771,-0.0006,-0.8895,-203.0183,2.5562,45.4405,131.5838,22.3396
7857,-15.1927,0.0163,0.5000,158.7951,-0.0006,-0.8869,-204.5667,2.5543,45.4491,131.4916,22.2730
7859,-15.1577,0.0182,0.5000,158.8183,-0.0006,-0.8843,-206.1151,2.5516,45.4599,131.4114,22.1987
7861,-15.1188,0.0201,0.5000,158.8466,-0.0006,-0.8817,-207.6606,2.5481,45.4727,131.3433,22.1170
7863,-15.0762,0.0220,0.5000,158.8799,-0.0006,-0.8790,-209.2002,2.5439,45.4877,131.2874,22.0281
7865,-15.0299,0.0238,0.5000,158.9181,-0.0006,-0.8764,-210.7309,2.5389,45.5047,131.2439,21.9322
7867,-14.9800,0.0256,0.5000,158.9612,-0.0006,-0.8736,-212.2496,2.5332,45.5237,131.2127,21.8295
7869,-14.9265,0.0274,0.5000,159.0089,-0.0006,-0.8709,-213.7530,2.5267,45.5448,131.1940,21.7202
7871,-14.8695,0.0291,0.5000,159.0612,-0.0006,-0.8681,-215.2379,2.5195,45.5678,131.1876,21.6048
7873,-14.8092,0.0308,0.5000,159.1179,-0.0006,-0.8653,-216.7010,2.5117,45.5928,131.1938,21.4834
7875,-14.7457,0.0324,0.5000,159.1789,-0.0006,-0.8625,-218.1388,2.5032,45.6197,131.2123,21.3563
7877,-14.6790,0.0339,0.5000,159.2440,-0.0005,-0.8596,-219.5480,2.4940,45.6484,131.2431,21.2239
7879,-14.6092,0.0354,0.5000,159.3132,-0.0005,-0.8567,-220.9252,2.4842,45.6789,131.2862,21.0866
7881,-14.5366,0.0369,0.5000,159.3861,-0.0005,-0.8538,-222.2670,2.4738,45.7112,131.3415,20.9447
7883,-14.4612,0.0382,0.5000,159.4627,-0.0005,-0.8509,-223.5700,2.4629,45.7452,131.4088,20.7985
7885,-14.3831,0.0395,0.5000,159.5428,-0.0005,-0.8479,-224.8310,2.4515,45.7808,131.4880,20.6484
7887,-14.3026,0.0407,0.5000,159.6262,-0.0005,-0.8449,-226.0466,2.4395,45.8179,131.5788,20.4948
7889,-14.2197,0.0418,0.5000,159.7126,-0.0005,-0.8419,-227.2139,2.4271,45.8566,131.6811,20.3381
7891,-14.1347,0.0429,0.5000,159.8020,-0.0005,-0.8389,-228.3298,2.4142,45.8967,131.7947,20.1787
7893,-14.0477,0.0439,0.5000,159.8940,-0.0004,-0.8358,-229.3914,2.4010,45.9381,131.9193,20.0170
7895,-13.9589,0.0447,0.5000,159.9885,-0.0004,-0.8328,-230.3960,2.3874,45.9807,132.0545,19.8534
7897,-13.8684,0.0455,0.5000,160.0853,-0.0004,-0.8297,-231.3411,2.3735,46.0246,132.2002,19.6882
7899,-13.7765,0.0462,0.5000,160.1840,-0.0004,-0.8265,-232.2243,2.3593,46.0695,132.3560,19.5219
7901,-13.6833,0.0468,0.5000,160.2846,-0.0004,-0.8234,-233.0434,2.3448,46.1154,132.5215,19.3548
7903,-13.5890,0.0473,0.5000,160.3868,-0.0004,-0.8202,-233.7965,2.3301,46.1623,132.6965,19.1873
7905,-13.4938,0.0477,0.5000,160.4903,-0.0004,-0.8171,-234.4818,2.3153,46.2100,132.8804,19.0199
7907,-13.3980,0.0480,0.5000,160.5949,-0.0004,-0.8139,-235.0979,2.3003,46.2583,133.0729,18.8528
7909,-13.3017,0.0482,0.5000,160.7003,-0.0004,-0.8107,-235.6433,2.2852,46.3074,133.2735,18.6865
7911,-13.2050,0.0483,0.5000,160.8064,-0.0003,-0.8075,-236.1172,2.2700,46.3569,133.4820,18.5212
7913,-13.1084,0.0483,0.5000,160.9128,-0.0003,-0.8043,-236.5186,2.2548,46.4069,133.6977,18.3574
7915,-13.0118,0.0482,0.5000,161.0194,-0.0003,-0.8011,-236.8469,2.2396,46.4572,133.9202,18.1953
7917,-12.9155,0.0481,0.5000,161.1259,-0.0003,-0.7979,-237.1018,2.2244,46.5078,134.1490,18.0352
7919,-12.8197,0.0478,0.5000,161.2320,-0.0003,-0.7946,-237.2830,2.2093,46.5584,134.3837,17.8775
7921,-12.7247,0.0474,0.5000,161.3376,-0.0003,-0.7914,-237.3907,2.1943,46.6091,134.6238,17.7223
7923,-12.6305,0.0469,0.5000,161.4423,-0.0003,-0.7882,-237.4251,2.1794,46.6598,134.8687,17.5701
7925,-12.5375,0.0463,0.5000,161.5460,-0.0003,-0.7850,-237.3866,2.1646,46.7102,135.1179,17.4210
7927,-12.4457,0.0456,0.5000,161.6484,-0.0003,-0.7818,-237.2757,2.1500,46.7604,135.3710,17.2753
7929,-12.3553,0.0449,0.5000,161.7493,-0.0003,-0.7785,-237.0934,2.1356,46.8103,135.6273,17.1331
7931,-12.2666,0.0440,0.5000,161.8485,-0.0003,-0.7753,-236.8404,2.1215,46.8597,135.8864,16.9948
7933,-12.1797,0.0431,0.5000,161.9458,-0.0002,-0.7721,-236.5180,2.1075,46.9085,136.1478,16.8605
7935,-12.0948,0.0421,0.5000,162.0409,-0.0002,-0.7690,-236.1272,2.0939,46.9567,136.4108,16.7303
7937,-12.0120,0.0410,0.5000,162.1336,-0.0002,-0.7658,-235.6694,2.0805,47.0042,136.6750,16.6044
7939,-11.9314,0.0398,0.5000,162.2238,-0.0002,-0.7626,-235.1460,2.0674,47.0508,136.9398,16.4831
7941,-11.8534,0.0386,0.5000,162.3113,-0.0002,-0.7595,-234.5585,2.0546,47.0965,137.2047,16.3663
7943,-11.7778,0.0373,0.5000,162.3958,-0.0002,-0.7563,-233.9087,2.0421,47.1413,137.4692,16.2543
7945,-11.7050,0.0359,0.5000,162.4773,-0.0002,-0.7532,-233.1982,2.0300,47.1850,137.7328,16.1472
7947,-11.6351,0.0344,0.5000,162.5555,-0.0002,-0.7501,-232.4287,2.0182,47.2275,137.9948,16.0450
7949,-11.5681,0.0329,0.5000,162.6303,-0.0002,-0.7471,-231.6022,2.0068,47.2689,138.2549,15.9479
7951,-11.5042,0.0314,0.5000,162.7015,-0.0002,-0.7440,-230.7206,1.9958,47.3089,138.5126,15.8559
7953,-11.4434,0.0298,0.5000,162.7691,-0.0002,-0.7410,-229.7858,1.9852,47.3476,138.7672,15.7691
7955,-11.3860,0.0281,0.5000,162.8327,-0.0002,-0.7380,-228.8000,1.9749,47.3849,139.0183,15.6876
7957,-11.3319,0.0264,0.5000,162.8924,-0.0002,-0.7350,-227.7651,1.9651,47.4207,139.2655,15.6114
7959,-11.2813,0.0246,0.5000,162.9481,-0.0002,-0.7321,-226.6835,1.9557,47.4550,139.5082,15.5406
7961,-11.2343,0.0228,0.5000,162.9995,-0.0002,-0.7292,-225.5571,1.9467,47.4876,139.7461,15.4753
7963,-11.1909,0.0210,0.5000,163.0467,-0.0002,-0.7263,-224.3884,1.9381,47.5187,139.9785,15.4153
7965,-11.1511,0.0192,0.5000,163.0894,-0.0002,-0.7234,-223.1796,1.9300,47.5480,140.2052,15.3609
7967,-11.1151,0.0173,0.5000,163.1277,-0.0002,-0.7206,-221.9330,1.9222,47.5756,140.4256,15.3119
7969,-11.0829,0.0154,0.5000,163.1615,-0.0002,-0.7178,-220.6510,1.9150,47.6014,140.6394,15.2685
7971,-11.0546,0.0135,0.5000,163.1906,-0.0002,-0.7150,-219.3360,1.9082,47.6254,140.8461,15.2306
7973,-11.0301,0.0115,0.5000,163.2151,-0.0002,-0.7123,-217.9905,1.9018,47.6476,141.0454,15.1983
7975,-11.0095,0.0096,0.5000,163.2349,-0.0002,-0.7096,-216.6170,1.8959,47.6679,141.2368,15.1715
7977,-10.9928,0.0076,0.5000,163.2499,-0.0002,-0.7069,-215.2179,1.8904,47.6862,141.4200,15.1502
7979,-10.9801,0.0056,0.5000,163.2601,-0.0002,-0.7043,-213.7958,1.8854,47.7027,141.5947,15.1344
7981,-10.9713,0.0037,0.5000,163.2655,-0.0002,-0.7016,-212.3534,1.8809,47.7171,141.7606,15.1242
7983,-10.9665,0.0017,0.5000,163.2660,-0.0002,-0.6991,-210.8933,1.8769,47.7296,141.9172,15.1195
7985,-10.9656,-0.0003,0.5000,163.2617,-0.0002,-0.6965,-209.4181,1.8733,47.7401,142.0644,15.1203
7987,-10.9686,-0.0022,0.5000,163.2525,-0.0002,-0.6940,-207.9304,1.8702,47.7486,142.2018,15.1266
7989,-10.9755,-0.0042,0.5000,163.2385,-0.0002,-0.6915,-206.4330,1.8676,47.7551,142.3291,15.1383
7991,-10.9863,-0.0061,0.5000,163.2196,-0.0002,-0.6891,-204.9287,1.8655,47.7596,142.4462,15.1554
7993,-11.0010,-0.0081,0.5000,163.1959,-0.0002,-0.6867,-203.4201,1.8638,47.7620,142.5528,15.1780
7995,-11.0195,-0.0099,0.5000,163.1674,-0.0002,-0.6843,-201.9099,1.8627,47.7625,142.6487,15.2058
7997,-11.0417,-0.0118,0.5000,163.1341,-0.0002,-0.6819,-200.4011,1.8620,47.7609,142.7337,15.2390
7999,-11.0677,-0.0137,0.5000,163.0961,-0.0002,-0.6796,-198.8962,1.8618,47.7573,142.8077,15.2775
8001,-11.0973,-0.0155,0.5000,163.0533,-0.0002,-0.6773,-197.3982,1.8621,47.7518,142.8705,15.3212
8003,-11.1305,-0.0173,0.5000,163.0060,-0.0002,-0.6751,-195.9098,1.8629,47.7442,142.9219,15.3700
8005,-11.1672,-0.0190,0.5000,162.9540,-0.0002,-0.6734,-194.8014,1.8639,47.7373,142.9530,15.4100
8007,-11.2073,-0.0207,0.5000,162.8976,-0.0002,-0.6712,-193.3364,1.8656,47.7263,142.9844,15.4678
8009,-11.2508,-0.0224,0.5000,162.8367,-0.0002,-0.6691,-191.8886,1.8678,47.7134,143.0042,15.5306
8011,28.5803,79.7318,0.5000,162.7848,-0.0000,-0.3679,-134.8672,3.7541,64.2853,229.6700,0.3555
8013,27.6113,-0.4450,0.5000,162.8511,-0.0000,-0.3742,-258.2808,7.4788,44.5206,230.3069,0.3911
8015,26.7452,-0.4292,0.5000,162.9176,-0.0000,-0.3798,-258.4997,6.9348,46.9771,231.0365,0.4256
8017,25.8950,-0.4227,0.5000,162.9898,-0.0000,-0.3855,-254.4403,5.7494,50.9360,231.6858,0.4623
8019,25.0577,-0.4161,0.5000,163.0704,-0.0000,-0.3918,-249.8282,4.5636,54.3939,232.3281,0.5069
8021,24.2342,-0.4091,0.5000,163.1601,-0.0000,-0.3970,-246.0912,3.7995,56.4394,232.7970,0.5465
8023,23.4249,-0.4019,0.5000,163.2584,-0.0000,-0.4017,-242.6273,3.2319,57.8546,233.1944,0.5865
8025,22.6301,-0.3947,0.5000,163.3642,-0.0000,-0.4068,-238.9002,2.7394,58.9763,233.5855,0.6338
8027,21.8497,-0.3875,0.5000,163.4758,-0.0000,-0.4116,-235.4315,2.3649,59.7278,233.9181,0.6826
8029,21.0837,-0.3803,0.5000,163.5916,-0.0000,-0.4162,-232.1554,2.0673,60.2315,234.2058,0.7338
8031,20.3321,-0.3732,0.5000,163.7097,-0.0000,-0.4213,-228.5958,1.7915,60.5946,234.4892,0.7965
8033,19.5946,-0.3661,0.5000,163.8284,-0.0000,-0.4257,-225.5029,1.5834,60.7802,234.7099,0.8582
8035,18.8710,-0.3592,0.5000,163.9462,-0.0000,-0.4296,-222.8755,1.4254,60.8568,234.8772,0.9170
8037,18.1611,-0.3524,0.5000,164.0617,-0.0000,-0.4333,-220.4064,1.2903,60.8687,235.0159,0.9787
8039,17.4646,-0.3458,0.5000,164.1736,-0.0000,-0.4369,-218.0059,1.1700,60.8299,235.1313,1.0455
8041,16.7813,-0.3392,0.5000,164.2808,-0.0000,-0.4404,-215.7488,1.0660,60.7519,235.2203,1.1154
8043,16.1108,-0.3329,0.5000,164.3824,-0.0000,-0.4454,-212.5315,0.9322,60.5776,235.3091,1.2289
8045,15.4528,-0.3267,0.5000,164.4778,-0.0000,-0.4478,-211.0181,0.8749,60.4721,235.3333,1.2885
8047,14.8071,-0.3206,0.5000,164.5664,-0.0000,-0.4500,-209.5588,0.8231,60.3575,235.3448,1.3501
8049,14.1732,-0.3148,0.5000,164.6476,-0.0000,-0.4544,-206.7736,0.7269,60.1070,235.3315,1.4793
8051,13.5508,-0.3091,0.5000,164.7211,-0.0000,-0.4557,-205.9296,0.7002,60.0237,235.3177,1.5215
8053,12.9396,-0.3036,0.5000,164.7867,-0.0000,-0.4582,-204.2741,0.6496,59.8521,235.2768,1.6083
8055,12.3392,-0.2983,0.5000,164.8443,-0.0000,-0.4606,-202.6514,0.6059,59.6749,235.2186,1.6985
8057,11.7491,-0.2931,0.5000,164.8936,-0.0000,-0.4633,-200.8316,0.5637,59.4682,235.1318,1.8051
8059,11.1690,-0.2882,0.5000,164.9347,-0.0000,-0.4654,-199.2997,0.5330,59.2898,235.0414,1.8988
8061,10.5985,-0.2835,0.5000,164.9676,-0.0000,-0.4681,-197.2514,0.4983,59.0484,234.8967,2.0289
8063,10.0371,-0.2790,0.5000,164.9923,-0.0000,-0.4697,-195.9645,0.4799,58.8965,234.7929,2.1128
8065,9.4845,-0.2747,0.5000,165.0089,-0.0000,-0.4728,-193.3392,0.4495,58.5897,234.5528,2.2877
8067,8.9403,-0.2706,0.5000,165.0174,-0.0000,-0.4742,-191.9913,0.4372,58.4352,234.4163,2.3789
8069,8.4039,-0.2667,0.5000,165.0179,-0.0000,-0.4761,-190.1731,0.4235,58.2313,234.2198,2.5026
8071,7.8750,-0.2631,0.5000,165.0105,-0.0000,-0.4779,-188.2943,0.4125,58.0265,234.0034,2.6308
8073,7.3532,-0.2597,0.5000,164.9954,-0.0000,-0.4796,-186.3461,0.4040,57.8212,233.7664,2.7637
8075,6.8379,-0.2564,0.5000,164.9725,-0.0000,-0.4812,-184.3188,0.3977,57.6153,233.5083,2.9014
8077,6.3288,-0.2534,0.5000,164.9420,-0.0000,-0.4827,-182.2042,0.3934,57.4092,233.2283,3.0442
8079,5.8255,-0.2507,0.5000,164.9039,-0.0000,-0.4842,-179.9948,0.3911,57.2027,232.9254,3.1922
8081,5.3274,-0.2481,0.5000,164.8582,-0.0000,-0.4857,-177.6838,0.3905,56.9959,232.5987,3.3457
8083,4.8341,-0.2458,0.5000,164.8051,-0.0000,-0.4871,-175.2643,0.3917,56.7889,232.2473,3.5049
8085,4.3453,-0.2437,0.5000,164.7444,-0.0000,-0.4884,-172.7301,0.3944,56.5816,231.8699,3.6701
8087,3.8603,-0.2418,0.5000,164.6763,-0.0000,-0.4896,-170.0755,0.3987,56.3740,231.4656,3.8417
8089,3.3789,-0.2401,0.5000,164.6006,-0.0000,-0.4909,-167.2955,0.4044,56.1661,231.0330,4.0198
8091,2.9005,-0.2387,0.5000,164.5173,-0.0000,-0.4920,-164.3858,0.4115,55.9578,230.5709,4.2050
8093,2.4247,-0.2375,0.5000,164.4263,-0.0000,-0.4931,-161.3430,0.4200,55.7490,230.0781,4.3976
8095,1.9511,-0.2365,0.5000,164.3275,-0.0000,-0.4942,-158.1645,0.4298,55.5395,229.5531,4.5979
8097,1.4792,-0.2357,0.5000,164.2208,-0.0000,-0.4952,-154.8490,0.4410,55.3295,228.9946,4.8066
8099,1.0086,-0.2351,0.5000,164.1061,-0.0000,-0.4962,-151.3963,0.4534,55.1185,228.4012,5.0240
8101,0.5389,-0.2348,0.5000,163.9832,-0.0000,-0.4972,-147.8080,0.4671,54.9067,227.7714,5.2508
8103,0.0696,-0.2346,0.5000,163.8518,-0.0000,-0.4980,-144.0865,0.4822,54.6938,227.1038,5.4874
8105,-0.3996,-0.2346,0.5000,163.7119,-0.0000,-0.4989,-140.2375,0.4985,54.4796,226.3970,5.7346
8107,-0.8692,-0.2349,0.5000,163.5631,-0.0000,-0.4997,-136.2673,0.5163,54.2641,225.6495,5.9930
8109,-1.3393,-0.2353,0.5000,163.4052,-0.0000,-0.5005,-132.1858,0.5354,54.0470,224.8599,6.2633
8111,-1.8105,-0.2358,0.5000,163.2381,-0.0000,-0.5012,-128.0052,0.5559,53.8282,224.0270,6.5463
8113,-2.2830,-0.2365,0.5000,163.0613,-0.0000,-0.5019,-123.7400,0.5778,53.6076,223.1495,6.8428
8115,-2.7570,-0.2373,0.5000,162.8747,-0.0000,-0.5026,-119.4074,0.6013,53.3849,222.2263,7.1535
8117,-3.2329,-0.2383,0.5000,162.6779,-0.0000,-0.5032,-115.0276,0.6263,53.1600,221.2563,7.4794
8119,-3.7106,-0.2393,0.5000,162.4708,-0.0000,-0.5038,-110.6239,0.6530,52.9327,220.2386,7.8214
8121,-4.1905,-0.2403,0.5000,162.2530,-0.0000,-0.5044,-106.2218,0.6814,52.7030,219.1726,8.1804
8123,-4.6725,-0.2414,0.5000,162.0243,-0.0000,-0.5049,-101.8489,0.7115,52.4706,218.0577,8.5572
8125,-5.1567,-0.2425,0.5000,161.7845,-0.0000,-0.5054,-97.5348,0.7435,52.2355,216.8935,8.9529
8127,-5.6430,-0.2435,0.5000,161.5333,-0.0000,-0.5058,-93.3112,0.7774,51.9975,215.6801,9.3684
8129,-6.1312,-0.2445,0.5000,161.2706,-0.0000,-0.5062,-89.2107,0.8134,51.7567,214.4175,9.8046
8131,-6.6213,-0.2453,0.5000,160.9963,-0.0000,-0.5066,-85.2661,0.8514,51.5128,213.1062,10.2624
8133,-7.1129,-0.2461,0.5000,160.7102,-0.0000,-0.5069,-81.5103,0.8917,51.2661,211.7470,10.7426
8135,-7.6058,-0.2466,0.5000,160.4124,-0.0000,-0.5072,-77.9764,0.9342,51.0164,210.3408,11.2461
8137,-8.0995,-0.2470,0.5000,160.1028,-0.0001,-0.5075,-74.6970,0.9792,50.7639,208.8889,11.7734
8139,-8.5935,-0.2470,0.5000,159.7815,-0.0001,-0.5077,-71.7033,1.0265,50.5086,207.3929,12.3252
8141,-9.0875,-0.2469,0.5000,159.4487,-0.0001,-0.5079,-69.0257,1.0764,50.2507,205.8548,12.9019
8143,-9.5807,-0.2464,0.5000,159.1047,-0.0001,-0.5081,-66.6930,1.1289,49.9904,204.2766,13.5040
8145,-10.0725,-0.2456,0.5000,158.7498,-0.0001,-0.5082,-64.7326,1.1841,49.7279,202.6610,14.1315
8147,-10.5623,-0.2444,0.5000,158.3844,-0.0001,-0.5083,-63.1727,1.2420,49.4636,201.0107,14.7844
8149,-11.0493,-0.2429,0.5000,158.0091,-0.0001,-0.5084,-62.0382,1.3026,49.1976,199.3288,15.4625
8151,-11.5326,-0.2409,0.5000,157.6244,-0.0002,-0.5085,-61.3534,1.3659,48.9305,197.6187,16.1651
8153,-12.0114,-0.2385,0.5000,157.2312,-0.0002,-0.5086,-61.1396,1.4321,48.6627,195.8841,16.8916
8155,-12.4849,-0.2356,0.5000,156.8303,-0.0002,-0.5086,-61.4143,1.5009,48.3945,194.1289,17.6407
8157,-12.9519,-0.2322,0.5000,156.4227,-0.0002,-0.5087,-62.1906,1.5724,48.1266,192.3573,18.4110
8159,-13.4116,-0.2284,0.5000,156.0094,-0.0003,-0.5087,-63.4753,1.6465,47.8594,190.5736,19.2005
8161,-13.8630,-0.2240,0.5000,155.5918,-0.0003,-0.5088,-65.2656,1.7231,47.5936,188.7823,20.0073
8163,-14.3049,-0.2191,0.5000,155.1713,-0.0004,-0.5089,-67.5477,1.8020,47.3297,186.9881,20.8286
8165,-14.7366,-0.2138,0.5000,154.7492,-0.0004,-0.5090,-70.2942,1.8831,47.0685,185.1954,21.6616
8167,-15.1569,-0.2079,0.5000,154.3272,-0.0005,-0.5092,-73.4628,1.9662,46.8104,183.4087,22.5033
8169,-15.5651,-0.2017,0.5000,153.9070,-0.0006,-0.5094,-76.9956,2.0509,46.5563,181.6321,23.3504
8171,-15.9603,-0.1951,0.5000,153.4904,-0.0007,-0.5096,-80.8199,2.1371,46.3066,179.8696,24.1996
8173,-16.3421,-0.1883,0.5000,153.0794,-0.0007,-0.5099,-84.8510,2.2245,46.0621,178.1244,25.0476
8175,-16.7099,-0.1813,0.5000,152.6757,-0.0008,-0.5103,-88.9959,2.3128,45.8233,176.3995,25.8916
8177,-17.0636,-0.1742,0.5000,152.2813,-0.0010,-0.5107,-93.1591,2.4016,45.5906,174.6970,26.7286
8179,-17.4030,-0.1671,0.5000,151.8980,-0.0011,-0.5112,-97.2491,2.4907,45.3646,173.0185,27.5563
8181,-17.7285,-0.1601,0.5000,151.5277,-0.0012,-0.5119,-102.4724,2.6098,45.0730,170.8120,28.6463
8183,-18.0402,-0.1533,0.5000,151.1720,-0.0013,-0.5122,-104.9247,2.6691,44.9321,169.7257,29.1829
8185,-18.3387,-0.1468,0.5000,150.8323,-0.0014,-0.5126,-107.2593,2.7282,44.7945,168.6508,29.7134
8187,-18.6245,-0.1406,0.5000,150.5099,-0.0014,-0.5135,-111.5354,2.8455,44.5291,166.5343,30.7559
8189,-18.8983,-0.1347,0.5000,150.2059,-0.0016,-0.5139,-113.4749,2.9036,44.4014,165.4925,31.2676
8191,-19.1607,-0.1291,0.5000,149.9211,-0.0019,-0.5147,-116.9697,3.0183,44.1558,163.4405,32.2718
8193,-19.4123,-0.1238,0.5000,149.6560,-0.0019,-0.5151,-118.5461,3.0749,44.0378,162.4300,32.7642
8195,-19.6537,-0.1188,0.5000,149.4109,-0.0024,-0.5159,-121.4110,3.1866,43.8111,160.4386,33.7298
8197,-19.8853,-0.1141,0.5000,149.1859,-0.0024,-0.5163,-122.7230,3.2416,43.7023,159.4576,34.2028
8199,-20.1077,-0.1095,0.5000,148.9810,-0.0024,-0.5169,-125.1842,3.3498,43.4934,157.5243,35.1289
8201,-20.3211,-0.1051,0.5000,148.7958,-0.0027,-0.5172,-126.3559,3.4030,43.3932,156.5719,35.5818
8203,-20.5258,-0.1007,0.5000,148.6299,-0.0027,-0.5177,-128.6367,3.5075,43.2009,154.6955,36.4662
8205,-20.7220,-0.0965,0.5000,148.4829,-0.0028,-0.5179,-129.7668,3.5588,43.1087,153.7717,36.8974
8207,-20.9098,-0.0923,0.5000,148.3541,-0.0033,-0.5183,-132.0231,3.6595,42.9319,151.9529,37.7364
8209,-21.0892,-0.0882,0.5000,148.2431,-0.0032,-0.5184,-133.1652,3.7087,42.8472,151.0581,38.1437
8211,-21.2605,-0.0841,0.5000,148.1490,-0.0037,-0.5185,-135.4934,3.8052,42.6850,149.2984,38.9322
8213,-21.4235,-0.0800,0.5000,148.0712,-0.0040,-0.5186,-136.6813,3.8523,42.6075,148.4336,39.3129
8215,-21.5784,-0.0759,0.5000,148.0092,-0.0037,-0.5186,-139.1153,3.9441,42.4594,146.7347,40.0456
8217,-21.7251,-0.0718,0.5000,147.9622,-0.0042,-0.5185,-140.3624,3.9887,42.3888,145.9008,40.3970
8219,-21.8637,-0.0678,0.5000,147.9297,-0.0043,-0.5184,-142.9170,4.0755,42.2544,144.2647,41.0683
8221,-21.9941,-0.0637,0.5000,147.9111,-0.0042,-0.5182,-144.2264,4.1175,42.1905,143.4627,41.3876
8223,-22.1164,-0.0596,0.5000,147.9058,-0.0050,-0.5179,-146.9128,4.1987,42.0695,141.8914,41.9921
8225,-22.2305,-0.0555,0.5000,147.9134,-0.0048,-0.5177,-148.2917,4.2378,42.0124,141.1223,42.2766
8227,-22.3364,-0.0514,0.5000,147.9332,-0.0051,-0.5173,-151.1276,4.3128,41.9047,139.6178,42.8088
8229,-22.4341,-0.0473,0.5000,147.9649,-0.0055,-0.5171,-152.5874,4.3487,41.8542,138.8826,43.0559
8231,-22.5234,-0.0431,0.5000,148.0080,-0.0053,-0.5166,-155.0934,4.4061,41.7748,137.6814,43.4389
8233,-22.6044,-0.0389,0.5000,148.0622,-0.0055,-0.5162,-157.1711,4.4498,41.7157,136.7421,43.7187
8235,-22.6769,-0.0346,0.5000,148.1269,-0.0058,-0.5155,-160.4181,4.5111,41.6345,135.3736,44.0909
8237,-22.7408,-0.0303,0.5000,148.2020,-0.0058,-0.5150,-162.6804,4.5492,41.5854,134.4887,44.3064
8239,-22.7960,-0.0259,0.5000,148.2871,-0.0060,-0.5143,-165.8705,4.5968,41.5256,133.3319,44.5535
8241,-22.8422,-0.0214,0.5000,148.3818,-0.0061,-0.5139,-167.9697,4.6245,41.4919,132.6257,44.6827
8243,-22.8793,-0.0168,0.5000,148.4861,-0.0062,-0.5134,-170.1481,4.6504,41.4611,131.9365,44.7910
8245,-22.9070,-0.0121,0.5000,148.5996,-0.0062,-0.5127,-173.1530,4.6816,41.4253,131.0545,44.9007
8247,-22.9251,-0.0072,0.5000,148.7223,-0.0063,-0.5120,-176.3262,4.7094,41.3947,130.2036,44.9716
8249,-22.9332,-0.0021,0.5000,148.8539,-0.0064,-0.5113,-179.6880,4.7338,41.3697,129.3848,45.0021
8251,-22.9309,0.0031,0.5000,148.9944,-0.0064,-0.5106,-183.2606,4.7546,41.3503,128.5991,44.9906
8253,-22.9178,0.0086,0.5000,149.1438,-0.0064,-0.5098,-187.0693,4.7717,41.3367,127.8479,44.9354
8255,-22.8934,0.0144,0.5000,149.3021,-0.0064,-0.5090,-191.1421,4.7849,41.3290,127.1325,44.8348
8257,-22.8573,0.0204,0.5000,149.4694,-0.0064,-0.5081,-195.5105,4.7940,41.3275,126.4546,44.6867
8259,-22.8086,0.0267,0.5000,149.6458,-0.0064,-0.5073,-200.2101,4.7990,41.3324,125.8158,44.4891
8261,-22.7468,0.0335,0.5000,149.8314,-0.0063,-0.5064,-205.2809,4.7996,41.3439,125.2182,44.2398
8263,-22.6711,0.0406,0.5000,150.0266,-0.0062,-0.5054,-210.7683,4.7957,41.3624,124.6639,43.9366
8265,-22.5804,0.0482,0.5000,150.2317,-0.0061,-0.5045,-216.7238,4.7870,41.3882,124.1554,43.5769
8267,-22.4739,0.0563,0.5000,150.4470,-0.0060,-0.5035,-223.2062,4.7735,41.4216,123.6955,43.1581
8269,-22.3504,0.0651,0.5000,150.6731,-0.0058,-0.5024,-230.2824,4.7548,41.4632,123.2872,42.6776
8271,-22.2085,0.0745,0.5000,150.9105,-0.0057,-0.5014,-238.0292,4.7307,41.5133,122.9341,42.1324
8273,-22.0469,0.0847,0.5000,151.1599,-0.0055,-0.5003,-246.5351,4.7011,41.5725,122.6401,41.5196
8275,-21.8638,0.0958,0.5000,151.4221,-0.0052,-0.4991,-255.9016,4.6657,41.6414,122.4097,40.8361
8277,-21.6573,0.1078,0.5000,151.6979,-0.0050,-0.4979,-266.2464,4.6241,41.7207,122.2479,40.0787
8279,-21.4254,0.1210,0.5000,151.9885,-0.0047,-0.4966,-277.7058,4.5763,41.8110,122.1605,39.2441
8281,-21.1655,0.1355,0.5000,152.2950,-0.0044,-0.4953,-290.4388,4.5219,41.9132,122.1540,38.3292
8283,-20.8748,0.1514,0.5000,152.6187,-0.0042,-0.4938,-304.6307,4.4606,42.0282,122.2359,37.3307
8285,-20.5503,0.1690,0.5000,152.9612,-0.0038,-0.4923,-320.5106,4.3923,42.1571,122.4149,36.2456
8287,-20.1881,0.1886,0.5000,153.3241,-0.0035,-0.4907,-338.3038,4.3166,42.3009,122.7007,35.0709
8289,-19.7841,0.2103,0.5000,153.7095,-0.0032,-0.4889,-358.3477,4.2334,42.4609,123.1046,33.8045
8291,-19.3335,0.2347,0.5000,154.1196,-0.0029,-0.4870,-381.0404,4.1426,42.6386,123.6401,32.4439
8293,-18.8304,0.2621,0.5000,154.5569,-0.0025,-0.4849,-406.7446,4.0440,42.8354,124.3225,30.9880
8295,-18.2681,0.2930,0.5000,155.0241,-0.0022,-0.4826,-436.1201,3.9377,43.0530,125.1699,29.4363
8297,-17.6387,0.3283,0.5000,155.5247,-0.0017,-0.4789,-485.7154,3.7741,43.4014,126.6982,27.0717
8299,-16.9324,0.3688,0.5000,156.0622,-0.0015,-0.4768,-514.7463,3.6868,43.5948,127.6272,25.8184
8301,-16.1370,0.4160,0.5000,156.6411,-0.0011,-0.4721,-584.4262,3.5026,44.0246,129.8780,23.1729
8303,-15.2365,0.4720,0.5000,157.2663,-0.0010,-0.4702,-613.8830,3.4348,44.1916,130.8184,22.1939
8305,-14.2096,0.5401,0.5000,157.9439,-0.0008,-0.4660,-682.9248,3.2961,44.5519,132.9689,20.1696
8307,-13.0260,0.6255,0.5000,158.6813,-0.0006,-0.4612,-770.6284,3.1554,44.9510,135.5486,18.0563
8309,-11.6410,0.7368,0.5000,159.4880,-0.0004,-0.4547,-901.5192,3.0011,45.4457,139.0528,15.6078
8311,-9.9857,0.8883,0.5000,160.3768,-0.0002,-0.4468,-1088.8095,2.8565,46.0044,143.4746,13.0456
8313,-7.9541,1.1016,0.5000,161.3651,-0.0002,-0.4395,-1281.3373,2.7638,46.4622,147.5387,11.0909
8315,-5.3921,1.4001,0.5000,162.4784,-0.0001,-0.4292,-1571.1387,2.6848,47.0298,153.2791,8.8361
8317,-2.1376,1.7666,0.5000,163.7524,-0.0000,-0.4162,-1910.4795,2.6505,47.6302,160.5194,6.6455
8319,1.7826,2.0506,0.5000,165.2314,-0.0000,-0.3989,-2182.1453,2.6787,48.2562,169.9890,4.5928
8321,5.9337,2.0507,0.5000,166.9517,-0.0000,-0.3794,-2182.4783,2.7626,48.8469,180.6619,3.0543
8323,9.7558,1.8087,0.5000,168.9175,-0.0000,-0.3619,-1988.0711,2.8394,49.4575,190.2969,2.1427
8325,12.9871,1.4996,0.5000,171.0936,-0.0000,-0.3448,-1726.7141,2.8689,50.3404,199.8254,1.5391
8327,15.6250,1.2160,0.5000,173.4207,-0.0000,-0.3319,-1523.3145,2.8788,51.2929,207.1600,1.2148
8329,17.7539,0.9794,0.5000,175.8324,0.0000,-0.3208,-1356.3600,2.8528,52.3322,213.6250,1.0023
8331,19.4655,0.7867,0.5000,178.2667,-0.0000,-0.3108,-1214.3648,2.7831,53.4468,219.6977,0.8507
8333,20.8381,0.6301,0.5000,180.6719,0.0000,-0.3024,-1102.2036,2.6845,54.5007,225.0512,0.7473
8335,21.9346,0.5023,0.5000,183.0079,0.0000,-0.2948,-1007.4507,2.5617,55.5196,230.1091,0.6708
8337,22.8046,0.3971,0.5000,185.2451,0.0000,-0.2887,-935.8511,2.4384,56.3680,234.3644,0.6198
8339,23.4874,0.3100,0.5000,187.3637,0.0000,-0.2829,-869.1107,2.2943,57.2151,238.7673,0.5780
8341,24.0144,0.2372,0.5000,189.3512,0.0000,-0.2785,-821.5772,2.1712,57.8462,242.2252,0.5521
8343,24.4107,0.1761,0.5000,191.2010,-0.0000,-0.2745,-777.7435,2.0399,58.4430,245.7061,0.5317
8345,24.6970,0.1244,0.5000,192.9109,-0.0000,-0.2709,-739.2492,1.9086,58.9729,249.0407,0.5170
8347,24.8900,0.0806,0.5000,194.4819,-0.0000,-0.2677,-706.1104,1.7822,59.4281,252.1584,0.5074
8349,25.0035,0.0432,0.5000,195.9173,-0.0000,-0.2648,-675.1364,1.6516,59.8472,255.3153,0.5017
8351,25.0492,0.0113,0.5000,197.2219,-0.0000,-0.2623,-647.5884,1.5247,60.2095,258.3523,0.5000
8353,25.0369,-0.0161,0.5000,198.4014,-0.0000,-0.2601,-623.0760,1.4027,60.5187,261.2637,0.5018
8355,24.9746,-0.0397,0.5000,199.4621,-0.0000,-0.2592,-612.0476,1.3449,60.6524,262.6453,0.5040
8357,24.8695,-0.0599,0.5000,200.4107,-0.0000,-0.2576,-592.0796,1.2359,60.8833,265.2715,0.5104
8359,24.7274,-0.0774,0.5000,201.2540,-0.0000,-0.2562,-574.4990,1.1353,61.0718,267.7289,0.5194
8361,24.5534,-0.0925,0.5000,201.9985,-0.0000,-0.2553,-561.1636,1.0562,61.2033,269.6914,0.5289
8363,24.3519,-0.1054,0.5000,202.6508,-0.0000,-0.2545,-549.0644,0.9826,61.3121,271.5507,0.5398
8365,24.1268,-0.1166,0.5000,203.2173,-0.0000,-0.2539,-538.0383,0.9143,61.4008,273.3134,0.5521
8367,23.8813,-0.1263,0.5000,203.7038,-0.0000,-0.2534,-527.9382,0.8510,61.4720,274.9864,0.5658
8369,23.6181,-0.1346,0.5000,204.1162,-0.0000,-0.2530,-518.6453,0.7923,61.5275,276.5751,0.5807
8371,23.3399,-0.1417,0.5000,204.4599,-0.0000,-0.2527,-510.0570,0.7380,61.5691,278.0847,0.5968
8373,23.0486,-0.1478,0.5000,204.7399,-0.0000,-0.2525,-502.0819,0.6879,61.5981,279.5198,0.6141
8375,22.7462,-0.1531,0.5000,204.9610,-0.0000,-0.2523,-494.6377,0.6416,61.6159,280.8848,0.6325
8377,22.4343,-0.1576,0.5000,205.1278,-0.0000,-0.2523,-487.6527,0.5989,61.6235,282.1837,0.6520
8379,22.1142,-0.1615,0.5000,205.2446,-0.0000,-0.2523,-481.0653,0.5596,61.6220,283.4199,0.6726
8381,21.7870,-0.1648,0.5000,205.3151,-0.0000,-0.2524,-474.8208,0.5233,61.6120,284.5965,0.6943
8383,21.4539,-0.1676,0.5000,205.3431,-0.0000,-0.2525,-468.8688,0.4900,61.5943,285.7164,0.7171
8385,21.1157,-0.1700,0.5000,205.3321,-0.0000,-0.2526,-463.1642,0.4593,61.5697,286.7822,0.7409
8387,20.7730,-0.1721,0.5000,205.2851,-0.0000,-0.2528,-457.6682,0.4312,61.5386,287.7961,0.7659
8389,20.4266,-0.1739,0.5000,205.2051,-0.0000,-0.2531,-452.3473,0.4054,61.5015,288.7602,0.7919
8391,20.0769,-0.1754,0.5000,205.0949,-0.0000,-0.2533,-447.1710,0.3817,61.4589,289.6763,0.8190
8393,19.7244,-0.1767,0.5000,204.9569,-0.0000,-0.2536,-442.1117,0.3600,61.4113,290.5460,0.8473
8395,19.3695,-0.1779,0.5000,204.7936,-0.0000,-0.2540,-437.1457,0.3401,61.3588,291.3707,0.8768
8397,19.0123,-0.1790,0.5000,204.6071,-0.0000,-0.2543,-432.2541,0.3219,61.3018,292.1516,0.9074
8399,18.6532,-0.1799,0.5000,204.3993,-0.0000,-0.2547,-427.4202,0.3054,61.2407,292.8898,0.9393
8401,18.2923,-0.1808,0.5000,204.1720,-0.0000,-0.2551,-422.6291,0.2903,61.1757,293.5863,0.9725
8403,17.9297,-0.1816,0.5000,203.9271,-0.0000,-0.2555,-417.8675,0.2765,61.1068,294.2419,1.0069
8405,17.5656,-0.1823,0.5000,203.6659,-0.0000,-0.2559,-413.1265,0.2641,61.0341,294.8572,1.0428
8407,17.2001,-0.1830,0.5000,203.3899,-0.0000,-0.2562,-409.6693,0.2557,60.9790,295.2820,1.0699
8409,16.8332,-0.1837,0.5000,203.1005,-0.0000,-0.2568,-403.9545,0.2432,60.8838,295.9392,1.1164
8411,16.4649,-0.1844,0.5000,202.7987,-0.0000,-0.2571,-400.4367,0.2362,60.8228,296.3158,1.1462
8413,16.0952,-0.1851,0.5000,202.4856,-0.0000,-0.2576,-395.2977,0.2271,60.7305,296.8275,1.1912
8415,15.7242,-0.1857,0.5000,202.1623,-0.0000,-0.2580,-391.1836,0.2205,60.6541,297.2045,1.2286
8417,15.3519,-0.1864,0.5000,201.8295,-0.0000,-0.2586,-385.3916,0.2124,60.5428,297.6864,1.2834
8419,14.9783,-0.1871,0.5000,201.4882,-0.0000,-0.2591,-380.6226,0.2066,60.4480,298.0407,1.3305
8421,14.6034,-0.1877,0.5000,201.1389,-0.0000,-0.2596,-375.8471,0.2015,60.3502,298.3573,1.3794
8423,14.2270,-0.1884,0.5000,200.7825,-0.0000,-0.2601,-371.0654,0.1968,60.2496,298.6365,1.4304
8425,13.8494,-0.1891,0.5000,200.4194,-0.0000,-0.2605,-367.2931,0.1933,60.1683,298.8303,1.4719
8427,13.4704,-0.1898,0.5000,200.0502,-0.0000,-0.2610,-362.9359,0.1895,60.0722,299.0253,1.5215
8429,13.0900,-0.1905,0.5000,199.6753,-0.0000,-0.2615,-358.2503,0.1861,59.9664,299.2008,1.5769
8431,12.7082,-0.1912,0.5000,199.2953,-0.0000,-0.2620,-353.4601,0.1833,59.8555,299.3436,1.6357
8433,12.3250,-0.1919,0.5000,198.9104,-0.0000,-0.2625,-348.6110,0.1812,59.7405,299.4509,1.6977
8435,11.9404,-0.1926,0.5000,198.5210,-0.0000,-0.2631,-343.4180,0.1798,59.6142,299.5242,1.7668
8437,11.5543,-0.1933,0.5000,198.1275,-0.0000,-0.2636,-338.7404,0.1791,59.4977,299.5536,1.8317
8439,11.1669,-0.1940,0.5000,197.7300,-0.0000,-0.2641,-334.4682,0.1791,59.3890,299.5500,1.8933
8441,10.7780,-0.1947,0.5000,197.3288,-0.0000,-0.2646,-329.3409,0.1797,59.2556,299.5075,1.9702
8443,10.3876,-0.1955,0.5000,196.9242,-0.0000,-0.2652,-324.2125,0.1810,59.1192,299.4232,2.0504
8445,9.9958,-0.1962,0.5000,196.5163,-0.0000,-0.2657,-319.1919,0.1829,58.9826,299.3002,2.1325
8447,9.6025,-0.1969,0.5000,196.1052,-0.0000,-0.2662,-314.1682,0.1856,58.8430,299.1371,2.2181
8449,9.2077,-0.1977,0.5000,195.6911,-0.0000,-0.2668,-309.1396,0.1888,58.7004,298.9336,2.3075
8451,8.8113,-0.1985,0.5000,195.2742,-0.0000,-0.2671,-305.7833,0.1913,58.6037,298.7755,2.3692
8453,8.4134,-0.1993,0.5000,194.8544,-0.0000,-0.2677,-300.7409,0.1956,58.4561,298.5044,2.4653
8455,8.0139,-0.2001,0.5000,194.4320,-0.0000,-0.2682,-295.6861,0.2005,58.3056,298.1924,2.5656
8457,7.6127,-0.2009,0.5000,194.0070,-0.0000,-0.2687,-290.6147,0.2061,58.1521,297.8391,2.6705
8459,7.2099,-0.2017,0.5000,193.5793,-0.0000,-0.2692,-285.5223,0.2123,57.9956,297.4441,2.7800
8461,6.8053,-0.2026,0.5000,193.1491,-0.0000,-0.2698,-279.9804,0.2197,57.8229,296.9691,2.9042
8463,6.3989,-0.2036,0.5000,192.7164,-0.0000,-0.2704,-274.4004,0.2278,57.6467,296.4439,3.0346
8465,5.9905,-0.2045,0.5000,192.2812,-0.0000,-0.2706,-271.5935,0.2322,57.5573,296.1624,3.1022
8467,5.5802,-0.2055,0.5000,191.8434,-0.0000,-0.2714,-263.7865,0.2452,57.3062,295.3193,3.2974
8469,5.1678,-0.2066,0.5000,191.4031,-0.0000,-0.2719,-258.7501,0.2543,57.1428,294.7301,3.4290
8471,4.7533,-0.2077,0.5000,190.9603,-0.0000,-0.2723,-253.6576,0.2640,56.9765,294.0993,3.5665
8473,4.3363,-0.2089,0.5000,190.5148,-0.0000,-0.2728,-248.5018,0.2744,56.8075,293.4264,3.7103
8475,3.9170,-0.2102,0.5000,190.0667,-0.0000,-0.2733,-243.2758,0.2855,56.6358,292.7102,3.8608
8477,3.4949,-0.2115,0.5000,189.6157,-0.0000,-0.2738,-237.9723,0.2972,56.4611,291.9499,4.0183
8479,3.0701,-0.2129,0.5000,189.1620,-0.0000,-0.2742,-232.5837,0.3097,56.2836,291.1442,4.1834
8481,2.6423,-0.2145,0.5000,188.7053,-0.0000,-0.2747,-227.1029,0.3230,56.1031,290.2921,4.3563
8483,2.2114,-0.2161,0.5000,188.2455,-0.0000,-0.2751,-221.5232,0.3370,55.9197,289.3923,4.5377
8485,1.7770,-0.2178,0.5000,187.7825,-0.0000,-0.2756,-215.8389,0.3519,55.7331,288.4434,4.7282
8487,1.3391,-0.2197,0.5000,187.3162,-0.0000,-0.2760,-210.0449,0.3677,55.5435,287.4440,4.9282
8489,0.8973,-0.2216,0.5000,186.8463,-0.0000,-0.2765,-204.1375,0.3844,55.3505,286.3927,5.1385
8491,0.4515,-0.2237,0.5000,186.3726,-0.0000,-0.2769,-198.1148,0.4021,55.1542,285.2879,5.3598
8493,0.0013,-0.2259,0.5000,185.8950,-0.0000,-0.2774,-191.9779,0.4208,54.9545,284.1281,5.5928
8495,-0.4534,-0.2282,0.5000,185.4132,-0.0000,-0.2778,-185.7273,0.4407,54.7511,282.9117,5.8383
8497,-0.9129,-0.2307,0.5000,184.9270,-0.0000,-0.2782,-179.3700,0.4617,54.5441,281.6371,6.0973
8499,-1.3774,-0.2332,0.5000,184.4361,-0.0000,-0.2787,-172.9162,0.4840,54.3332,280.3029,6.3706
8501,-1.8471,-0.2358,0.5000,183.9402,-0.0000,-0.2791,-166.3783,0.5076,54.1183,278.9075,6.6593
8503,-2.3222,-0.2386,0.5000,183.4390,-0.0000,-0.2795,-159.7733,0.5326,53.8993,277.4497,6.9645
8505,-2.8028,-0.2414,0.5000,182.9322,-0.0000,-0.2799,-153.1234,0.5591,53.6759,275.9281,7.2872
8507,-3.2890,-0.2442,0.5000,182.4196,-0.0000,-0.2804,-146.4564,0.5872,53.4482,274.3418,7.6286
8509,-3.7809,-0.2470,0.5000,181.9007,-0.0000,-0.2808,-139.8018,0.6171,53.2159,272.6900,7.9900
8511,-4.2785,-0.2498,0.5000,181.3753,-0.0000,-0.2812,-133.1957,0.6488,52.9789,270.9720,8.3726
8513,-4.7816,-0.2526,0.5000,180.8430,-0.0000,-0.2816,-126.6781,0.6825,52.7371,269.1878,8.7777
8515,-5.2902,-0.2553,0.5000,180.3036,-0.0000,-0.2820,-120.2917,0.7182,52.4904,267.3374,9.2066
8517,-5.8039,-0.2578,0.5000,179.7568,-0.0000,-0.2823,-114.0805,0.7561,52.2388,265.4214,9.6605
8519,-6.3225,-0.2602,0.5000,179.2023,-0.0000,-0.2827,-108.0903,0.7964,51.9822,263.4406,10.1407
8521,-6.8455,-0.2623,0.5000,178.6400,-0.0000,-0.2830,-102.3676,0.8391,51.7207,261.3966,10.6485
8523,-7.3725,-0.2642,0.5000,178.0696,-0.0001,-0.2834,-96.9579,0.8845,51.4543,259.2909,11.1849
8525,-7.9028,-0.2657,0.5000,177.4910,-0.0001,-0.2837,-91.9036,0.9326,51.1832,257.1260,11.7509
8527,-8.4357,-0.2669,0.5000,176.9042,-0.0000,-0.2840,-87.2452,0.9835,50.9075,254.9044,12.3476
8529,-8.9706,-0.2677,0.5000,176.3093,0.0000,-0.2843,-83.0205,1.0374,50.6274,252.6294,12.9757
8531,-9.5066,-0.2681,0.5000,175.7062,-0.0001,-0.2846,-79.2643,1.0943,50.3432,250.3043,13.6358
8533,-10.0429,-0.2681,0.5000,175.0952,-0.0001,-0.2848,-77.2677,1.1297,50.1726,248.9004,14.0434
8535,-10.5784,-0.2675,0.5000,174.4765,-0.0001,-0.2850,-74.8508,1.1794,49.9392,246.9720,14.6146
8537,-11.1123,-0.2665,0.5000,173.8506,-0.0001,-0.2853,-71.8833,1.2581,49.5853,244.0314,15.5111
8539,-11.6434,-0.2649,0.5000,173.2178,-0.0002,-0.2854,-70.3614,1.3132,49.3473,242.0426,16.1350
8541,-12.1707,-0.2628,0.5000,172.5788,-0.0002,-0.2857,-68.9440,1.3885,49.0346,239.4182,16.9803
8543,-12.6930,-0.2601,0.5000,171.9343,-0.0002,-0.2859,-68.1082,1.4866,48.6467,236.1436,18.0702
8545,-13.2094,-0.2569,0.5000,171.2851,-0.0002,-0.2860,-68.0758,1.5377,48.4522,234.4948,18.6337
8547,-13.7184,-0.2531,0.5000,170.6320,-0.0003,-0.2863,-68.7869,1.6442,48.0632,231.1821,19.7954
8549,-14.2191,-0.2486,0.5000,169.9762,-0.0004,-0.2865,-70.5204,1.7562,47.6755,227.8603,20.9993
8551,-14.7102,-0.2436,0.5000,169.3188,-0.0004,-0.2866,-71.7582,1.8140,47.4826,226.2002,21.6153
8553,-15.1907,-0.2381,0.5000,168.6611,-0.0005,-0.2868,-74.9276,1.9335,47.0999,222.8894,22.8709
8555,-15.6594,-0.2321,0.5000,168.0045,-0.0006,-0.2869,-76.8308,1.9949,46.9105,221.2420,23.5087
8557,-16.1154,-0.2255,0.5000,167.3505,-0.0007,-0.2872,-81.1788,2.1208,46.5367,217.9701,24.7995
8559,-16.5580,-0.2187,0.5000,166.7006,-0.0008,-0.2873,-83.5760,2.1851,46.3527,216.3483,25.4504
8561,-16.9864,-0.2115,0.5000,166.0567,-0.0009,-0.2876,-88.6773,2.3162,45.9914,213.1387,26.7585
8563,-17.4003,-0.2042,0.5000,165.4204,-0.0010,-0.2877,-91.3199,2.3827,45.8144,211.5527,27.4138
8565,-17.7993,-0.1968,0.5000,164.7934,-0.0012,-0.2880,-96.6292,2.5173,45.4688,208.4215,28.7229
8567,-18.1837,-0.1894,0.5000,164.1774,-0.0012,-0.2882,-99.2342,2.5852,45.3003,206.8773,29.3753
8569,-18.5536,-0.1823,0.5000,163.5741,-0.0015,-0.2886,-104.2007,2.7218,44.9726,203.8323,30.6733
8571,-18.9096,-0.1754,0.5000,162.9850,-0.0016,-0.2887,-106.5129,2.7903,44.8135,202.3316,31.3181
8573,-19.2522,-0.1689,0.5000,162.4115,-0.0018,-0.2891,-110.7178,2.9275,44.5050,199.3725,32.5985
8575,-19.5822,-0.1628,0.5000,161.8549,-0.0022,-0.2896,-114.2826,3.0644,44.2095,196.4677,33.8662
8577,-19.9005,-0.1571,0.5000,161.3162,-0.0021,-0.2898,-115.8235,3.1327,44.0665,195.0346,34.4955
8579,-20.2080,-0.1518,0.5000,160.7961,-0.0025,-0.2902,-118.4181,3.2687,43.7899,192.2044,35.7459
8581,-20.5055,-0.1470,0.5000,160.2954,-0.0027,-0.2904,-119.4994,3.3364,43.6561,190.8065,36.3674
8583,-20.7939,-0.1425,0.5000,159.8142,-0.0028,-0.2908,-121.2645,3.4711,43.3971,188.0425,37.6040
8585,-21.0738,-0.1384,0.5000,159.3528,-0.0032,-0.2910,-121.9773,3.5381,43.2718,186.6759,38.2195
8587,-21.3458,-0.1346,0.5000,158.9111,-0.0033,-0.2914,-123.1242,3.6714,43.0287,183.9713,39.4459
8589,-21.6106,-0.1311,0.5000,158.4889,-0.0035,-0.2916,-123.5777,3.7378,42.9109,182.6329,40.0572
8591,-21.8686,-0.1278,0.5000,158.0858,-0.0043,-0.2919,-124.2980,3.8698,42.6821,179.9827,41.2761
8593,-22.1203,-0.1247,0.5000,157.7013,-0.0042,-0.2920,-124.5791,3.9356,42.5709,178.6705,41.8841
8595,-22.3660,-0.1218,0.5000,157.3349,-0.0049,-0.2923,-125.0095,4.0666,42.3545,176.0711,43.0975
8597,-22.6061,-0.1190,0.5000,156.9858,-0.0052,-0.2924,-125.1663,4.1318,42.2492,174.7837,43.7030
8599,-22.8409,-0.1164,0.5000,156.6534,-0.0053,-0.2926,-125.3750,4.2619,42.0438,172.2324,44.9122
8601,-23.0706,-0.1140,0.5000,156.3369,-0.0062,-0.2927,-125.4492,4.3914,41.8450,169.7120,46.1194
8603,-23.2957,-0.1117,0.5000,156.0356,-0.0060,-0.2928,-125.4366,4.4560,41.7479,168.4629,46.7227
8605,-23.5163,-0.1095,0.5000,155.7487,-0.0069,-0.2928,-125.3093,4.5847,41.5580,165.9863,47.9289
8607,-23.7328,-0.1075,0.5000,155.4753,-0.0074,-0.2929,-125.1926,4.6490,41.4651,164.7585,48.5323
8609,-23.9456,-0.1057,0.5000,155.2148,-0.0074,-0.2929,-124.8522,4.7771,41.2829,162.3229,49.7406
8611,-24.1548,-0.1040,0.5000,154.9663,-0.0081,-0.2929,-124.6260,4.8411,41.1936,161.1149,50.3459
8613,-24.3609,-0.1025,0.5000,154.7291,-0.0086,-0.2928,-124.0576,4.9689,41.0183,158.7172,51.5602
8615,-24.5641,-0.1011,0.5000,154.5023,-0.0086,-0.2928,-123.7147,5.0327,40.9321,157.5272,52.1698
8617,-24.7648,-0.0999,0.5000,154.2852,-0.0097,-0.2927,-123.0572,5.1384,40.7913,155.5688,53.1838
8619,-24.9633,-0.0989,0.5000,154.0771,-0.0101,-0.2926,-122.4562,5.2221,40.6815,154.0276,53.9922
8621,-25.1600,-0.0980,0.5000,153.8772,-0.0107,-0.2924,-121.4191,5.3478,40.5191,151.7318,55.2150
8623,-25.3551,-0.0973,0.5000,153.6847,-0.0114,-0.2923,-120.6363,5.4318,40.4122,150.2112,56.0385
8625,-25.5491,-0.0968,0.5000,153.4989,-0.0121,-0.2921,-119.4784,5.5440,40.2714,148.1977,57.1472
8627,-25.7423,-0.0965,0.5000,153.3191,-0.0128,-0.2919,-118.3474,5.6433,40.1484,146.4318,58.1385
8629,-25.9349,-0.0963,0.5000,153.1446,-0.0135,-0.2917,-117.1097,5.7431,40.0263,144.6744,59.1444
8631,-26.1274,-0.0963,0.5000,152.9746,-0.0142,-0.2915,-115.7696,5.8436,39.9049,142.9247,60.1669
8633,-26.3202,-0.0964,0.5000,152.8084,-0.0150,-0.2912,-114.3255,5.9448,39.7839,141.1818,61.2081
8635,-26.5135,-0.0968,0.5000,152.6454,-0.0158,-0.2909,-112.7767,6.0469,39.6632,139.4450,62.2705
8637,-26.7077,-0.0973,0.5000,152.4848,-0.0167,-0.2906,-111.1234,6.1501,39.5424,137.7133,63.3563
8639,-26.9032,-0.0980,0.5000,152.3261,-0.0176,-0.2903,-109.3665,6.2545,39.4215,135.9861,64.4683
8641,-27.1004,-0.0989,0.5000,152.1684,-0.0185,-0.2900,-107.5069,6.3602,39.3001,134.2624,65.6092
8643,-27.2995,-0.1000,0.5000,152.0112,-0.0195,-0.2897,-105.5474,6.4676,39.1780,132.5415,66.7819
8645,-27.5010,-0.1012,0.5000,151.8539,-0.0206,-0.2893,-103.4876,6.5767,39.0550,130.8226,67.9896
8647,-27.7052,-0.1026,0.5000,151.6958,-0.0217,-0.2889,-101.3296,6.6877,38.9308,129.1048,69.2355
8649,-27.9125,-0.1042,0.5000,151.5363,-0.0229,-0.2885,-99.0773,6.8008,38.8053,127.3876,70.5231
8651,-28.1231,-0.1060,0.5000,151.3748,-0.0242,-0.2881,-96.7339,6.9163,38.6781,125.6700,71.8561
8653,-28.3376,-0.1080,0.5000,151.2106,-0.0256,-0.2877,-94.3030,7.0344,38.5491,123.9515,73.2383
8655,-28.5562,-0.1101,0.5000,151.0433,-0.0270,-0.2872,-91.7892,7.1553,38.4180,122.2312,74.6739
8657,-28.7792,-0.1124,0.5000,150.8723,-0.0286,-0.2867,-89.1973,7.2792,38.2845,120.5086,76.1672
8659,-29.0071,-0.1149,0.5000,150.6970,-0.0302,-0.2862,-86.5330,7.4064,38.1485,118.7830,77.7228
8661,-29.2401,-0.1175,0.5000,150.5168,-0.0320,-0.2856,-83.8026,7.5371,38.0096,117.0539,79.3455
8663,-29.4786,-0.1203,0.5000,150.3314,-0.0339,-0.2850,-81.0128,7.6715,37.8677,115.3206,81.0405
8665,-29.7229,-0.1233,0.5000,150.1400,-0.0360,-0.2844,-78.1711,7.8099,37.7225,113.5828,82.8131
8667,-29.9733,-0.1264,0.5000,149.9424,-0.0382,-0.2837,-75.2855,7.9526,37.5737,111.8398,84.6691
8669,-30.2301,-0.1297,0.5000,149.7380,-0.0406,-0.2830,-72.3645,8.0998,37.4212,110.0914,86.6146
8671,-30.4937,-0.1331,0.5000,149.5264,-0.0431,-0.2823,-69.4170,8.2517,37.2647,108.3370,88.6558
8673,-30.7644,-0.1367,0.5000,149.3071,-0.0459,-0.2815,-66.4519,8.4086,37.1039,106.5765,90.7998
8675,-31.0423,-0.1404,0.5000,149.0798,-0.0490,-0.2806,-63.4793,8.5706,36.9386,104.8095,93.0536
8677,-31.3279,-0.1443,0.5000,148.8440,-0.0523,-0.2797,-60.5086,8.7381,36.7686,103.0359,95.4251
8679,-31.6214,-0.1482,0.5000,148.5995,-0.0558,-0.2787,-57.5495,8.9111,36.5937,101.2554,97.9223
8681,-31.9230,-0.1524,0.5000,148.3458,-0.0597,-0.2777,-54.6121,9.0899,36.4136,99.4679,100.5541
8683,-32.2331,-0.1566,0.5000,148.0828,-0.0640,-0.2765,-51.7058,9.2746,36.2282,97.6733,103.3298
8685,-32.5518,-0.1610,0.5000,147.8101,-0.0686,-0.2753,-48.8398,9.4653,36.0370,95.8717,106.2595
8687,-32.8795,-0.1656,0.5000,147.5275,-0.0736,-0.2740,-46.0236,9.6620,35.8401,94.0629,109.3540
8689,-33.2164,-0.1702,0.5000,147.2348,-0.0790,-0.2726,-43.2651,9.8649,35.6370,92.2471,112.6249
8691,-33.5628,-0.1750,0.5000,146.9318,-0.0850,-0.2710,-40.5726,10.0738,35.4276,90.4243,116.0849
8693,-33.9190,-0.1799,0.5000,146.6183,-0.0915,-0.2694,-37.9538,10.2887,35.2116,88.5946,119.7475
8695,-34.2851,-0.1850,0.5000,146.2944,-0.0987,-0.2675,-35.4132,10.5094,34.9888,86.7581,123.6278
8697,-34.6617,-0.1902,0.5000,145.9598,-0.1065,-0.2656,-32.9598,10.7356,34.7590,84.9149,127.7419
8699,-35.0488,-0.1956,0.5000,145.6145,-0.1150,-0.2634,-30.5964,10.9670,34.5217,83.0653,132.1076
8701,-35.4469,-0.2012,0.5000,145.2585,-0.1243,-0.2611,-28.3257,11.2030,34.2769,81.2093,136.7444
8703,-35.8564,-0.2069,0.5000,144.8919,-0.1345,-0.2585,-26.1549,11.4430,34.0241,79.3470,141.6742
8705,-36.2777,-0.2129,0.5000,144.5148,-0.1456,-0.2557,-24.0832,11.6862,33.7630,77.4786,146.9204
8707,-36.7111,-0.2190,0.5000,144.1271,-0.1578,-0.2527,-22.1132,11.9317,33.4932,75.6043,152.5098
8709,-37.1571,-0.2255,0.5000,143.7290,-0.1712,-0.2494,-20.2455,12.1783,33.2145,73.7240,158.4717
8711,-37.6164,-0.2322,0.5000,143.3207,-0.1857,-0.2458,-18.4788,12.4246,32.9263,71.8378,164.8393
8713,-38.0894,-0.2392,0.5000,142.9023,-0.2016,-0.2419,-16.8167,12.6688,32.6282,69.9457,171.6498
8715,-38.5769,-0.2465,0.5000,142.4741,-0.2190,-0.2376,-15.2525,12.9090,32.3197,68.0478,178.9448
8717,-39.0795,-0.2543,0.5000,142.0362,-0.2380,-0.2329,-13.7886,13.1429,32.0002,66.1438,186.7714
8719,-39.5981,-0.2624,0.5000,141.5890,-0.2587,-0.2278,-12.4202,13.3679,31.6690,64.2336,195.1833
8721,-40.1337,-0.2711,0.5000,141.1328,-0.2903,-0.2202,-10.6937,13.6567,31.1933,61.5964,207.8195
8723,-40.6873,-0.2803,0.5000,140.6677,-0.3075,-0.2160,-9.8939,13.7897,30.9461,60.2730,214.6533
8725,-41.2600,-0.2901,0.5000,140.1942,-0.3257,-0.2116,-9.1359,13.9133,30.6921,58.9461,221.8662
8727,-41.8533,-0.3006,0.5000,139.7125,-0.3654,-0.2021,-7.7417,14.1268,30.1629,56.2813,237.5512
8729,-42.4685,-0.3119,0.5000,139.2230,-0.3869,-0.1970,-7.1017,14.2133,29.8869,54.9429,246.0929
8731,-43.1075,-0.3242,0.5000,138.7262,-0.4336,-0.1861,-5.9324,14.3374,29.3099,52.2526,264.7789
8733,-43.7723,-0.3374,0.5000,138.2223,-0.4588,-0.1803,-5.4006,14.3711,29.0080,50.9001,275.0194
8735,-44.4650,-0.3519,0.5000,137.7117,-0.5131,-0.1680,-4.4364,14.3715,28.3745,48.1783,297.5821
8737,-45.1883,-0.3677,0.5000,137.1949,-0.5422,-0.1615,-4.0017,14.3340,28.0417,46.8080,310.0411
8739,-45.9453,-0.3852,0.5000,136.6722,-0.6044,-0.1479,-3.2213,14.1722,27.3403,44.0454,337.7274
8741,-46.7394,-0.4045,0.5000,136.1441,-0.6373,-0.1409,-2.8733,14.0435,26.9701,42.6518,353.1552
8743,-47.5748,-0.4259,0.5000,135.6109,-0.7067,-0.1264,-2.2559,13.6799,26.1855,39.8352,387.7952
8745,-48.4564,-0.4500,0.5000,135.0730,-0.7429,-0.1190,-1.9842,13.4410,25.7689,38.4103,407.3113
8747,-49.3898,-0.4772,0.5000,134.5310,-0.7799,-0.1116,-1.7357,13.1617,25.3343,36.9725,428.5348
8749,-50.3821,-0.5080,0.5000,133.9852,-0.8557,-0.0967,-1.3039,12.4765,24.4050,34.0524,477.0244
8751,-51.4416,-0.5434,0.5000,133.4359,-0.8936,-0.0893,-1.1184,12.0687,23.9066,32.5667,504.8485
8753,-52.5784,-0.5842,0.5000,132.8838,-0.9679,-0.0749,-0.8031,11.1215,22.8316,29.5328,569.4665
8755,-53.8050,-0.6317,0.5000,132.3290,-1.0034,-0.0679,-0.6707,10.5832,22.2497,27.9792,607.1890
8757,-55.1370,-0.6877,0.5000,131.7722,-1.0675,-0.0546,-0.4524,9.3846,20.9803,24.7824,696.4955
8759,-56.5936,-0.7541,0.5000,131.2136,-1.0971,-0.0481,-0.3608,8.6968,20.2493,23.0491,752.4371
8761,-58.1992,-0.8338,0.5000,130.6537,-1.1245,-0.0409,-0.2714,7.8545,19.3342,20.9783,827.1840
8763,-59.9845,-0.9303,0.5000,130.0929,-1.1484,-0.0321,-0.1778,6.6747,17.9836,18.1022,946.9285
8765,-61.9882,-1.0476,0.5000,129.5316,-1.1548,-0.0262,-0.1246,5.7632,16.8536,15.8437,1055.1020
8767,-64.2573,-1.1901,0.5000,128.9702,-1.1440,-0.0192,-0.0730,4.5431,15.1558,12.6733,1228.3607
8769,-66.8455,-1.3597,0.5000,128.4092,-1.1134,-0.0142,-0.0435,3.5439,13.5223,9.8465,1400.7916
8771,-69.8006,-1.5496,0.5000,127.8489,-1.0555,-0.0100,-0.0242,2.6099,11.6733,6.8800,1588.3171
8773,-73.1289,-1.7278,0.5000,127.2897,-0.9429,-0.0065,-0.0113,1.6816,9.3011,3.3955,1776.8853
8775,-76.7149,-1.8131,0.5000,126.7321,-0.8021,-0.0044,-0.0055,1.0511,7.1226,0.4878,1834.7979
8777,-80.2232,-1.6859,0.5000,126.1763,-0.6244,-0.0030,-0.0025,0.5585,4.7619,-2.3445,1670.7531
8779,-83.1584,-1.3117,0.5000,125.6226,-0.4842,-0.0024,-0.0012,0.2702,2.8099,-4.3743,1261.6343
8781,-85.1968,-0.8460,0.5000,125.0712,-0.4164,-0.0022,-0.0007,0.1335,1.5752,-5.4035,828.8353
8783,-86.3994,-0.4724,0.5000,124.5221,-0.3977,-0.0022,-0.0005,0.0598,0.7613,-5.8013,449.9652
8785,-87.0353,-0.2417,0.5000,123.9757,-0.4132,-0.0024,-0.0004,0.0313,0.4077,-5.7426,256.4346
8787,-87.3517,-0.1185,0.5000,123.4318,-0.4484,-0.0027,-0.0004,0.0166,0.2159,-5.4755,142.0574
8789,-87.5052,-0.0572,0.5000,122.8908,-0.4881,-0.0030,-0.0004,0.0104,0.1341,-5.1637,90.6580
8791,-87.5793,-0.0277,0.5000,122.3528,-0.5355,-0.0034,-0.0004,0.0071,0.0903,-4.7987,62.4098
8793,-87.6157,-0.0138,0.5000,121.8179,-0.5784,-0.0038,-0.0004,0.0056,0.0711,-4.4766,49.8201
8795,-87.6343,-0.0072,0.5000,121.2863,-0.6249,-0.0042,-0.0004,0.0048,0.0600,-4.1366,42.5581
8797,-87.6446,-0.0042,0.5000,120.7581,-0.6706,-0.0046,-0.0004,0.0043,0.0538,-3.8100,38.5457
8799,-87.6509,-0.0027,0.5000,120.2334,-0.7072,-0.0050,-0.0004,0.0041,0.0505,-3.5523,36.4297
8801,-87.6553,-0.0020,0.5000,119.7123,-0.7482,-0.0054,-0.0004,0.0039,0.0478,-3.2685,34.6539
8803,-87.6588,-0.0016,0.5000,119.1950,-0.7865,-0.0058,-0.0004,0.0038,0.0456,-3.0072,33.2542
8805,-87.6618,-0.0014,0.5000,118.6814,-0.8211,-0.0062,-0.0004,0.0036,0.0438,-2.7746,32.0873
8807,-87.6645,-0.0013,0.5000,118.1717,-0.8630,-0.0068,-0.0004,0.0035,0.0417,-2.4969,30.7043
8809,-87.6670,-0.0012,0.5000,117.6660,-0.8826,-0.0070,-0.0004,0.0034,0.0407,-2.3687,30.0562
8811,-87.6695,-0.0012,0.5000,117.1642,-0.9193,-0.0075,-0.0004,0.0033,0.0389,-2.1317,28.8065
8813,-87.6718,-0.0012,0.5000,116.6664,-0.9364,-0.0078,-0.0004,0.0032,0.0380,-2.0223,28.2093
8815,-87.6741,-0.0011,0.5000,116.1727,-0.9529,-0.0080,-0.0004,0.0031,0.0372,-1.9185,27.6250
8817,-87.6762,-0.0011,0.5000,115.6831,-0.9903,-0.0086,-0.0004,0.0030,0.0351,-1.6852,26.2384
8819,-87.6783,-0.0010,0.5000,115.1976,-1.0107,-0.0090,-0.0004,0.0029,0.0340,-1.5603,25.4451
8821,-87.6804,-0.0010,0.5000,114.7163,-1.0298,-0.0094,-0.0004,0.0028,0.0329,-1.4447,24.6789
8823,-87.6824,-0.0010,0.5000,114.2391,-1.0478,-0.0097,-0.0004,0.0027,0.0318,-1.3378,23.9356
8825,-87.6843,-0.0010,0.5000,113.7661,-1.0646,-0.0101,-0.0004,0.0026,0.0308,-1.2387,23.2117
8827,-87.6862,-0.0009,0.5000,113.2972,-1.0804,-0.0104,-0.0004,0.0025,0.0298,-1.1471,22.5059
8829,-87.6880,-0.0009,0.5000,112.8325,-1.0951,-0.0107,-0.0004,0.0025,0.0288,-1.0623,21.8183
8831,-87.6898,-0.0009,0.5000,112.3720,-1.1090,-0.0111,-0.0004,0.0024,0.0279,-0.9838,21.1488
8833,-87.6915,-0.0009,0.5000,111.9157,-1.1220,-0.0114,-0.0004,0.0023,0.0270,-0.9111,20.4961
8835,-87.6932,-0.0008,0.5000,111.4635,-1.1342,-0.0117,-0.0004,0.0023,0.0261,-0.8439,19.8588
8837,-87.6949,-0.0008,0.5000,111.0155,-1.1456,-0.0121,-0.0004,0.0022,0.0252,-0.7817,19.2364
8839,-87.6965,-0.0008,0.5000,110.5716,-1.1564,-0.0124,-0.0004,0.0021,0.0243,-0.7241,18.6283
8841,-87.6981,-0.0008,0.5000,110.1319,-1.1664,-0.0127,-0.0004,0.0020,0.0235,-0.6708,18.0342
8843,-87.6996,-0.0008,0.5000,109.6962,-1.1759,-0.0130,-0.0004,0.0020,0.0227,-0.6214,17.4530
8845,-87.7011,-0.0007,0.5000,109.2646,-1.1847,-0.0134,-0.0004,0.0019,0.0219,-0.5758,16.8843
8847,-87.7026,-0.0007,0.5000,108.8371,-1.1930,-0.0137,-0.0004,0.0019,0.0212,-0.5335,16.3275
8849,-87.7040,-0.0007,0.5000,108.4136,-1.2008,-0.0140,-0.0004,0.0018,0.0204,-0.4944,15.7822
8851,-87.7055,-0.0007,0.5000,107.9942,-1.2081,-0.0143,-0.0004,0.0017,0.0197,-0.4582,15.2479
8853,-87.7068,-0.0007,0.5000,107.5787,-1.2149,-0.0146,-0.0004,0.0017,0.0190,-0.4247,14.7241
8855,-87.7082,-0.0007,0.5000,107.1672,-1.2214,-0.0149,-0.0004,0.0016,0.0183,-0.3937,14.2105
8857,-87.7095,-0.0007,0.5000,106.7597,-1.2274,-0.0152,-0.0004,0.0016,0.0176,-0.3651,13.7066
8859,-87.7108,-0.0006,0.5000,106.3560,-1.2330,-0.0155,-0.0004,0.0015,0.0169,-0.3385,13.2122
8861,-87.7121,-0.0006,0.5000,105.9563,-1.2383,-0.0158,-0.0004,0.0014,0.0162,-0.3140,12.7267
8863,-87.7134,-0.0006,0.5000,105.5603,-1.2433,-0.0161,-0.0004,0.0014,0.0156,-0.2912,12.2500
8865,-87.7146,-0.0006,0.5000,105.1682,-1.2480,-0.0164,-0.0004,0.0013,0.0150,-0.2702,11.7817
8867,-87.7158,-0.0006,0.5000,104.7799,-1.2524,-0.0166,-0.0004,0.0013,0.0144,-0.2507,11.3216
8869,-87.7170,-0.0006,0.5000,104.3954,-1.2565,-0.0169,-0.0004,0.0012,0.0138,-0.2327,10.8693
8871,-87.7182,-0.0006,0.5000,104.0146,-1.2603,-0.0172,-0.0004,0.0012,0.0132,-0.2160,10.4247
8873,-87.7194,-0.0006,0.5000,103.6374,-1.2639,-0.0175,-0.0004,0.0011,0.0126,-0.2006,9.9874
8875,-87.7205,-0.0006,0.5000,103.2640,-1.2673,-0.0178,-0.0004,0.0011,0.0120,-0.1863,9.5573
8877,-87.7216,-0.0006,0.5000,102.8941,-1.2705,-0.0180,-0.0004,0.0010,0.0115,-0.1731,9.1341
8879,-87.7227,-0.0005,0.5000,102.5279,-1.2734,-0.0183,-0.0004,0.0010,0.0109,-0.1609,8.7177
8881,-87.7238,-0.0005,0.5000,102.1652,-1.2762,-0.0186,-0.0004,0.0009,0.0104,-0.1496,8.3078
8883,-87.7249,-0.0005,0.5000,101.8060,-1.2788,-0.0188,-0.0004,0.0009,0.0099,-0.1391,7.9043
8885,-87.7259,-0.0005,0.5000,101.4504,-1.2813,-0.0191,-0.0004,0.0009,0.0093,-0.1294,7.5070
8887,-87.7269,-0.0005,0.5000,101.0982,-1.2836,-0.0194,-0.0004,0.0008,0.0088,-0.1204,7.1157
8889,-87.7279,-0.0005,0.5000,100.7494,-1.2857,-0.0196,-0.0004,0.0008,0.0083,-0.1122,6.7302
8891,-87.7289,-0.0005,0.5000,100.4040,-1.2877,-0.0199,-0.0004,0.0007,0.0079,-0.1045,6.3505
8893,-87.7299,-0.0005,0.5000,100.0620,-1.2896,-0.0201,-0.0004,0.0007,0.0074,-0.0974,5.9764
8895,-87.7309,-0.0005,0.5000,99.7234,-1.2914,-0.0204,-0.0004,0.0006,0.0069,-0.0908,5.6077
8897,-87.7319,-0.0005,0.5000,99.3880,-1.2930,-0.0206,-0.0004,0.0006,0.0064,-0.0847,5.2444
8899,-87.7328,-0.0005,0.5000,99.0559,-1.2945,-0.0209,-0.0004,0.0006,0.0060,-0.0791,4.8862
8901,-87.7337,-0.0005,0.5000,98.7270,-1.2960,-0.0211,-0.0004,0.0005,0.0056,-0.0739,4.5331
8903,-87.7346,-0.0005,0.5000,98.4013,-1.2973,-0.0213,-0.0004,0.0005,0.0051,-0.0690,4.1850
8905,-87.7355,-0.0004,0.5000,98.0788,-1.2986,-0.0216,-0.0004,0.0004,0.0047,-0.0646,3.8418
8907,-87.7364,-0.0004,0.5000,97.7594,-1.2998,-0.0218,-0.0004,0.0004,0.0043,-0.0604,3.5033
8909,-87.7373,-0.0004,0.5000,97.4431,-1.3009,-0.0221,-0.0004,0.0004,0.0039,-0.0566,3.1694
8911,-87.7382,-0.0004,0.5000,97.1299,-1.3019,-0.0223,-0.0004,0.0003,0.0034,-0.0531,2.8402
8913,-87.7390,-0.0004,0.5000,96.8198,-1.3029,-0.0225,-0.0004,0.0003,0.0030,-0.0498,2.5153
8915,-87.7399,-0.0004,0.5000,96.5126,-1.3038,-0.0227,-0.0004,0.0003,0.0027,-0.0468,2.1949
8917,-87.7407,-0.0004,0.5000,96.2085,-1.3046,-0.0230,-0.0004,0.0002,0.0023,-0.0440,1.8788
8919,-87.7415,-0.0004,0.5000,95.9072,-1.3054,-0.0232,-0.0004,0.0002,0.0019,-0.0414,1.5668
8921,-87.7423,-0.0004,0.5000,95.6089,-1.3062,-0.0234,-0.0004,0.0001,0.0015,-0.0390,1.2590
8923,-87.7431,-0.0004,0.5000,95.3135,-1.3068,-0.0236,-0.0004,0.0001,0.0011,-0.0367,0.9553
8925,-87.7439,-0.0004,0.5000,95.0210,-1.3075,-0.0239,-0.0004,0.0001,0.0008,-0.0347,0.6555
8927,-87.7447,-0.0004,0.5000,94.7312,-1.3081,-0.0241,-0.0004,0.0000,0.0004,-0.0328,0.3597
8929,-87.7455,-0.0004,0.5000,94.4443,-1.3086,-0.0243,-0.0004,0.0000,0.0001,-0.0310,0.0677
8931,-87.7462,-0.0004,0.5000,94.1601,-1.3091,-0.0245,-0.0004,-0.0000,-0.0003,-0.0294,-0.2205
8933,-87.7470,-0.0004,0.5000,93.8787,-1.3096,-0.0247,-0.0004,-0.0001,-0.0006,-0.0278,-0.5050
8935,-87.7477,-0.0004,0.5000,93.6000,-1.3100,-0.0249,-0.0004,-0.0001,-0.0009,-0.0264,-0.7859
8937,-87.7484,-0.0004,0.5000,93.3240,-1.3104,-0.0251,-0.0004,-0.0001,-0.0013,-0.0251,-1.0632
8939,-87.7492,-0.0004,0.5000,93.0507,-1.3108,-0.0253,-0.0004,-0.0002,-0.0016,-0.0239,-1.3370
8941,-87.7499,-0.0004,0.5000,92.7799,-1.3112,-0.0255,-0.0004,-0.0002,-0.0019,-0.0228,-1.6073
8943,-87.7506,-0.0003,0.5000,92.5118,-1.3115,-0.0257,-0.0004,-0.0002,-0.0022,-0.0218,-1.8742
8945,-87.7513,-0.0003,0.5000,92.2462,-1.3118,-0.0259,-0.0004,-0.0002,-0.0025,-0.0209,-2.1377
8947,-87.7519,-0.0003,0.5000,91.9832,-1.3120,-0.0261,-0.0004,-0.0003,-0.0028,-0.0200,-2.3979
8949,-87.7526,-0.0003,0.5000,91.7228,-1.3123,-0.0263,-0.0004,-0.0003,-0.0031,-0.0192,-2.6549
8951,-87.7533,-0.0003,0.5000,91.4648,-1.3125,-0.0265,-0.0004,-0.0003,-0.0034,-0.0184,-2.9087
8953,-87.7539,-0.0003,0.5000,91.2093,-1.3127,-0.0267,-0.0004,-0.0004,-0.0037,-0.0177,-3.1593
8955,-87.7546,-0.0003,0.5000,90.9562,-1.3129,-0.0269,-0.0004,-0.0004,-0.0040,-0.0170,-3.4068
8957,-87.7552,-0.0003,0.5000,90.7056,-1.3131,-0.0271,-0.0004,-0.0004,-0.0042,-0.0164,-3.6513
8959,-87.7559,-0.0003,0.5000,90.4573,-1.3133,-0.0273,-0.0004,-0.0004,-0.0045,-0.0159,-3.8928
8961,-87.7565,-0.0003,0.5000,90.2114,-1.3134,-0.0275,-0.0004,-0.0005,-0.0048,-0.0154,-4.1313
8963,-87.7571,-0.0003,0.5000,89.9679,-1.3135,-0.0276,-0.0004,-0.0005,-0.0050,-0.0149,-4.3668
8965,-87.7577,-0.0003,0.5000,89.7267,-1.3137,-0.0278,-0.0004,-0.0005,-0.0053,-0.0144,-4.5995
8967,-87.7583,-0.0003,0.5000,89.4878,-1.3138,-0.0280,-0.0004,-0.0006,-0.0055,-0.0140,-4.8294
8969,-87.7589,-0.0003,0.5000,89.2511,-1.3139,-0.0282,-0.0004,-0.0006,-0.0058,-0.0136,-5.0565
8971,-87.7595,-0.0003,0.5000,89.0167,-1.3139,-0.0284,-0.0004,-0.0006,-0.0060,-0.0133,-5.2808
8973,-87.7601,-0.0003,0.5000,88.7846,-1.3140,-0.0285,-0.0004,-0.0006,-0.0063,-0.0130,-5.5024
8975,-87.7607,-0.0003,0.5000,88.5546,-1.3141,-0.0287,-0.0004,-0.0007,-0.0065,-0.0127,-5.7214
8977,-87.7612,-0.0003,0.5000,88.3268,-1.3141,-0.0289,-0.0004,-0.0007,-0.0067,-0.0124,-5.9377
8979,-87.7618,-0.0003,0.5000,88.1012,-1.3142,-0.0291,-0.0004,-0.0007,-0.0070,-0.0121,-6.1514
8981,-87.7623,-0.0003,0.5000,87.8777,-1.3142,-0.0292,-0.0004,-0.0007,-0.0072,-0.0119,-6.3626
8983,-87.7629,-0.0003,0.5000,87.6564,-1.3142,-0.0294,-0.0004,-0.0008,-0.0074,-0.0116,-6.5712
8985,-87.7634,-0.0003,0.5000,87.4371,-1.3142,-0.0296,-0.0004,-0.0008,-0.0076,-0.0114,-6.7773
8987,-87.7640,-0.0003,0.5000,87.2199,-1.3143,-0.0297,-0.0004,-0.0008,-0.0078,-0.0112,-6.9810
8989,-87.7645,-0.0003,0.5000,87.0048,-1.3143,-0.0299,-0.0004,-0.0008,-0.0081,-0.0111,-7.1823
8991,-87.7650,-0.0003,0.5000,86.7917,-1.3143,-0.0300,-0.0004,-0.0009,-0.0083,-0.0109,-7.3812
8993,-87.7655,-0.0003,0.5000,86.5806,-1.3143,-0.0302,-0.0004,-0.0009,-0.0085,-0.0107,-7.5777
8995,-87.7660,-0.0003,0.5000,86.3715,-1.3143,-0.0304,-0.0004,-0.0009,-0.0087,-0.0106,-7.7719
8997,-87.7666,-0.0003,0.5000,86.1644,-1.3143,-0.0305,-0.0004,-0.0009,-0.0089,-0.0104,-7.9638
8999,-87.7670,-0.0002,0.5000,85.9592,-1.3142,-0.0307,-0.0004,-0.0009,-0.0091,-0.0103,-8.1534
9001,-87.7675,-0.0002,0.5000,85.7559,-1.3142,-0.0308,-0.0004,-0.0010,-0.0092,-0.0102,-8.3408
9003,-87.7680,-0.0002,0.5000,85.5546,-1.3142,-0.0310,-0.0004,-0.0010,-0.0094,-0.0101,-8.5261
9005,-87.7685,-0.0002,0.5000,85.3552,-1.3142,-0.0311,-0.0004,-0.0010,-0.0096,-0.0100,-8.7091
9007,-87.7690,-0.0002,0.5000,85.1576,-1.3141,-0.0313,-0.0004,-0.0010,-0.0098,-0.0099,-8.8900
9009,-87.7695,-0.0002,0.5000,84.9619,-1.3141,-0.0314,-0.0004,-0.0011,-0.0100,-0.0098,-9.0688
9011,-87.7699,-0.0002,0.5000,84.7680,-1.3141,-0.0316,-0.0004,-0.0011,-0.0102,-0.0097,-9.2455
9013,-87.7704,-0.0002,0.5000,84.5760,-1.3140,-0.0317,-0.0004,-0.0011,-0.0103,-0.0096,-9.4202
9015,-87.7708,-0.0002,0.5000,84.3857,-1.3140,-0.0319,-0.0004,-0.0011,-0.0105,-0.0096,-9.5928
9017,-87.7713,-0.0002,0.5000,84.1972,-1.3140,-0.0320,-0.0004,-0.0011,-0.0107,-0.0095,-9.7634
9019,-87.7717,-0.0002,0.5000,84.0105,-1.3139,-0.0322,-0.0004,-0.0012,-0.0108,-0.0094,-9.9321
9021,-87.7722,-0.0002,0.5000,83.8256,-1.3139,-0.0323,-0.0004,-0.0012,-0.0110,-0.0094,-10.0987
9023,-87.7726,-0.0002,0.5000,83.6423,-1.3138,-0.0324,-0.0004,-0.0012,-0.0111,-0.0093,-10.2635
9025,-87.7730,-0.0002,0.5000,83.4608,-1.3138,-0.0326,-0.0004,-0.0012,-0.0113,-0.0093,-10.4264
9027,-87.7734,-0.0002,0.5000,83.2810,-1.3137,-0.0327,-0.0004,-0.0012,-0.0115,-0.0092,-10.5874
9029,-87.7739,-0.0002,0.5000,83.1029,-1.3137,-0.0329,-0.0004,-0.0012,-0.0116,-0.0092,-10.7465
9031,-87.7743,-0.0002,0.5000,82.9264,-1.3136,-0.0330,-0.0004,-0.0013,-0.0117,-0.0091,-10.9038
9033,-87.7747,-0.0002,0.5000,82.7516,-1.3135,-0.0331,-0.0004,-0.0013,-0.0119,-0.0091,-11.0593
9035,-87.7751,-0.0002,0.5000,82.5784,-1.3135,-0.0333,-0.0004,-0.0013,-0.0120,-0.0091,-11.2131
9037,-87.7755,-0.0002,0.5000,82.4068,-1.3134,-0.0334,-0.0004,-0.0013,-0.0122,-0.0090,-11.3650
9039,-87.7759,-0.0002,0.5000,82.2368,-1.3134,-0.0335,-0.0004,-0.0013,-0.0123,-0.0090,-11.5153
9041,-87.7763,-0.0002,0.5000,82.0684,-1.3133,-0.0336,-0.0004,-0.0014,-0.0124,-0.0089,-11.6638
9043,-87.7767,-0.0002,0.5000,81.9016,-1.3133,-0.0338,-0.0004,-0.0014,-0.0126,-0.0089,-11.8106
9045,-87.7770,-0.0002,0.5000,81.7363,-1.3132,-0.0339,-0.0004,-0.0014,-0.0127,-0.0089,-11.9558
9047,-87.7774,-0.0002,0.5000,81.5726,-1.3131,-0.0340,-0.0004,-0.0014,-0.0128,-0.0089,-12.0993
9049,-87.7778,-0.0002,0.5000,81.4104,-1.3131,-0.0342,-0.0004,-0.0014,-0.0130,-0.0088,-12.2412
9051,-87.7782,-0.0002,0.5000,81.2497,-1.3130,-0.0343,-0.0004,-0.0014,-0.0131,-0.0088,-12.3815
9053,-87.7785,-0.0002,0.5000,81.0905,-1.3130,-0.0344,-0.0004,-0.0015,-0.0132,-0.0088,-12.5202
9055,-87.7789,-0.0002,0.5000,80.9327,-1.3129,-0.0345,-0.0004,-0.0015,-0.0133,-0.0088,-12.6573
9057,-87.7792,-0.0002,0.5000,80.7765,-1.3128,-0.0346,-0.0004,-0.0015,-0.0134,-0.0087,-12.7929
9059,-87.7796,-0.0002,0.5000,80.6217,-1.3128,-0.0348,-0.0004,-0.0015,-0.0136,-0.0087,-12.9269
9061,-87.7799,-0.0002,0.5000,80.4683,-1.3127,-0.0349,-0.0004,-0.0015,-0.0137,-0.0087,-13.0595
9063,-87.7803,-0.0002,0.5000,80.3163,-1.3126,-0.0350,-0.0004,-0.0015,-0.0138,-0.0087,-13.1905
9065,-87.7806,-0.0002,0.5000,80.1658,-1.3126,-0.0351,-0.0004,-0.0016,-0.0139,-0.0087,-13.3201
9067,-87.7810,-0.0002,0.5000,80.0166,-1.3125,-0.0352,-0.0004,-0.0016,-0.0140,-0.0086,-13.4482
9069,-87.7813,-0.0002,0.5000,79.8689,-1.3125,-0.0353,-0.0004,-0.0016,-0.0141,-0.0086,-13.5749
9071,-87.7816,-0.0002,0.5000,79.7225,-1.3124,-0.0355,-0.0004,-0.0016,-0.0142,-0.0086,-13.7002
9073,-87.7819,-0.0002,0.5000,79.5775,-1.3123,-0.0356,-0.0004,-0.0016,-0.0143,-0.0086,-13.8241
9075,-87.7823,-0.0002,0.5000,79.4338,-1.3123,-0.0357,-0.0004,-0.0016,-0.0144,-0.0086,-13.9466
9077,-87.7826,-0.0002,0.5000,79.2914,-1.3122,-0.0358,-0.0004,-0.0016,-0.0145,-0.0086,-14.0677
9079,-87.7829,-0.0002,0.5000,79.1504,-1.3122,-0.0359,-0.0004,-0.0017,-0.0146,-0.0085,-14.1874
9081,-87.7832,-0.0002,0.5000,79.0107,-1.3121,-0.0360,-0.0004,-0.0017,-0.0147,-0.0085,-14.3059
9083,-87.7835,-0.0002,0.5000,78.8722,-1.3120,-0.0361,-0.0004,-0.0017,-0.0148,-0.0085,-14.4230
9085,-87.7838,-0.0002,0.5000,78.7351,-1.3120,-0.0362,-0.0004,-0.0017,-0.0149,-0.0085,-14.5388
9087,-87.7841,-0.0002,0.5000,78.5992,-1.3119,-0.0363,-0.0004,-0.0017,-0.0150,-0.0085,-14.6534
9089,-87.7844,-0.0001,0.5000,78.4646,-1.3118,-0.0364,-0.0004,-0.0017,-0.0151,-0.0085,-14.7666
9091,-87.7847,-0.0001,0.5000,78.3312,-1.3118,-0.0365,-0.0004,-0.0017,-0.0152,-0.0085,-14.8787
9093,-87.7850,-0.0001,0.5000,78.1991,-1.3117,-0.0366,-0.0004,-0.0018,-0.0152,-0.0084,-14.9894
9095,-87.7853,-0.0001,0.5000,78.0682,-1.3117,-0.0367,-0.0004,-0.0018,-0.0153,-0.0084,-15.0990
9097,-87.7856,-0.0001,0.5000,77.9385,-1.3116,-0.0368,-0.0004,-0.0018,-0.0154,-0.0084,-15.2073
9099,-87.7859,-0.0001,0.5000,77.8100,-1.3116,-0.0369,-0.0004,-0.0018,-0.0155,-0.0084,-15.3145
9101,-87.7862,-0.0001,0.5000,77.6826,-1.3115,-0.0370,-0.0004,-0.0018,-0.0156,-0.0084,-15.4204
9103,-87.7864,-0.0001,0.5000,77.5565,-1.3114,-0.0371,-0.0004,-0.0018,-0.0156,-0.0084,-15.5252
9105,-87.7867,-0.0001,0.5000,77.4316,-1.3114,-0.0372,-0.0004,-0.0018,-0.0157,-0.0084,-15.6289
9107,-87.7870,-0.0001,0.5000,77.3077,-1.3113,-0.0373,-0.0004,-0.0018,-0.0158,-0.0084,-15.7314
9109,-87.7872,-0.0001,0.5000,77.1851,-1.3113,-0.0374,-0.0004,-0.0019,-0.0159,-0.0084,-15.8328
9111,-87.7875,-0.0001,0.5000,77.0636,-1.3112,-0.0375,-0.0004,-0.0019,-0.0159,-0.0083,-15.9331
9113,-87.7878,-0.0001,0.5000,76.9432,-1.3112,-0.0376,-0.0004,-0.0019,-0.0160,-0.0083,-16.0322
9115,-87.7880,-0.0001,0.5000,76.8239,-1.3111,-0.0377,-0.0004,-0.0019,-0.0161,-0.0083,-16.1303
9117,-87.7883,-0.0001,0.5000,76.7057,-1.3110,-0.0378,-0.0004,-0.0019,-0.0161,-0.0083,-16.2273
9119,-87.7885,-0.0001,0.5000,76.5886,-1.3110,-0.0379,-0.0004,-0.0019,-0.0162,-0.0083,-16.3233
9121,-87.7888,-0.0001,0.5000,76.4726,-1.3109,-0.0380,-0.0004,-0.0019,-0.0163,-0.0083,-16.4182
9123,-87.7890,-0.0001,0.5000,76.3577,-1.3109,-0.0381,-0.0004,-0.0019,-0.0163,-0.0083,-16.5121
9125,-87.7893,-0.0001,0.5000,76.2438,-1.3108,-0.0382,-0.0004,-0.0020,-0.0164,-0.0083,-16.6049
9127,-87.7895,-0.0001,0.5000,76.1310,-1.3108,-0.0383,-0.0004,-0.0020,-0.0164,-0.0083,-16.6968
9129,-87.7898,-0.0001,0.5000,76.0193,-1.3107,-0.0384,-0.0004,-0.0020,-0.0165,-0.0082,-16.7876
9131,-87.7900,-0.0001,0.5000,75.9085,-1.3107,-0.0384,-0.0004,-0.0020,-0.0166,-0.0082,-16.8774
9133,-87.7902,-0.0001,0.5000,75.7988,-1.3106,-0.0385,-0.0004,-0.0020,-0.0166,-0.0082,-16.9663
9135,-87.7905,-0.0001,0.5000,75.6901,-1.3106,-0.0386,-0.0004,-0.0020,-0.0167,-0.0082,-17.0542
9137,-87.7907,-0.0001,0.5000,75.5825,-1.3105,-0.0387,-0.0004,-0.0020,-0.0167,-0.0082,-17.1412
9139,-87.7909,-0.0001,0.5000,75.4758,-1.3105,-0.0388,-0.0004,-0.0020,-0.0168,-0.0082,-17.2272
9141,-87.7911,-0.0001,0.5000,75.3701,-1.3104,-0.0389,-0.0004,-0.0020,-0.0168,-0.0082,-17.3123
9143,-87.7914,-0.0001,0.5000,75.2654,-1.3104,-0.0389,-0.0004,-0.0021,-0.0169,-0.0082,-17.3964
9145,-87.7916,-0.0001,0.5000,75.1617,-1.3103,-0.0390,-0.0004,-0.0021,-0.0169,-0.0082,-17.4797
9147,-87.7918,-0.0001,0.5000,75.0589,-1.3103,-0.0391,-0.0004,-0.0021,-0.0170,-0.0082,-17.5620
9149,-87.7920,-0.0001,0.5000,74.9571,-1.3102,-0.0392,-0.0004,-0.0021,-0.0170,-0.0081,-17.6435
9151,-87.7922,-0.0001,0.5000,74.8562,-1.3102,-0.0393,-0.0004,-0.0021,-0.0171,-0.0081,-17.7241
9153,-87.7924,-0.0001,0.5000,74.7563,-1.3101,-0.0394,-0.0004,-0.0021,-0.0171,-0.0081,-17.8038
9155,-87.7927,-0.0001,0.5000,74.6573,-1.3101,-0.0394,-0.0004,-0.0021,-0.0172,-0.0081,-17.8826
9157,-87.7929,-0.0001,0.5000,74.5592,-1.3100,-0.0395,-0.0004,-0.0021,-0.0172,-0.0081,-17.9606
9159,-87.7931,-0.0001,0.5000,74.4621,-1.3100,-0.0396,-0.0004,-0.0021,-0.0173,-0.0081,-18.0378
9161,-87.7933,-0.0001,0.5000,74.3658,-1.3099,-0.0397,-0.0004,-0.0021,-0.0173,-0.0081,-18.1141
9163,-87.7935,-0.0001,0.5000,74.2704,-1.3099,-0.0397,-0.0004,-0.0022,-0.0173,-0.0081,-18.1896
9165,-87.7937,-0.0001,0.5000,74.1760,-1.3099,-0.0398,-0.0004,-0.0022,-0.0174,-0.0081,-18.2643
9167,-87.7939,-0.0001,0.5000,74.0824,-1.3098,-0.0399,-0.0004,-0.0022,-0.0174,-0.0081,-18.3382
9169,-87.7940,-0.0001,0.5000,73.9897,-1.3098,-0.0400,-0.0004,-0.0022,-0.0175,-0.0081,-18.4113
9171,-87.7942,-0.0001,0.5000,73.8978,-1.3097,-0.0400,-0.0004,-0.0022,-0.0175,-0.0080,-18.4836
9173,-87.7944,-0.0001,0.5000,73.8068,-1.3097,-0.0401,-0.0004,-0.0022,-0.0175,-0.0080,-18.5551
9175,-87.7946,-0.0001,0.5000,73.7167,-1.3096,-0.0402,-0.0004,-0.0022,-0.0176,-0.0080,-18.6259
9177,-87.7948,-0.0001,0.5000,73.6273,-1.3096,-0.0403,-0.0004,-0.0022,-0.0176,-0.0080,-18.6959
9179,-87.7950,-0.0001,0.5000,73.5389,-1.3096,-0.0403,-0.0004,-0.0022,-0.0176,-0.0080,-18.7651
9181,-87.7952,-0.0001,0.5000,73.4512,-1.3095,-0.0404,-0.0004,-0.0022,-0.0177,-0.0080,-18.8336
9183,-87.7953,-0.0001,0.5000,73.3644,-1.3095,-0.0405,-0.0004,-0.0022,-0.0177,-0.0080,-18.9014
9185,-87.7955,-0.0001,0.5000,73.2784,-1.3094,-0.0405,-0.0004,-0.0022,-0.0177,-0.0080,-18.9684
9187,-87.7957,-0.0001,0.5000,73.1932,-1.3094,-0.0406,-0.0004,-0.0023,-0.0178,-0.0080,-19.0348
9189,-87.7959,-0.0001,0.5000,73.1088,-1.3094,-0.0407,-0.0004,-0.0023,-0.0178,-0.0080,-19.1004
9191,-87.7961,-0.0001,0.5000,73.0252,-1.3093,-0.0407,-0.0004,-0.0023,-0.0178,-0.0080,-19.1653
9193,-87.7962,-0.0001,0.5000,72.9423,-1.3093,-0.0408,-0.0004,-0.0023,-0.0178,-0.0079,-19.2295
9195,-87.7964,-0.0001,0.5000,72.8603,-1.3092,-0.0409,-0.0004,-0.0023,-0.0179,-0.0079,-19.2931
9197,-87.7966,-0.0001,0.5000,72.7790,-1.3092,-0.0409,-0.0004,-0.0023,-0.0179,-0.0079,-19.3559
9199,-87.7967,-0.0001,0.5000,72.6985,-1.3092,-0.0410,-0.0004,-0.0023,-0.0179,-0.0079,-19.4181
9201,-87.7969,-0.0001,0.5000,72.6187,-1.3091,-0.0411,-0.0004,-0.0023,-0.0179,-0.0079,-19.4796
9203,-87.7970,-0.0001,0.5000,72.5397,-1.3091,-0.0411,-0.0004,-0.0023,-0.0180,-0.0079,-19.5405
9205,-87.7972,-0.0001,0.5000,72.4615,-1.3091,-0.0412,-0.0004,-0.0023,-0.0180,-0.0079,-19.6007
9207,-87.7974,-0.0001,0.5000,72.3839,-1.3090,-0.0413,-0.0004,-0.0023,-0.0180,-0.0079,-19.6602
9209,-87.7975,-0.0001,0.5000,72.3071,-1.3090,-0.0413,-0.0004,-0.0023,-0.0180,-0.0079,-19.7192
9211,-87.7977,-0.0001,0.5000,72.2311,-1.3089,-0.0414,-0.0004,-0.0024,-0.0181,-0.0079,-19.7775
9213,-87.7978,-0.0001,0.5000,72.1557,-1.3089,-0.0415,-0.0004,-0.0024,-0.0181,-0.0079,-19.8351
9215,-87.7980,-0.0001,0.5000,72.0811,-1.3089,-0.0415,-0.0004,-0.0024,-0.0181,-0.0079,-19.8922
9217,-87.7981,-0.0001,0.5000,72.0071,-1.3088,-0.0416,-0.0004,-0.0024,-0.0181,-0.0078,-19.9486
9219,-87.7983,-0.0001,0.5000,71.9339,-1.3088,-0.0416,-0.0004,-0.0024,-0.0181,-0.0078,-20.0045
9221,-87.7984,-0.0001,0.5000,71.8614,-1.3088,-0.0417,-0.0004,-0.0024,-0.0181,-0.0078,-20.0597
9223,-87.7986,-0.0001,0.5000,71.7895,-1.3087,-0.0418,-0.0004,-0.0024,-0.0182,-0.0078,-20.1144
9225,-87.7987,-0.0001,0.5000,71.7184,-1.3087,-0.0418,-0.0004,-0.0024,-0.0182,-0.0078,-20.1685
9227,-87.7989,-0.0001,0.5000,71.6479,-1.3087,-0.0419,-0.0004,-0.0024,-0.0182,-0.0078,-20.2220
9229,-87.7990,-0.0001,0.5000,71.5781,-1.3086,-0.0419,-0.0004,-0.0024,-0.0182,-0.0078,-20.2749
9231,-87.7991,-0.0001,0.5000,71.5089,-1.3086,-0.0420,-0.0004,-0.0024,-0.0182,-0.0078,-20.3272
9233,-87.7993,-0.0001,0.5000,71.4404,-1.3086,-0.0420,-0.0004,-0.0024,-0.0182,-0.0078,-20.3790
9235,-87.7994,-0.0001,0.5000,71.3726,-1.3085,-0.0421,-0.0004,-0.0024,-0.0183,-0.0078,-20.4303
9237,-87.7996,-0.0001,0.5000,71.3054,-1.3085,-0.0422,-0.0004,-0.0024,-0.0183,-0.0078,-20.4810
9239,-87.7997,-0.0001,0.5000,71.2388,-1.3085,-0.0422,-0.0004,-0.0024,-0.0183,-0.0078,-20.5311
9241,-87.7998,-0.0001,0.5000,71.1729,-1.3085,-0.0423,-0.0004,-0.0025,-0.0183,-0.0077,-20.5807
9243,-87.8000,-0.0001,0.5000,71.1077,-1.3084,-0.0423,-0.0004,-0.0025,-0.0183,-0.0077,-20.6298
9245,-87.8001,-0.0001,0.5000,71.0430,-1.3084,-0.0424,-0.0004,-0.0025,-0.0183,-0.0077,-20.6784
9247,-87.8002,-0.0001,0.5000,70.9790,-1.3084,-0.0424,-0.0004,-0.0025,-0.0183,-0.0077,-20.7264
9249,-87.8003,-0.0001,0.5000,70.9156,-1.3083,-0.0425,-0.0004,-0.0025,-0.0183,-0.0077,-20.7739
9251,-87.8005,-0.0001,0.5000,70.8527,-1.3083,-0.0425,-0.0004,-0.0025,-0.0183,-0.0077,-20.8210
9253,-87.8006,-0.0001,0.5000,70.7905,-1.3083,-0.0426,-0.0004,-0.0025,-0.0184,-0.0077,-20.8675
9255,-87.8007,-0.0001,0.5000,70.7289,-1.3083,-0.0426,-0.0004,-0.0025,-0.0184,-0.0077,-20.9135
9257,-87.8008,-0.0001,0.5000,70.6679,-1.3082,-0.0427,-0.0004,-0.0025,-0.0184,-0.0077,-20.9590
9259,-87.8010,-0.0001,0.5000,70.6075,-1.3082,-0.0427,-0.0004,-0.0025,-0.0184,-0.0077,-21.0040
9261,-87.8011,-0.0001,0.5000,70.5477,-1.3082,-0.0428,-0.0004,-0.0025,-0.0184,-0.0077,-21.0486
9263,-87.8012,-0.0001,0.5000,70.4884,-1.3081,-0.0429,-0.0004,-0.0025,-0.0184,-0.0077,-21.0926
9265,-87.8013,-0.0001,0.5000,70.4298,-1.3081,-0.0429,-0.0004,-0.0025,-0.0184,-0.0076,-21.1362
9267,-87.8014,-0.0001,0.5000,70.3717,-1.3081,-0.0430,-0.0004,-0.0025,-0.0184,-0.0076,-21.1794
9269,-87.8015,-0.0001,0.5000,70.3141,-1.3081,-0.0430,-0.0004,-0.0025,-0.0184,-0.0076,-21.2220
9271,-87.8017,-0.0001,0.5000,70.2571,-1.3080,-0.0430,-0.0004,-0.0025,-0.0184,-0.0076,-21.2642
9273,-87.8018,-0.0001,0.5000,70.2007,-1.3080,-0.0431,-0.0004,-0.0026,-0.0184,-0.0076,-21.3060
9275,-87.8019,-0.0001,0.5000,70.1448,-1.3080,-0.0431,-0.0004,-0.0026,-0.0184,-0.0076,-21.3473
9277,-87.8020,-0.0001,0.5000,70.0895,-1.3080,-0.0432,-0.0004,-0.0026,-0.0184,-0.0076,-21.3881
9279,-87.8021,-0.0001,0.5000,70.0347,-1.3079,-0.0432,-0.0004,-0.0026,-0.0184,-0.0076,-21.4285
9281,-87.8022,-0.0001,0.5000,69.9805,-1.3079,-0.0433,-0.0004,-0.0026,-0.0184,-0.0076,-21.4685
9283,-87.8023,-0.0001,0.5000,69.9267,-1.3079,-0.0433,-0.0004,-0.0026,-0.0184,-0.0076,-21.5081
9285,-87.8024,-0.0001,0.5000,69.8736,-1.3079,-0.0434,-0.0004,-0.0026,-0.0184,-0.0076,-21.5472
9287,-87.8025,-0.0001,0.5000,69.8209,-1.3078,-0.0434,-0.0004,-0.0026,-0.0184,-0.0076,-21.5859
9289,-87.8026,-0.0001,0.5000,69.7687,-1.3078,-0.0435,-0.0004,-0.0026,-0.0184,-0.0075,-21.6241
9291,-87.8027,-0.0001,0.5000,69.7171,-1.3078,-0.0435,-0.0004,-0.0026,-0.0184,-0.0075,-21.6620
9293,-87.8028,-0.0001,0.5000,69.6660,-1.3078,-0.0436,-0.0004,-0.0026,-0.0184,-0.0075,-21.6994
9295,-87.8029,-0.0000,0.5000,69.6154,-1.3078,-0.0436,-0.0004,-0.0026,-0.0184,-0.0075,-21.7365
9297,-87.8030,-0.0000,0.5000,69.5653,-1.3077,-0.0437,-0.0004,-0.0026,-0.0184,-0.0075,-21.7731
9299,-87.8031,-0.0000,0.5000,69.5157,-1.3077,-0.0437,-0.0004,-0.0026,-0.0184,-0.0075,-21.8094
9301,-87.8032,-0.0000,0.5000,69.4665,-1.3077,-0.0437,-0.0004,-0.0026,-0.0184,-0.0075,-21.8452
9303,-87.8033,-0.0000,0.5000,69.4179,-1.3077,-0.0438,-0.0004,-0.0026,-0.0184,-0.0075,-21.8807
9305,-87.8034,-0.0000,0.5000,69.3698,-1.3076,-0.0438,-0.0004,-0.0026,-0.0184,-0.0075,-21.9157
9307,-87.8035,-0.0000,0.5000,69.3221,-1.3076,-0.0439,-0.0004,-0.0026,-0.0184,-0.0075,-21.9504
9309,-87.8036,-0.0000,0.5000,69.2749,-1.3076,-0.0439,-0.0004,-0.0026,-0.0184,-0.0075,-21.9847
9311,-87.8037,-0.0000,0.5000,69.2282,-1.3076,-0.0440,-0.0004,-0.0026,-0.0184,-0.0075,-22.0187
9313,-87.8038,-0.0000,0.5000,69.1820,-1.3076,-0.0440,-0.0004,-0.0027,-0.0184,-0.0075,-22.0522
9315,-87.8039,-0.0000,0.5000,69.1362,-1.3075,-0.0440,-0.0004,-0.0027,-0.0184,-0.0074,-22.0854
9317,-87.8040,-0.0000,0.5000,69.0909,-1.3075,-0.0441,-0.0004,-0.0027,-0.0184,-0.0074,-22.1183
9319,-87.8041,-0.0000,0.5000,69.0460,-1.3075,-0.0441,-0.0004,-0.0027,-0.0184,-0.0074,-22.1507
9321,-87.8041,-0.0000,0.5000,69.0016,-1.3075,-0.0442,-0.0004,-0.0027,-0.0184,-0.0074,-22.1828
9323,-87.8042,-0.0000,0.5000,68.9577,-1.3075,-0.0442,-0.0004,-0.0027,-0.0184,-0.0074,-22.2146
9325,-87.8043,-0.0000,0.5000,68.9142,-1.3074,-0.0442,-0.0004,-0.0027,-0.0184,-0.0074,-22.2460
9327,-87.8044,-0.0000,0.5000,68.8711,-1.3074,-0.0443,-0.0004,-0.0027,-0.0184,-0.0074,-22.2771
9329,-87.8045,-0.0000,0.5000,68.8285,-1.3074,-0.0443,-0.0004,-0.0027,-0.0184,-0.0074,-22.3078
9331,-87.8046,-0.0000,0.5000,68.7863,-1.3074,-0.0444,-0.0004,-0.0027,-0.0183,-0.0074,-22.3381
9333,-87.8046,-0.0000,0.5000,68.7446,-1.3074,-0.0444,-0.0004,-0.0027,-0.0183,-0.0074,-22.3682
9335,-87.8047,-0.0000,0.5000,68.7032,-1.3074,-0.0444,-0.0004,-0.0027,-0.0183,-0.0074,-22.3979
9337,-87.8048,-0.0000,0.5000,68.6623,-1.3073,-0.0445,-0.0004,-0.0027,-0.0183,-0.0074,-22.4273
9339,-87.8049,-0.0000,0.5000,68.6218,-1.3073,-0.0445,-0.0004,-0.0027,-0.0183,-0.0074,-22.4563
9341,-87.8050,-0.0000,0.5000,68.5818,-1.3073,-0.0445,-0.0004,-0.0027,-0.0183,-0.0073,-22.4850
9343,-87.8050,-0.0000,0.5000,68.5421,-1.3073,-0.0446,-0.0004,-0.0027,-0.0183,-0.0073,-22.5134
9345,-87.8051,-0.0000,0.5000,68.5029,-1.3073,-0.0446,-0.0004,-0.0027,-0.0183,-0.0073,-22.5415
9347,-87.8052,-0.0000,0.5000,68.4641,-1.3072,-0.0446,-0.0004,-0.0027,-0.0183,-0.0073,-22.5693
9349,-87.8053,-0.0000,0.5000,68.4257,-1.3072,-0.0447,-0.0004,-0.0027,-0.0183,-0.0073,-22.5967
9351,-87.8053,-0.0000,0.5000,68.3876,-1.3072,-0.0447,-0.0004,-0.0027,-0.0183,-0.0073,-22.6239
9353,-87.8054,-0.0000,0.5000,68.3500,-1.3072,-0.0448,-0.0004,-0.0027,-0.0183,-0.0073,-22.6507
9355,-87.8055,-0.0000,0.5000,68.3128,-1.3072,-0.0448,-0.0004,-0.0027,-0.0182,-0.0073,-22.6773
9357,-87.8056,-0.0000,0.5000,68.2759,-1.3072,-0.0448,-0.0004,-0.0027,-0.0182,-0.0073,-22.7035
9359,-87.8056,-0.0000,0.5000,68.2395,-1.3071,-0.0449,-0.0004,-0.0027,-0.0182,-0.0073,-22.7295
9361,-87.8057,-0.0000,0.5000,68.2034,-1.3071,-0.0449,-0.0004,-0.0028,-0.0182,-0.0073,-22.7551
9363,-87.8058,-0.0000,0.5000,68.1678,-1.3071,-0.0449,-0.0004,-0.0028,-0.0182,-0.0073,-22.7805
9365,-87.8058,-0.0000,0.5000,68.1324,-1.3071,-0.0450,-0.0004,-0.0028,-0.0182,-0.0073,-22.8055
9367,-87.8059,-0.0000,0.5000,68.0975,-1.3071,-0.0450,-0.0004,-0.0028,-0.0182,-0.0073,-22.8303
9369,-87.8060,-0.0000,0.5000,68.0630,-1.3071,-0.0450,-0.0004,-0.0028,-0.0182,-0.0072,-22.8548
9371,-87.8060,-0.0000,0.5000,68.0288,-1.3071,-0.0451,-0.0004,-0.0028,-0.0182,-0.0072,-22.8790
9373,-87.8061,-0.0000,0.5000,67.9950,-1.3070,-0.0451,-0.0004,-0.0028,-0.0181,-0.0072,-22.9030
9375,-87.8062,-0.0000,0.5000,67.9615,-1.3070,-0.0451,-0.0004,-0.0028,-0.0181,-0.0072,-22.9266
9377,-87.8062,-0.0000,0.5000,67.9284,-1.3070,-0.0452,-0.0004,-0.0028,-0.0181,-0.0072,-22.9500
9379,-87.8063,-0.0000,0.5000,67.8957,-1.3070,-0.0452,-0.0004,-0.0028,-0.0181,-0.0072,-22.9732
9381,-87.8064,-0.0000,0.5000,67.8633,-1.3070,-0.0452,-0.0004,-0.0028,-0.0181,-0.0072,-22.9960
9383,-87.8064,-0.0000,0.5000,67.8313,-1.3070,-0.0453,-0.0004,-0.0028,-0.0181,-0.0072,-23.0186
9385,-87.8065,-0.0000,0.5000,67.7996,-1.3070,-0.0453,-0.0004,-0.0028,-0.0181,-0.0072,-23.0409
9387,-87.8066,-0.0000,0.5000,67.7682,-1.3069,-0.0453,-0.0004,-0.0028,-0.0180,-0.0072,-23.0630
9389,-87.8066,-0.0000,0.5000,67.7372,-1.3069,-0.0454,-0.0004,-0.0028,-0.0180,-0.0072,-23.0848
9391,-87.8067,-0.0000,0.5000,67.7066,-1.3069,-0.0454,-0.0004,-0.0028,-0.0180,-0.0072,-23.1063
9393,-87.8067,-0.0000,0.5000,67.6763,-1.3069,-0.0454,-0.0004,-0.0028,-0.0180,-0.0072,-23.1276
9395,-87.8068,-0.0000,0.5000,67.6463,-1.3069,-0.0454,-0.0004,-0.0028,-0.0180,-0.0071,-23.1487
9397,-87.8069,-0.0000,0.5000,67.6166,-1.3069,-0.0455,-0.0004,-0.0028,-0.0180,-0.0071,-23.1695
9399,-87.8069,-0.0000,0.5000,67.5873,-1.3069,-0.0455,-0.0004,-0.0028,-0.0180,-0.0071,-23.1900
9401,-87.8070,-0.0000,0.5000,67.5583,-1.3069,-0.0455,-0.0004,-0.0028,-0.0179,-0.0071,-23.2103
9403,-87.8070,-0.0000,0.5000,67.5297,-1.3068,-0.0456,-0.0004,-0.0028,-0.0179,-0.0071,-23.2304
9405,-87.8071,-0.0000,0.5000,67.5013,-1.3068,-0.0456,-0.0004,-0.0028,-0.0179,-0.0071,-23.2502
9407,-87.8071,-0.0000,0.5000,67.4733,-1.3068,-0.0456,-0.0004,-0.0028,-0.0179,-0.0071,-23.2698
9409,-87.8072,-0.0000,0.5000,67.4456,-1.3068,-0.0456,-0.0004,-0.0028,-0.0179,-0.0071,-23.2892
9411,-87.8072,-0.0000,0.5000,67.4182,-1.3068,-0.0457,-0.0004,-0.0028,-0.0179,-0.0071,-23.3083
9413,-87.8073,-0.0000,0.5000,67.3911,-1.3068,-0.0457,-0.0004,-0.0028,-0.0179,-0.0071,-23.3272
9415,-87.8073,-0.0000,0.5000,67.3643,-1.3068,-0.0457,-0.0004,-0.0028,-0.0178,-0.0071,-23.3458
9417,-87.8074,-0.0000,0.5000,67.3378,-1.3068,-0.0458,-0.0004,-0.0028,-0.0178,-0.0071,-23.3643
9419,-87.8074,-0.0000,0.5000,67.3117,-1.3068,-0.0458,-0.0004,-0.0028,-0.0178,-0.0071,-23.3825
9421,-87.8075,-0.0000,0.5000,67.2858,-1.3067,-0.0458,-0.0004,-0.0028,-0.0178,-0.0071,-23.4005
9423,-87.8075,-0.0000,0.5000,67.2602,-1.3067,-0.0458,-0.0004,-0.0029,-0.0178,-0.0070,-23.4182
9425,-87.8076,-0.0000,0.5000,67.2350,-1.3067,-0.0459,-0.0004,-0.0029,-0.0178,-0.0070,-23.4358
9427,-87.8076,-0.0000,0.5000,67.2100,-1.3067,-0.0459,-0.0004,-0.0029,-0.0177,-0.0070,-23.4531
9429,-87.8077,-0.0000,0.5000,67.1853,-1.3067,-0.0459,-0.0004,-0.0029,-0.0177,-0.0070,-23.4702
9431,-87.8077,-0.0000,0.5000,67.1609,-1.3067,-0.0460,-0.0004,-0.0029,-0.0177,-0.0070,-23.4871
9433,-87.8078,-0.0000,0.5000,67.1368,-1.3067,-0.0460,-0.0004,-0.0029,-0.0177,-0.0070,-23.5038
9435,-87.8078,-0.0000,0.5000,67.1130,-1.3067,-0.0460,-0.0004,-0.0029,-0.0177,-0.0070,-23.5203
9437,-87.8079,-0.0000,0.5000,67.0894,-1.3067,-0.0460,-0.0004,-0.0029,-0.0176,-0.0070,-23.5366
9439,-87.8079,-0.0000,0.5000,67.0662,-1.3067,-0.0461,-0.0004,-0.0029,-0.0176,-0.0070,-23.5527
9441,-87.8080,-0.0000,0.5000,67.0432,-1.3066,-0.0461,-0.0004,-0.0029,-0.0176,-0.0070,-23.5685
9443,-87.8080,-0.0000,0.5000,67.0205,-1.3066,-0.0461,-0.0004,-0.0029,-0.0176,-0.0070,-23.5842
9445,-87.8081,-0.0000,0.5000,66.9980,-1.3066,-0.0461,-0.0004,-0.0029,-0.0176,-0.0070,-23.5997
9447,-87.8081,-0.0000,0.5000,66.9759,-1.3066,-0.0462,-0.0004,-0.0029,-0.0176,-0.0070,-23.6149
9449,-87.8082,-0.0000,0.5000,66.9540,-1.3066,-0.0462,-0.0004,-0.0029,-0.0175,-0.0070,-23.6300
9451,-87.8082,-0.0000,0.5000,66.9323,-1.3066,-0.0462,-0.0004,-0.0029,-0.0175,-0.0069,-23.6449
9453,-87.8082,-0.0000,0.5000,66.9110,-1.3066,-0.0462,-0.0004,-0.0029,-0.0175,-0.0069,-23.6596
9455,-87.8083,-0.0000,0.5000,66.8899,-1.3066,-0.0463,-0.0004,-0.0029,-0.0175,-0.0069,-23.6741
9457,-87.8083,-0.0000,0.5000,66.8690,-1.3066,-0.0463,-0.0004,-0.0029,-0.0175,-0.0069,-23.6884
9459,-87.8084,-0.0000,0.5000,66.8484,-1.3066,-0.0463,-0.0004,-0.0029,-0.0174,-0.0069,-23.7025
9461,-87.8084,-0.0000,0.5000,66.8281,-1.3066,-0.0463,-0.0004,-0.0029,-0.0174,-0.0069,-23.7164
9463,-87.8084,-0.0000,0.5000,66.8080,-1.3065,-0.0464,-0.0004,-0.0029,-0.0174,-0.0069,-23.7302
9465,-87.8085,-0.0000,0.5000,66.7882,-1.3065,-0.0464,-0.0004,-0.0029,-0.0174,-0.0069,-23.7438
9467,-87.8085,-0.0000,0.5000,66.7687,-1.3065,-0.0464,-0.0004,-0.0029,-0.0174,-0.0069,-23.7571
9469,-87.8086,-0.0000,0.5000,66.7493,-1.3065,-0.0464,-0.0004,-0.0029,-0.0173,-0.0069,-23.7703
9471,-87.8086,-0.0000,0.5000,66.7303,-1.3065,-0.0464,-0.0004,-0.0029,-0.0173,-0.0069,-23.7834
9473,-87.8086,-0.0000,0.5000,66.7114,-1.3065,-0.0465,-0.0004,-0.0029,-0.0173,-0.0069,-23.7962
9475,-87.8087,-0.0000,0.5000,66.6928,-1.3065,-0.0465,-0.0004,-0.0029,-0.0173,-0.0069,-23.8089
9477,-87.8087,-0.0000,0.5000,66.6745,-1.3065,-0.0465,-0.0004,-0.0029,-0.0173,-0.0069,-23.8214
9479,-87.8087,-0.0000,0.5000,66.6564,-1.3065,-0.0465,-0.0004,-0.0029,-0.0172,-0.0069,-23.8337
9481,-87.8088,-0.0000,0.5000,66.6385,-1.3065,-0.0466,-0.0004,-0.0029,-0.0172,-0.0068,-23.8459
9483,-87.8088,-0.0000,0.5000,66.6209,-1.3065,-0.0466,-0.0004,-0.0029,-0.0172,-0.0068,-23.8579
9485,-87.8088,-0.0000,0.5000,66.6034,-1.3065,-0.0466,-0.0004,-0.0029,-0.0172,-0.0068,-23.8697
9487,-87.8089,-0.0000,0.5000,66.5863,-1.3065,-0.0466,-0.0004,-0.0029,-0.0172,-0.0068,-23.8814
9489,-87.8089,-0.0000,0.5000,66.5693,-1.3064,-0.0466,-0.0004,-0.0029,-0.0171,-0.0068,-23.8929
9491,-87.8090,-0.0000,0.5000,66.5526,-1.3064,-0.0467,-0.0004,-0.0029,-0.0171,-0.0068,-23.9042
9493,-87.8090,-0.0000,0.5000,66.5361,-1.3064,-0.0467,-0.0004,-0.0029,-0.0171,-0.0068,-23.9154
9495,-87.8090,-0.0000,0.5000,66.5198,-1.3064,-0.0467,-0.0004,-0.0029,-0.0171,-0.0068,-23.9264
9497,-87.8090,-0.0000,0.5000,66.5038,-1.3064,-0.0467,-0.0004,-0.0029,-0.0171,-0.0068,-23.9372
9499,-87.8091,-0.0000,0.5000,66.4880,-1.3064,-0.0468,-0.0004,-0.0029,-0.0170,-0.0068,-23.9479
9501,-87.8091,-0.0000,0.5000,66.4723,-1.3064,-0.0468,-0.0004,-0.0029,-0.0170,-0.0068,-23.9585
9503,-87.8091,-0.0000,0.5000,66.4569,-1.3064,-0.0468,-0.0004,-0.0029,-0.0170,-0.0068,-23.9689
9505,-87.8092,-0.0000,0.5000,66.4418,-1.3064,-0.0468,-0.0004,-0.0029,-0.0170,-0.0068,-23.9791
9507,-87.8092,-0.0000,0.5000,66.4268,-1.3064,-0.0468,-0.0004,-0.0029,-0.0170,-0.0068,-23.9892
9509,-87.8092,-0.0000,0.5000,66.4120,-1.3064,-0.0469,-0.0004,-0.0029,-0.0169,-0.0068,-23.9991
9511,-87.8093,-0.0000,0.5000,66.3975,-1.3064,-0.0469,-0.0004,-0.0029,-0.0169,-0.0067,-24.0089
9513,-87.8093,-0.0000,0.5000,66.3832,-1.3064,-0.0469,-0.0004,-0.0030,-0.0169,-0.0067,-24.0185
9515,-87.8093,-0.0000,0.5000,66.3690,-1.3064,-0.0469,-0.0004,-0.0030,-0.0169,-0.0067,-24.0280
9517,-87.8094,-0.0000,0.5000,66.3551,-1.3064,-0.0469,-0.0004,-0.0030,-0.0168,-0.0067,-24.0373
9519,-87.8094,-0.0000,0.5000,66.3414,-1.3064,-0.0470,-0.0004,-0.0030,-0.0168,-0.0067,-24.0465
9521,-87.8094,-0.0000,0.5000,66.3278,-1.3064,-0.0470,-0.0004,-0.0030,-0.0168,-0.0067,-24.0556
9523,-87.8094,-0.0000,0.5000,66.3145,-1.3063,-0.0470,-0.0004,-0.0030,-0.0168,-0.0067,-24.0645
9525,-87.8095,-0.0000,0.5000,66.3014,-1.3063,-0.0470,-0.0004,-0.0030,-0.0168,-0.0067,-24.0733
9527,-87.8095,-0.0000,0.5000,66.2885,-1.3063,-0.0470,-0.0004,-0.0030,-0.0167,-0.0067,-24.0819
9529,-87.8095,-0.0000,0.5000,66.2757,-1.3063,-0.0470,-0.0004,-0.0030,-0.0167,-0.0067,-24.0904
9531,-87.8095,-0.0000,0.5000,66.2632,-1.3063,-0.0471,-0.0004,-0.0030,-0.0167,-0.0067,-24.0987
9533,-87.8096,-0.0000,0.5000,66.2508,-1.3063,-0.0471,-0.0004,-0.0030,-0.0167,-0.0067,-24.1070
9535,-87.8096,-0.0000,0.5000,66.2387,-1.3063,-0.0471,-0.0004,-0.0030,-0.0166,-0.0067,-24.1151
9537,-87.8096,-0.0000,0.5000,66.2267,-1.3063,-0.0471,-0.0004,-0.0030,-0.0166,-0.0067,-24.1230
9539,-87.8096,-0.0000,0.5000,66.2149,-1.3063,-0.0471,-0.0004,-0.0030,-0.0166,-0.0067,-24.1308
9541,-87.8097,-0.0000,0.5000,66.2033,-1.3063,-0.0472,-0.0004,-0.0030,-0.0166,-0.0066,-24.1385
9543,-87.8097,-0.0000,0.5000,66.1919,-1.3063,-0.0472,-0.0004,-0.0030,-0.0166,-0.0066,-24.1461
9545,-87.8097,-0.0000,0.5000,66.1807,-1.3063,-0.0472,-0.0004,-0.0030,-0.0165,-0.0066,-24.1535
9547,-87.8097,-0.0000,0.5000,66.1697,-1.3063,-0.0472,-0.0004,-0.0030,-0.0165,-0.0066,-24.1608
9549,-87.8098,-0.0000,0.5000,66.1588,-1.3063,-0.0472,-0.0004,-0.0030,-0.0165,-0.0066,-24.1680
9551,-87.8098,-0.0000,0.5000,66.1481,-1.3063,-0.0472,-0.0004,-0.0030,-0.0165,-0.0066,-24.1750
9553,-87.8098,-0.0000,0.5000,66.1376,-1.3063,-0.0473,-0.0004,-0.0030,-0.0164,-0.0066,-24.1819
9555,-87.8098,-0.0000,0.5000,66.1272,-1.3063,-0.0473,-0.0004,-0.0030,-0.0164,-0.0066,-24.1887
9557,-87.8098,-0.0000,0.5000,66.1171,-1.3063,-0.0473,-0.0004,-0.0030,-0.0164,-0.0066,-24.1954
9559,-87.8099,-0.0000,0.5000,66.1071,-1.3063,-0.0473,-0.0004,-0.0030,-0.0164,-0.0066,-24.2020
9561,-87.8099,-0.0000,0.5000,66.0973,-1.3063,-0.0473,-0.0004,-0.0030,-0.0163,-0.0066,-24.2084
9563,-87.8099,-0.0000,0.5000,66.0876,-1.3063,-0.0474,-0.0004,-0.0030,-0.0163,-0.0066,-24.2147
9565,-87.8099,-0.0000,0.5000,66.0782,-1.3063,-0.0474,-0.0004,-0.0030,-0.0163,-0.0066,-24.2209
9567,-87.8099,-0.0000,0.5000,66.0688,-1.3063,-0.0474,-0.0004,-0.0030,-0.0163,-0.0066,-24.2270
9569,-87.8100,-0.0000,0.5000,66.0597,-1.3062,-0.0474,-0.0004,-0.0030,-0.0163,-0.0066,-24.2330
9571,-87.8100,-0.0000,0.5000,66.0507,-1.3062,-0.0474,-0.0004,-0.0030,-0.0162,-0.0066,-24.2388
9573,-87.8100,-0.0000,0.5000,66.0419,-1.3062,-0.0474,-0.0004,-0.0030,-0.0162,-0.0065,-24.2445
9575,-87.8100,-0.0000,0.5000,66.0333,-1.3062,-0.0475,-0.0004,-0.0030,-0.0162,-0.0065,-24.2502
9577,-87.8100,-0.0000,0.5000,66.0248,-1.3062,-0.0475,-0.0004,-0.0030,-0.0162,-0.0065,-24.2557
9579,-87.8101,-0.0000,0.5000,66.0164,-1.3062,-0.0475,-0.0004,-0.0030,-0.0161,-0.0065,-24.2611
9581,-87.8101,-0.0000,0.5000,66.0083,-1.3062,-0.0475,-0.0004,-0.0030,-0.0161,-0.0065,-24.2664
9583,-87.8101,-0.0000,0.5000,66.0002,-1.3062,-0.0475,-0.0004,-0.0030,-0.0161,-0.0065,-24.2715
9585,-87.8101,-0.0000,0.5000,65.9924,-1.3062,-0.0475,-0.0004,-0.0030,-0.0161,-0.0065,-24.2766
9587,-87.8101,-0.0000,0.5000,65.9847,-1.3062,-0.0475,-0.0004,-0.0030,-0.0160,-0.0065,-24.2815
9589,-87.8101,-0.0000,0.5000,65.9771,-1.3062,-0.0476,-0.0004,-0.0030,-0.0160,-0.0065,-24.2864
9591,-87.8102,-0.0000,0.5000,65.9697,-1.3062,-0.0476,-0.0004,-0.0030,-0.0160,-0.0065,-24.2911
9593,-87.8102,-0.0000,0.5000,65.9625,-1.3062,-0.0476,-0.0004,-0.0030,-0.0160,-0.0065,-24.2958
9595,-87.8102,-0.0000,0.5000,65.9554,-1.3062,-0.0476,-0.0004,-0.0030,-0.0160,-0.0065,-24.3003
9597,-87.8102,-0.0000,0.5000,65.9484,-1.3062,-0.0476,-0.0004,-0.0030,-0.0159,-0.0065,-24.3047
9599,-87.8102,-0.0000,0.5000,65.9416,-1.3062,-0.0476,-0.0004,-0.0030,-0.0159,-0.0065,-24.3091
9601,-87.8102,-0.0000,0.5000,65.9349,-1.3062,-0.0477,-0.0004,-0.0030,-0.0159,-0.0065,-24.3133
9603,-87.8103,-0.0000,0.5000,65.9284,-1.3062,-0.0477,-0.0004,-0.0030,-0.0159,-0.0064,-24.3174
9605,-87.8103,-0.0000,0.5000,65.9221,-1.3062,-0.0477,-0.0004,-0.0030,-0.0158,-0.0064,-24.3214
9607,-87.8103,-0.0000,0.5000,65.9158,-1.3062,-0.0477,-0.0004,-0.0030,-0.0158,-0.0064,-24.3254
9609,-87.8103,-0.0000,0.5000,65.9098,-1.3062,-0.0477,-0.0004,-0.0030,-0.0158,-0.0064,-24.3292
9611,-87.8103,-0.0000,0.5000,65.9038,-1.3062,-0.0477,-0.0004,-0.0030,-0.0158,-0.0064,-24.3329
9613,-87.8103,-0.0000,0.5000,65.8980,-1.3062,-0.0477,-0.0004,-0.0030,-0.0157,-0.0064,-24.3366
9615,-87.8103,-0.0000,0.5000,65.8923,-1.3062,-0.0478,-0.0004,-0.0030,-0.0157,-0.0064,-24.3401
9617,-87.8104,-0.0000,0.5000,65.8868,-1.3062,-0.0478,-0.0004,-0.0030,-0.0157,-0.0064,-24.3435
9619,-87.8104,-0.0000,0.5000,65.8814,-1.3062,-0.0478,-0.0004,-0.0030,-0.0157,-0.0064,-24.3469
9621,-87.8104,-0.0000,0.5000,65.8762,-1.3062,-0.0478,-0.0004,-0.0030,-0.0156,-0.0064,-24.3501
9623,-87.8104,-0.0000,0.5000,65.8710,-1.3062,-0.0478,-0.0004,-0.0030,-0.0156,-0.0064,-24.3533
9625,-87.8104,-0.0000,0.5000,65.8660,-1.3062,-0.0478,-0.0004,-0.0030,-0.0156,-0.0064,-24.3563
9627,-87.8104,-0.0000,0.5000,65.8612,-1.3062,-0.0478,-0.0004,-0.0030,-0.0156,-0.0064,-24.3593
9629,-87.8104,-0.0000,0.5000,65.8565,-1.3062,-0.0479,-0.0004,-0.0030,-0.0155,-0.0064,-24.3622
9631,-87.8104,-0.0000,0.5000,65.8519,-1.3062,-0.0479,-0.0004,-0.0030,-0.0155,-0.0064,-24.3650
9633,-87.8105,-0.0000,0.5000,65.8474,-1.3062,-0.0479,-0.0004,-0.0030,-0.0155,-0.0064,-24.3677
9635,-87.8105,-0.0000,0.5000,65.8430,-1.3062,-0.0479,-0.0004,-0.0030,-0.0155,-0.0064,-24.3703
9637,-87.8105,-0.0000,0.5000,65.8388,-1.3062,-0.0479,-0.0004,-0.0030,-0.0154,-0.0063,-24.3728
9639,-87.8105,-0.0000,0.5000,65.8347,-1.3062,-0.0479,-0.0004,-0.0030,-0.0154,-0.0063,-24.3753
9641,-87.8105,-0.0000,0.5000,65.8308,-1.3062,-0.0479,-0.0004,-0.0030,-0.0154,-0.0063,-24.3776
9643,-87.8105,-0.0000,0.5000,65.8269,-1.3062,-0.0479,-0.0004,-0.0030,-0.0154,-0.0063,-24.3799
9645,-87.8105,-0.0000,0.5000,65.8232,-1.3062,-0.0480,-0.0004,-0.0030,-0.0154,-0.0063,-24.3821
9647,-87.8105,-0.0000,0.5000,65.8196,-1.3062,-0.0480,-0.0004,-0.0030,-0.0153,-0.0063,-24.3842
9649,-87.8105,-0.0000,0.5000,65.8161,-1.3062,-0.0480,-0.0004,-0.0030,-0.0153,-0.0063,-24.3862
9651,-87.8105,-0.0000,0.5000,65.8128,-1.3062,-0.0480,-0.0004,-0.0030,-0.0153,-0.0063,-24.3881
9653,-87.8106,-0.0000,0.5000,65.8095,-1.3062,-0.0480,-0.0004,-0.0030,-0.0153,-0.0063,-24.3900
9655,-87.8106,-0.0000,0.5000,65.8064,-1.3062,-0.0480,-0.0004,-0.0030,-0.0152,-0.0063,-24.3918
9657,-87.8106,-0.0000,0.5000,65.8034,-1.3062,-0.0480,-0.0004,-0.0030,-0.0152,-0.0063,-24.3934
9659,-87.8106,-0.0000,0.5000,65.8005,-1.3062,-0.0480,-0.0004,-0.0030,-0.0152,-0.0063,-24.3951
9661,-87.8106,-0.0000,0.5000,65.7977,-1.3062,-0.0481,-0.0004,-0.0030,-0.0152,-0.0063,-24.3966
9663,-87.8106,-0.0000,0.5000,65.7951,-1.3062,-0.0481,-0.0004,-0.0030,-0.0151,-0.0063,-24.3980
9665,-87.8106,-0.0000,0.5000,65.7925,-1.3062,-0.0481,-0.0004,-0.0030,-0.0151,-0.0063,-24.3994
9667,-87.8106,-0.0000,0.5000,65.7901,-1.3062,-0.0481,-0.0004,-0.0030,-0.0151,-0.0063,-24.4007
9669,-87.8106,-0.0000,0.5000,65.7878,-1.3062,-0.0481,-0.0004,-0.0030,-0.0151,-0.0062,-24.4019
9671,-87.8106,-0.0000,0.5000,65.7856,-1.3062,-0.0481,-0.0004,-0.0030,-0.0150,-0.0062,-24.4030
9673,-87.8106,-0.0000,0.5000,65.7835,-1.3062,-0.0481,-0.0004,-0.0030,-0.0150,-0.0062,-24.4041
9675,-87.8106,-0.0000,0.5000,65.7815,-1.3062,-0.0481,-0.0004,-0.0030,-0.0150,-0.0062,-24.4051
9677,-87.8106,-0.0000,0.5000,65.7796,-1.3062,-0.0482,-0.0004,-0.0030,-0.0150,-0.0062,-24.4060
9679,-87.8107,-0.0000,0.5000,65.7778,-1.3062,-0.0482,-0.0004,-0.0030,-0.0149,-0.0062,-24.4069
9681,-87.8107,-0.0000,0.5000,65.7761,-1.3062,-0.0482,-0.0004,-0.0030,-0.0149,-0.0062,-24.4076
9683,-87.8107,-0.0000,0.5000,65.7746,-1.3062,-0.0482,-0.0004,-0.0030,-0.0149,-0.0062,-24.4083
9685,-87.8107,-0.0000,0.5000,65.7731,-1.3062,-0.0482,-0.0004,-0.0030,-0.0149,-0.0062,-24.4089
9687,-87.8107,-0.0000,0.5000,65.7717,-1.3062,-0.0482,-0.0004,-0.0030,-0.0148,-0.0062,-24.4095
9689,-87.8107,-0.0000,0.5000,65.7705,-1.3062,-0.0482,-0.0004,-0.0030,-0.0148,-0.0062,-24.4100
9691,-87.8107,-0.0000,0.5000,65.7693,-1.3062,-0.0482,-0.0004,-0.0030,-0.0148,-0.0062,-24.4104
9693,-87.8107,-0.0000,0.5000,65.7683,-1.3062,-0.0483,-0.0004,-0.0030,-0.0148,-0.0062,-24.4107
9695,-87.8107,-0.0000,0.5000,65.7673,-1.3062,-0.0483,-0.0004,-0.0030,-0.0147,-0.0062,-24.4110
9697,-87.8107,-0.0000,0.5000,65.7665,-1.3062,-0.0483,-0.0004,-0.0030,-0.0147,-0.0062,-24.4112
9699,-87.8107,-0.0000,0.5000,65.7657,-1.3062,-0.0483,-0.0004,-0.0030,-0.0147,-0.0062,-24.4113
9701,-87.8107,-0.0000,0.5000,65.7651,-1.3062,-0.0483,-0.0004,-0.0030,-0.0147,-0.0062,-24.4114
9703,-87.8107,-0.0000,0.5000,65.7645,-1.3062,-0.0483,-0.0004,-0.0030,-0.0147,-0.0061,-24.4114
9705,-87.8107,-0.0000,0.5000,65.7640,-1.3062,-0.0483,-0.0004,-0.0030,-0.0146,-0.0061,-24.4113
9707,-87.8107,-0.0000,0.5000,65.7637,-1.3062,-0.0483,-0.0004,-0.0030,-0.0146,-0.0061,-24.4112
9709,-87.8107,-0.0000,0.5000,65.7634,-1.3062,-0.0483,-0.0004,-0.0030,-0.0146,-0.0061,-24.4110
9711,-87.8107,-0.0000,0.5000,65.7632,-1.3062,-0.0484,-0.0004,-0.0031,-0.0146,-0.0061,-24.4107
9713,-87.8107,-0.0000,0.5000,65.7631,-1.3062,-0.0484,-0.0004,-0.0031,-0.0145,-0.0061,-24.4104
9715,-87.8107,-0.0000,0.5000,65.7631,-1.3062,-0.0484,-0.0004,-0.0031,-0.0145,-0.0061,-24.4100
9717,-87.8107,-0.0000,0.5000,65.7632,-1.3062,-0.0484,-0.0004,-0.0031,-0.0145,-0.0061,-24.4095
9719,-87.8107,-0.0000,0.5000,65.7634,-1.3062,-0.0484,-0.0004,-0.0031,-0.0145,-0.0061,-24.4090
9721,-87.8107,-0.0000,0.5000,65.7637,-1.3062,-0.0484,-0.0004,-0.0031,-0.0144,-0.0061,-24.4084
9723,-87.8107,-0.0000,0.5000,65.7641,-1.3062,-0.0484,-0.0004,-0.0031,-0.0144,-0.0061,-24.4078
9725,-87.8108,-0.0000,0.5000,65.7645,-1.3062,-0.0484,-0.0004,-0.0031,-0.0144,-0.0061,-24.4071
9727,-87.8108,-0.0000,0.5000,65.7651,-1.3062,-0.0484,-0.0004,-0.0031,-0.0144,-0.0061,-24.4063
9729,-87.8108,-0.0000,0.5000,65.7657,-1.3062,-0.0484,-0.0004,-0.0031,-0.0143,-0.0061,-24.4055
9731,-87.8108,-0.0000,0.5000,65.7664,-1.3062,-0.0485,-0.0004,-0.0031,-0.0143,-0.0061,-24.4046
9733,-87.8108,-0.0000,0.5000,65.7672,-1.3062,-0.0485,-0.0004,-0.0031,-0.0143,-0.0061,-24.4037
9735,-87.8108,-0.0000,0.5000,65.7681,-1.3062,-0.0485,-0.0004,-0.0031,-0.0143,-0.0061,-24.4027
9737,-87.8108,-0.0000,0.5000,65.7691,-1.3062,-0.0485,-0.0004,-0.0031,-0.0142,-0.0060,-24.4016
9739,-87.8108,-0.0000,0.5000,65.7701,-1.3062,-0.0485,-0.0004,-0.0031,-0.0142,-0.0060,-24.4005
9741,-87.8108,-0.0000,0.5000,65.7713,-1.3062,-0.0485,-0.0004,-0.0031,-0.0142,-0.0060,-24.3993
9743,-87.8108,-0.0000,0.5000,65.7725,-1.3062,-0.0485,-0.0004,-0.0031,-0.0142,-0.0060,-24.3981
9745,-87.8108,-0.0000,0.5000,65.7738,-1.3062,-0.0485,-0.0004,-0.0031,-0.0141,-0.0060,-24.3968
9747,-87.8108,-0.0000,0.5000,65.7752,-1.3062,-0.0485,-0.0004,-0.0031,-0.0141,-0.0060,-24.3954
9749,-87.8108,-0.0000,0.5000,65.7767,-1.3062,-0.0485,-0.0004,-0.0031,-0.0141,-0.0060,-24.3940
9751,-87.8108,-0.0000,0.5000,65.7782,-1.3062,-0.0486,-0.0004,-0.0031,-0.0141,-0.0060,-24.3926
9753,-87.8108,-0.0000,0.5000,65.7799,-1.3062,-0.0486,-0.0004,-0.0031,-0.0140,-0.0060,-24.3911
9755,-87.8108,-0.0000,0.5000,65.7816,-1.3062,-0.0486,-0.0004,-0.0031,-0.0140,-0.0060,-24.3895
9757,-87.8108,-0.0000,0.5000,65.7833,-1.3062,-0.0486,-0.0004,-0.0031,-0.0140,-0.0060,-24.3879
9759,-87.8108,0.0000,0.5000,65.7852,-1.3062,-0.0486,-0.0004,-0.0031,-0.0140,-0.0060,-24.3862
9761,-87.8108,0.0000,0.5000,65.7871,-1.3062,-0.0486,-0.0004,-0.0031,-0.0140,-0.0060,-24.3845
9763,-87.8108,0.0000,0.5000,65.7892,-1.3062,-0.0486,-0.0004,-0.0031,-0.0139,-0.0060,-24.3827
9765,-87.8108,0.0000,0.5000,65.7913,-1.3062,-0.0486,-0.0004,-0.0031,-0.0139,-0.0060,-24.3808
9767,-87.8108,0.0000,0.5000,65.7934,-1.3062,-0.0486,-0.0004,-0.0031,-0.0139,-0.0060,-24.3790
9769,-87.8108,0.0000,0.5000,65.7957,-1.3062,-0.0486,-0.0004,-0.0031,-0.0139,-0.0060,-24.3770
9771,-87.8108,0.0000,0.5000,65.7980,-1.3062,-0.0486,-0.0004,-0.0031,-0.0138,-0.0060,-24.3750
9773,-87.8108,0.0000,0.5000,65.8004,-1.3062,-0.0487,-0.0004,-0.0031,-0.0138,-0.0059,-24.3730
9775,-87.8108,0.0000,0.5000,65.8028,-1.3062,-0.0487,-0.0004,-0.0031,-0.0138,-0.0059,-24.3709
9777,-87.8108,0.0000,0.5000,65.8053,-1.3062,-0.0487,-0.0004,-0.0031,-0.0138,-0.0059,-24.3688
9779,-87.8108,0.0000,0.5000,65.8079,-1.3062,-0.0487,-0.0004,-0.0031,-0.0137,-0.0059,-24.3666
9781,-87.8108,0.0000,0.5000,65.8106,-1.3062,-0.0487,-0.0004,-0.0031,-0.0137,-0.0059,-24.3644
9783,-87.8108,0.0000,0.5000,65.8134,-1.3062,-0.0487,-0.0004,-0.0031,-0.0137,-0.0059,-24.3621
9785,-87.8108,0.0000,0.5000,65.8162,-1.3062,-0.0487,-0.0004,-0.0031,-0.0137,-0.0059,-24.3597
9787,-87.8108,0.0000,0.5000,65.8191,-1.3062,-0.0487,-0.0004,-0.0031,-0.0136,-0.0059,-24.3574
9789,-87.8108,0.0000,0.5000,65.8220,-1.3062,-0.0487,-0.0004,-0.0031,-0.0136,-0.0059,-24.3549
9791,-87.8107,0.0000,0.5000,65.8250,-1.3062,-0.0487,-0.0004,-0.0031,-0.0136,-0.0059,-24.3525
9793,-87.8107,0.0000,0.5000,65.8281,-1.3062,-0.0487,-0.0004,-0.0031,-0.0136,-0.0059,-24.3499
9795,-87.8107,0.0000,0.5000,65.8313,-1.3062,-0.0488,-0.0004,-0.0031,-0.0135,-0.0059,-24.3474
9797,-87.8107,0.0000,0.5000,65.8345,-1.3062,-0.0488,-0.0004,-0.0031,-0.0135,-0.0059,-24.3448
9799,-87.8107,0.0000,0.5000,65.8378,-1.3062,-0.0488,-0.0004,-0.0031,-0.0135,-0.0059,-24.3421
9801,-87.8107,0.0000,0.5000,65.8411,-1.3062,-0.0488,-0.0004,-0.0031,-0.0135,-0.0059,-24.3394
9803,-87.8107,0.0000,0.5000,65.8445,-1.3062,-0.0488,-0.0004,-0.0031,-0.0135,-0.0059,-24.3366
9805,-87.8107,0.0000,0.5000,65.8480,-1.3062,-0.0488,-0.0004,-0.0031,-0.0134,-0.0059,-24.3339
9807,-87.8107,0.0000,0.5000,65.8515,-1.3062,-0.0488,-0.0004,-0.0031,-0.0134,-0.0058,-24.3310
9809,-87.8107,0.0000,0.5000,65.8551,-1.3062,-0.0488,-0.0004,-0.0031,-0.0134,-0.0058,-24.3281
9811,-87.8107,0.0000,0.5000,65.8588,-1.3062,-0.0488,-0.0004,-0.0031,-0.0134,-0.0058,-24.3252
9813,-87.8107,0.0000,0.5000,65.8625,-1.3062,-0.0488,-0.0004,-0.0031,-0.0133,-0.0058,-24.3222
9815,-87.8107,0.0000,0.5000,65.8663,-1.3062,-0.0488,-0.0004,-0.0031,-0.0133,-0.0058,-24.3192
9817,-87.8107,0.0000,0.5000,65.8702,-1.3062,-0.0488,-0.0004,-0.0031,-0.0133,-0.0058,-24.3162
9819,-87.8107,0.0000,0.5000,65.8741,-1.3062,-0.0489,-0.0004,-0.0031,-0.0133,-0.0058,-24.3131
9821,-87.8107,0.0000,0.5000,65.8781,-1.3062,-0.0489,-0.0004,-0.0031,-0.0132,-0.0058,-24.3100
9823,-87.8107,0.0000,0.5000,65.8821,-1.3062,-0.0489,-0.0004,-0.0031,-0.0132,-0.0058,-24.3068
9825,-87.8107,0.0000,0.5000,65.8862,-1.3062,-0.0489,-0.0004,-0.0031,-0.0132,-0.0058,-24.3036
9827,-87.8107,0.0000,0.5000,65.8903,-1.3062,-0.0489,-0.0004,-0.0031,-0.0132,-0.0058,-24.3003
9829,-87.8107,0.0000,0.5000,65.8945,-1.3062,-0.0489,-0.0004,-0.0031,-0.0131,-0.0058,-24.2970
9831,-87.8107,0.0000,0.5000,65.8988,-1.3062,-0.0489,-0.0004,-0.0031,-0.0131,-0.0058,-24.2937
9833,-87.8107,0.0000,0.5000,65.9031,-1.3063,-0.0489,-0.0004,-0.0031,-0.0131,-0.0058,-24.2903
9835,-87.8107,0.0000,0.5000,65.9075,-1.3063,-0.0489,-0.0004,-0.0031,-0.0131,-0.0058,-24.2869
9837,-87.8107,0.0000,0.5000,65.9119,-1.3063,-0.0489,-0.0004,-0.0031,-0.0131,-0.0058,-24.2834
9839,-87.8107,0.0000,0.5000,65.9164,-1.3063,-0.0489,-0.0004,-0.0031,-0.0130,-0.0058,-24.2799
9841,-87.8107,0.0000,0.5000,65.9209,-1.3063,-0.0489,-0.0004,-0.0031,-0.0130,-0.0058,-24.2764
9843,-87.8107,0.0000,0.5000,65.9255,-1.3063,-0.0490,-0.0004,-0.0031,-0.0130,-0.0058,-24.2728
9845,-87.8106,0.0000,0.5000,65.9302,-1.3063,-0.0490,-0.0004,-0.0031,-0.0130,-0.0057,-24.2692
9847,-87.8106,0.0000,0.5000,65.9349,-1.3063,-0.0490,-0.0004,-0.0031,-0.0129,-0.0057,-24.2656
9849,-87.8106,0.0000,0.5000,65.9397,-1.3063,-0.0490,-0.0004,-0.0031,-0.0129,-0.0057,-24.2619
9851,-87.8106,0.0000,0.5000,65.9445,-1.3063,-0.0490,-0.0004,-0.0031,-0.0129,-0.0057,-24.2581
9853,-87.8106,0.0000,0.5000,65.9493,-1.3063,-0.0490,-0.0004,-0.0031,-0.0129,-0.0057,-24.2544
9855,-87.8106,0.0000,0.5000,65.9542,-1.3063,-0.0490,-0.0004,-0.0031,-0.0128,-0.0057,-24.2506
9857,-87.8106,0.0000,0.5000,65.9592,-1.3063,-0.0490,-0.0004,-0.0031,-0.0128,-0.0057,-24.2468
9859,-87.8106,0.0000,0.5000,65.9642,-1.3063,-0.0490,-0.0004,-0.0031,-0.0128,-0.0057,-24.2429
9861,-87.8106,0.0000,0.5000,65.9693,-1.3063,-0.0490,-0.0004,-0.0031,-0.0128,-0.0057,-24.2390
9863,-87.8106,0.0000,0.5000,65.9744,-1.3063,-0.0490,-0.0004,-0.0031,-0.0128,-0.0057,-24.2351
9865,-87.8106,0.0000,0.5000,65.9796,-1.3063,-0.0490,-0.0004,-0.0031,-0.0127,-0.0057,-24.2311
9867,-87.8106,0.0000,0.5000,65.9848,-1.3063,-0.0490,-0.0004,-0.0031,-0.0127,-0.0057,-24.2271
9869,-87.8106,0.0000,0.5000,65.9901,-1.3063,-0.0491,-0.0004,-0.0031,-0.0127,-0.0057,-24.2231
9871,-87.8106,0.0000,0.5000,65.9954,-1.3063,-0.0491,-0.0004,-0.0031,-0.0127,-0.0057,-24.2190
9873,-87.8106,0.0000,0.5000,66.0007,-1.3063,-0.0491,-0.0004,-0.0031,-0.0126,-0.0057,-24.2149
9875,-87.8106,0.0000,0.5000,66.0062,-1.3063,-0.0491,-0.0004,-0.0031,-0.0126,-0.0057,-24.2107
9877,-87.8106,0.0000,0.5000,66.0116,-1.3063,-0.0491,-0.0004,-0.0031,-0.0126,-0.0057,-24.2066
9879,-87.8105,0.0000,0.5000,66.0171,-1.3063,-0.0491,-0.0004,-0.0031,-0.0126,-0.0057,-24.2024
9881,-87.8105,0.0000,0.5000,66.0227,-1.3063,-0.0491,-0.0004,-0.0031,-0.0126,-0.0056,-24.1981
9883,-87.8105,0.0000,0.5000,66.0283,-1.3063,-0.0491,-0.0004,-0.0031,-0.0125,-0.0056,-24.1938
9885,-87.8105,0.0000,0.5000,66.0339,-1.3063,-0.0491,-0.0004,-0.0031,-0.0125,-0.0056,-24.1895
9887,-87.8105,0.0000,0.5000,66.0396,-1.3063,-0.0491,-0.0004,-0.0031,-0.0125,-0.0056,-24.1852
9889,-87.8105,0.0000,0.5000,66.0453,-1.3063,-0.0491,-0.0004,-0.0031,-0.0125,-0.0056,-24.1808
9891,-87.8105,0.0000,0.5000,66.0511,-1.3063,-0.0491,-0.0004,-0.0031,-0.0124,-0.0056,-24.1764
9893,-87.8105,0.0000,0.5000,66.0569,-1.3063,-0.0491,-0.0004,-0.0031,-0.0124,-0.0056,-24.1720
9895,-87.8105,0.0000,0.5000,66.0628,-1.3063,-0.0491,-0.0004,-0.0031,-0.0124,-0.0056,-24.1676
9897,-87.8105,0.0000,0.5000,66.0687,-1.3063,-0.0491,-0.0004,-0.0031,-0.0124,-0.0056,-24.1631
9899,-87.8105,0.0000,0.5000,66.0747,-1.3063,-0.0492,-0.0004,-0.0031,-0.0123,-0.0056,-24.1585
9901,-87.8105,0.0000,0.5000,66.0807,-1.3063,-0.0492,-0.0004,-0.0031,-0.0123,-0.0056,-24.1540
9903,-87.8105,0.0000,0.5000,66.0867,-1.3063,-0.0492,-0.0004,-0.0031,-0.0123,-0.0056,-24.1494
9905,-87.8105,0.0000,0.5000,66.0928,-1.3064,-0.0492,-0.0004,-0.0031,-0.0123,-0.0056,-24.1448
9907,-87.8104,0.0000,0.5000,66.0989,-1.3064,-0.0492,-0.0004,-0.0031,-0.0123,-0.0056,-24.1402
9909,-87.8104,0.0000,0.5000,66.1051,-1.3064,-0.0492,-0.0004,-0.0031,-0.0122,-0.0056,-24.1355
9911,-87.8104,0.0000,0.5000,66.1113,-1.3064,-0.0492,-0.0004,-0.0031,-0.0122,-0.0056,-24.1308
9913,-87.8104,0.0000,0.5000,66.1175,-1.3064,-0.0492,-0.0004,-0.0031,-0.0122,-0.0056,-24.1261
9915,-87.8104,0.0000,0.5000,66.1238,-1.3064,-0.0492,-0.0004,-0.0031,-0.0122,-0.0056,-24.1213
9917,-87.8104,0.0000,0.5000,66.1301,-1.3064,-0.0492,-0.0004,-0.0031,-0.0121,-0.0056,-24.1165
9919,-87.8104,0.0000,0.5000,66.1365,-1.3064,-0.0492,-0.0004,-0.0031,-0.0121,-0.0055,-24.1117
9921,-87.8104,0.0000,0.5000,66.1429,-1.3064,-0.0492,-0.0004,-0.0031,-0.0121,-0.0055,-24.1069
9923,-87.8104,0.0000,0.5000,66.1493,-1.3064,-0.0492,-0.0004,-0.0031,-0.0121,-0.0055,-24.1020
9925,-87.8104,0.0000,0.5000,66.1558,-1.3064,-0.0492,-0.0004,-0.0031,-0.0121,-0.0055,-24.0971
9927,-87.8104,0.0000,0.5000,66.1623,-1.3064,-0.0492,-0.0004,-0.0031,-0.0120,-0.0055,-24.0922
9929,-87.8104,0.0000,0.5000,66.1689,-1.3064,-0.0493,-0.0004,-0.0031,-0.0120,-0.0055,-24.0873
9931,-87.8103,0.0000,0.5000,66.1755,-1.3064,-0.0493,-0.0004,-0.0031,-0.0120,-0.0055,-24.0823
9933,-87.8103,0.0000,0.5000,66.1821,-1.3064,-0.0493,-0.0004,-0.0031,-0.0120,-0.0055,-24.0773
9935,-87.8103,0.0000,0.5000,66.1888,-1.3064,-0.0493,-0.0004,-0.0031,-0.0119,-0.0055,-24.0723
9937,-87.8103,0.0000,0.5000,66.1955,-1.3064,-0.0493,-0.0004,-0.0031,-0.0119,-0.0055,-24.0672
9939,-87.8103,0.0000,0.5000,66.2022,-1.3064,-0.0493,-0.0004,-0.0031,-0.0119,-0.0055,-24.0621
9941,-87.8103,0.0000,0.5000,66.2090,-1.3064,-0.0493,-0.0004,-0.0031,-0.0119,-0.0055,-24.0570
9943,-87.8103,0.0000,0.5000,66.2158,-1.3064,-0.0493,-0.0004,-0.0031,-0.0119,-0.0055,-24.0519
9945,-87.8103,0.0000,0.5000,66.2226,-1.3064,-0.0493,-0.0004,-0.0031,-0.0118,-0.0055,-24.0468
9947,-87.8103,0.0000,0.5000,66.2295,-1.3064,-0.0493,-0.0004,-0.0031,-0.0118,-0.0055,-24.0416
9949,-87.8103,0.0000,0.5000,66.2364,-1.3064,-0.0493,-0.0004,-0.0031,-0.0118,-0.0055,-24.0364
9951,-87.8103,0.0000,0.5000,66.2434,-1.3064,-0.0493,-0.0004,-0.0031,-0.0118,-0.0055,-24.0311
9953,-87.8103,0.0000,0.5000,66.2504,-1.3064,-0.0493,-0.0004,-0.0031,-0.0118,-0.0055,-24.0259
9955,-87.8102,0.0000,0.5000,66.2574,-1.3064,-0.0493,-0.0004,-0.0031,-0.0117,-0.0055,-24.0206
9957,-87.8102,0.0000,0.5000,66.2644,-1.3064,-0.0493,-0.0004,-0.0031,-0.0117,-0.0054,-24.0153
9959,-87.8102,0.0000,0.5000,66.2715,-1.3064,-0.0493,-0.0004,-0.0031,-0.0117,-0.0054,-24.0100
9961,-87.8102,0.0000,0.5000,66.2786,-1.3064,-0.0494,-0.0004,-0.0031,-0.0117,-0.0054,-24.0047
9963,-87.8102,0.0000,0.5000,66.2858,-1.3064,-0.0494,-0.0004,-0.0031,-0.0116,-0.0054,-23.9993
9965,-87.8102,0.0000,0.5000,66.2929,-1.3065,-0.0494,-0.0004,-0.0031,-0.0116,-0.0054,-23.9939
9967,-87.8102,0.0000,0.5000,66.3002,-1.3065,-0.0494,-0.0004,-0.0031,-0.0116,-0.0054,-23.9885
9969,-87.8102,0.0000,0.5000,66.3074,-1.3065,-0.0494,-0.0004,-0.0031,-0.0116,-0.0054,-23.9830
9971,-87.8102,0.0000,0.5000,66.3147,-1.3065,-0.0494,-0.0004,-0.0031,-0.0116,-0.0054,-23.9776
9973,-87.8102,0.0000,0.5000,66.3220,-1.3065,-0.0494,-0.0004,-0.0031,-0.0115,-0.0054,-23.9721
9975,-87.8101,0.0000,0.5000,66.3293,-1.3065,-0.0494,-0.0004,-0.0031,-0.0115,-0.0054,-23.9666
9977,-87.8101,0.0000,0.5000,66.3367,-1.3065,-0.0494,-0.0004,-0.0031,-0.0115,-0.0054,-23.9611
9979,-87.8101,0.0000,0.5000,66.3441,-1.3065,-0.0494,-0.0004,-0.0031,-0.0115,-0.0054,-23.9555
9981,-87.8101,0.0000,0.5000,66.3515,-1.3065,-0.0494,-0.0004,-0.0031,-0.0115,-0.0054,-23.9500
9983,-87.8101,0.0000,0.5000,66.3590,-1.3065,-0.0494,-0.0004,-0.0031,-0.0114,-0.0054,-23.9444
9985,-87.8101,0.0000,0.5000,66.3664,-1.3065,-0.0494,-0.0004,-0.0030,-0.0114,-0.0054,-23.9388
9987,-87.8101,0.0000,0.5000,66.3740,-1.3065,-0.0494,-0.0004,-0.0030,-0.0114,-0.0054,-23.9331
9989,-87.8101,0.0000,0.5000,66.3815,-1.3065,-0.0494,-0.0004,-0.0030,-0.0114,-0.0054,-23.9275
9991,-87.8101,0.0000,0.5000,66.3891,-1.3065,-0.0494,-0.0004,-0.0030,-0.0113,-0.0054,-23.9218
9993,-87.8101,0.0000,0.5000,66.3967,-1.3065,-0.0494,-0.0004,-0.0030,-0.0113,-0.0054,-23.9161
9995,-87.8100,0.0000,0.5000,66.4043,-1.3065,-0.0495,-0.0004,-0.0030,-0.0113,-0.0054,-23.9104
9997,-87.8100,0.0000,0.5000,66.4120,-1.3065,-0.0495,-0.0004,-0.0030,-0.0113,-0.0053,-23.9047
9999,-87.8100,0.0000,0.5000,66.4196,-1.3065,-0.0495,-0.0004,-0.0030,-0.0113,-0.0053,-23.8989
10001,-87.8100,0.0000,0.5000,66.4273,-1.3065,-0.0495,-0.0004,-0.0030,-0.0112,-0.0053,-23.8931
10003,-87.8100,0.0000,0.5000,66.4351,-1.3065,-0.0495,-0.0004,-0.0030,-0.0112,-0.0053,-23.8873
10005,-87.8100,0.0000,0.5000,66.4428,-1.3065,-0.0495,-0.0004,-0.0030,-0.0112,-0.0053,-23.8844
10007,-87.8100,0.0000,0.5000,66.4506,-1.3065,-0.0495,-0.0004,-0.0030,-0.0112,-0.0053,-23.8786
10009,-87.8100,0.0000,0.5000,66.4585,-1.3065,-0.0495,-0.0004,-0.0030,-0.0112,-0.0053,-23.8728
10011,-48.3625,78.8948,0.5000,66.4656,-791.8884,-7.5635,-0.1757,4.4034,6.6369,0.0166,393.3250
10013,20.8507,11.2662,0.5000,66.6848,-3791.7599,-82.2466,-7000.6119,716.0447,13.0175,0.8568,0.7379
10015,33.0412,3.1313,0.5000,80.9750,-798.5057,-60.9184,-3779.0250,1839.8165,32.9998,3.4979,0.2302
10017,33.6167,-0.6915,0.5000,151.1341,-241.5419,-59.3586,-1293.1920,1893.6220,57.4339,6.9745,0.2186
10019,32.7154,-0.1285,0.5000,265.4572,-92.3134,-60.0233,-1829.7868,1581.9612,74.0609,10.2697,0.2381
10021,33.2918,0.4699,0.5000,380.0584,-37.2748,-58.7697,-2182.9637,1309.3399,84.3215,13.6068,0.2251
10023,34.5176,0.6700,0.5000,481.0852,-15.0264,-56.7108,-2268.8243,1108.8906,89.9819,17.1901,0.1998
10025,36.0177,0.7585,0.5000,555.3037,-5.7072,-54.3155,-2313.5292,956.6627,92.6365,21.2292,0.1718
10027,37.3798,0.6269,0.5000,606.9718,-2.2931,-52.2715,-2168.2836,847.4452,93.2036,25.2573,0.1513
10029,38.4532,0.4852,0.5000,645.8532,-0.8853,-50.5328,-2008.6618,754.2690,92.7679,29.6383,0.1362
10031,39.2747,0.3696,0.5000,676.0314,-0.3189,-49.0465,-1859.2541,670.9667,91.7434,34.4853,0.1252
10033,39.8975,0.2793,0.5000,699.7448,-0.1198,-47.9042,-1737.9687,603.5360,90.5209,39.2345,0.1178
10035,40.3655,0.2089,0.5000,718.4169,-0.0449,-46.9697,-1634.1728,545.6206,89.2140,44.0614,0.1126
10037,40.7120,0.1534,0.5000,733.0377,-0.0168,-46.1961,-1544.3081,495.4066,87.9040,48.9358,0.1089
10039,40.9619,0.1091,0.5000,744.3384,-0.0063,-45.5486,-1465.4994,451.4508,86.6350,53.8330,0.1064
10041,41.1340,0.0731,0.5000,752.8814,-0.0028,-45.0861,-1406.6648,418.7762,85.6257,57.9168,0.1049
10043,41.2425,0.0436,0.5000,759.1121,-0.0009,-44.5192,-1330.8380,376.9695,84.2631,63.7776,0.1037
10045,41.2985,0.0191,0.5000,763.3907,-0.0004,-44.2107,-1287.4583,353.2683,83.4602,67.4575,0.1033
10047,41.3105,-0.0014,0.5000,766.0131,-0.0001,-43.7187,-1214.4635,313.8672,82.0861,74.2292,0.1032
10049,41.2853,-0.0189,0.5000,767.2248,-0.0000,-43.4387,-1170.3869,290.4400,81.2501,78.6914,0.1036
10051,41.2283,-0.0340,0.5000,767.2325,-0.0000,-43.1141,-1116.4668,262.2473,80.2296,84.5557,0.1046
10053,41.1437,-0.0470,0.5000,766.2106,-0.0000,-42.9350,-1085.2092,246.1784,79.6420,88.1686,0.1054
10055,41.0351,-0.0585,0.5000,764.3075,-0.0000,-42.7716,-1055.6034,231.1746,79.0898,91.7412,0.1063
10057,40.9052,-0.0686,0.5000,761.6498,-0.0000,-42.6220,-1027.4999,217.1359,78.5709,95.2715,0.1074
10059,40.7565,-0.0777,0.5000,758.3465,-0.0000,-42.3587,-975.3379,191.6893,77.6238,102.1988,0.1101
10061,40.5907,-0.0858,0.5000,754.4914,-0.0000,-42.2426,-951.0774,180.1555,77.1915,105.5933,0.1116
10063,40.4097,-0.0932,0.5000,750.1654,-0.0000,-42.1354,-927.9161,169.3384,76.7842,108.9403,0.1132
10065,40.2147,-0.1000,0.5000,745.4385,-0.0000,-42.0365,-905.7810,159.1889,76.4002,112.2390,0.1149
10067,40.0069,-0.1062,0.5000,740.3716,-0.0000,-41.8602,-864.3298,140.7223,75.6955,118.6891,0.1188
10069,39.7874,-0.1119,0.5000,735.0174,-0.0000,-41.7816,-844.9004,132.3269,75.3717,121.8396,0.1209
10071,39.5570,-0.1171,0.5000,729.4219,-0.0000,-41.7086,-826.2703,124.4425,75.0651,124.9399,0.1231
10073,39.3166,-0.1220,0.5000,723.6251,-0.0000,-41.6408,-808.3939,117.0370,74.7746,127.9899,0.1254
10075,39.0668,-0.1266,0.5000,717.6622,-0.0000,-41.5188,-774.7342,103.5458,74.2368,133.9386,0.1304
10077,38.8083,-0.1308,0.5000,711.5635,-0.0000,-41.4639,-758.8813,97.4064,73.9874,136.8373,0.1331
10079,38.5416,-0.1348,0.5000,705.3558,-0.0000,-41.4126,-743.6376,91.6381,73.7498,139.6858,0.1359
10081,38.2673,-0.1385,0.5000,699.0625,-0.0000,-41.3645,-728.9687,86.2183,73.5230,142.4842,0.1388
10083,37.9858,-0.1420,0.5000,692.7040,-0.0000,-41.2771,-701.2439,76.3405,73.0986,147.9320,0.1451
10085,37.6977,-0.1453,0.5000,686.2981,-0.0000,-41.2371,-688.1434,71.8438,72.8996,150.5820,0.1484
10087,37.4034,-0.1483,0.5000,679.8606,-0.0000,-41.1994,-675.5157,67.6184,72.7085,153.1833,0.1518
10089,37.1032,-0.1511,0.5000,673.4050,-0.0000,-41.1295,-651.5894,59.9160,72.3471,158.2413,0.1591
10091,36.7976,-0.1538,0.5000,666.9435,-0.0000,-41.1175,-647.4218,58.6157,72.2842,159.1405,0.1605
10093,36.4868,-0.1563,0.5000,660.4865,-0.0000,-41.0762,-632.9662,54.2031,72.0655,162.3016,0.1656
10095,36.1713,-0.1586,0.5000,654.0431,-0.0000,-41.0251,-615.0363,48.9454,71.7930,166.3167,0.1726
10097,35.8515,-0.1607,0.5000,647.6213,-0.0000,-40.9867,-601.6189,45.1712,71.5873,169.3917,0.1785
10099,35.5275,-0.1627,0.5000,641.2281,-0.0000,-40.9680,-595.1384,43.3985,71.4872,170.8991,0.1815
10101,35.1997,-0.1646,0.5000,634.8695,-0.0000,-40.9313,-582.6127,40.0662,71.2920,173.8547,0.1878
10103,34.8685,-0.1662,0.5000,628.5507,-0.0000,-40.8953,-570.6413,36.9993,71.1028,176.7326,0.1944
10105,34.5340,-0.1678,0.5000,622.2764,-0.0000,-40.8596,-559.1943,34.1762,70.9188,179.5345,0.2013
10107,34.1966,-0.1692,0.5000,616.0504,-0.0000,-40.8239,-548.2440,31.5774,70.7394,182.2620,0.2084
10109,33.8566,-0.1705,0.5000,609.8762,-0.0000,-40.7879,-537.7647,29.1849,70.5640,184.9167,0.2159
10111,33.5142,-0.1716,0.5000,603.7565,-0.0000,-40.7634,-530.9431,27.6776,70.4475,186.6690,0.2212
10113,33.1695,-0.1727,0.5000,597.6939,-0.0000,-40.7303,-522.2160,25.8076,70.2956,188.9392,0.2283
10115,32.8230,-0.1736,0.5000,591.6904,-0.0000,-40.6966,-513.8492,24.0767,70.1464,191.1464,0.2357
10117,32.4748,-0.1744,0.5000,585.7477,-0.0000,-40.6597,-505.2578,22.3630,69.9891,193.4453,0.2439
10119,32.1251,-0.1751,0.5000,579.8673,-0.0000,-40.6214,-496.9894,20.7749,69.8333,195.6897,0.2525
10121,31.7741,-0.1757,0.5000,574.0504,-0.0000,-40.5837,-489.4240,19.3748,69.6864,197.7715,0.2609
10123,31.4220,-0.1762,0.5000,568.2978,-0.0000,-40.5409,-481.4812,17.9596,69.5274,199.9874,0.2705
10125,31.0691,-0.1766,0.5000,562.6104,-0.0000,-40.4991,-474.3175,16.7316,69.3792,202.0131,0.2798
10127,30.7155,-0.1769,0.5000,556.9886,-0.0000,-40.4548,-467.3059,15.5741,69.2293,204.0219,0.2897
10129,30.3614,-0.1771,0.5000,551.4328,-0.0000,-40.4109,-460.8957,14.5546,69.0876,205.8816,0.2993
10131,30.0069,-0.1773,0.5000,545.9432,-0.0000,-40.3583,-453.8083,13.4704,68.9252,207.9645,0.3109
10133,29.6523,-0.1773,0.5000,540.5200,-0.0000,-40.3138,-448.2858,12.6570,68.7942,209.6077,0.3205
10135,29.2976,-0.1773,0.5000,535.1631,-0.0000,-40.2452,-440.4760,11.5535,68.6014,211.9629,0.3353
10137,28.9431,-0.1772,0.5000,529.8724,-0.0000,-40.1930,-435.0511,10.8194,68.4619,213.6214,0.3464
10139,28.5888,-0.1771,0.5000,524.6477,-0.0000,-40.1388,-429.8154,10.1360,68.3224,215.2402,0.3579
10141,28.2350,-0.1768,0.5000,519.4888,-0.0000,-40.0795,-424.5075,9.4683,68.1758,216.9003,0.3703
10143,27.8816,-0.1766,0.5000,514.3954,-0.0000,-40.0177,-419.3923,8.8488,68.0292,218.5189,0.3832
10145,27.5290,-0.1762,0.5000,509.3669,-0.0000,-39.9536,-414.4617,8.2738,67.8824,220.0972,0.3965
10147,27.1770,-0.1758,0.5000,504.4030,-0.0000,-39.8869,-409.7083,7.7398,67.7355,221.6363,0.4102
10149,26.8259,-0.1754,0.5000,499.5032,-0.0000,-39.8178,-405.1251,7.2440,67.5885,223.1373,0.4244
10151,26.4758,-0.1749,0.5000,494.6668,-0.0000,-39.7462,-400.7054,6.7834,67.4413,224.6013,0.4389
10153,26.1268,-0.1743,0.5000,489.8934,-0.0000,-39.6720,-396.4429,6.3554,67.2938,226.0291,0.4540
10155,25.7789,-0.1737,0.5000,485.1824,-0.0000,-39.5953,-392.3315,5.9576,67.1462,227.4220,0.4695
10157,25.4322,-0.1731,0.5000,480.5330,-0.0000,-39.5160,-388.3655,5.5877,66.9983,228.7807,0.4854
10159,25.0869,-0.1724,0.5000,475.9448,-0.0000,-39.4343,-384.5396,5.2437,66.8503,230.1063,0.5019
10161,24.7429,-0.1717,0.5000,471.4169,-0.0000,-39.3500,-380.8484,4.9237,66.7019,231.3996,0.5188
10163,24.4003,-0.1710,0.5000,466.9487,-0.0000,-39.2632,-377.2872,4.6259,66.5534,232.6616,0.5362
10165,24.0593,-0.1702,0.5000,462.5395,-0.0000,-39.1677,-373.6199,4.3304,66.3946,233.9765,0.5553
10167,23.7199,-0.1694,0.5000,458.1887,-0.0000,-39.0965,-371.0430,4.1295,66.2790,234.9102,0.5696
10169,23.3821,-0.1686,0.5000,453.8954,-0.0000,-38.9994,-367.7168,3.8782,66.1249,236.1280,0.5891
10171,23.0460,-0.1677,0.5000,449.6590,-0.0000,-38.8974,-364.4415,3.6396,65.9671,237.3418,0.6096
10173,22.7116,-0.1669,0.5000,445.4788,-0.0000,-38.7314,-359.5296,3.2980,65.7184,239.1914,0.6431
10175,22.3789,-0.1660,0.5000,441.3540,-0.0000,-38.6286,-356.7201,3.1112,65.5690,240.2663,0.6640
10177,22.0481,-0.1651,0.5000,437.2839,-0.0000,-38.5235,-354.0105,2.9370,65.4195,241.3157,0.6853
10179,21.7192,-0.1641,0.5000,433.2678,-0.0000,-38.4161,-351.3977,2.7744,65.2700,242.3401,0.7073
10181,21.3921,-0.1632,0.5000,429.3049,-0.0000,-38.3065,-348.8785,2.6226,65.1205,243.3402,0.7298
10183,21.0670,-0.1622,0.5000,425.3946,-0.0000,-38.1948,-346.4500,2.4808,64.9711,244.3167,0.7528
10185,20.7438,-0.1612,0.5000,421.5361,-0.0000,-38.0808,-344.1095,2.3483,64.8216,245.2700,0.7764
10187,20.4226,-0.1602,0.5000,417.7286,-0.0000,-37.9648,-341.8543,2.2245,64.6723,246.2009,0.8007
10189,20.1035,-0.1592,0.5000,413.9716,-0.0000,-37.8467,-339.6817,2.1088,64.5231,247.1097,0.8254
10191,19.7863,-0.1582,0.5000,410.2642,-0.0000,-37.7265,-337.5893,2.0005,64.3740,247.9971,0.8508
10193,19.4712,-0.1572,0.5000,406.6059,-0.0000,-37.6044,-335.5747,1.8993,64.2250,248.8635,0.8768
10195,19.1582,-0.1561,0.5000,402.9958,-0.0000,-37.4804,-333.6355,1.8045,64.0762,249.7095,0.9034
10197,18.8473,-0.1551,0.5000,399.4332,-0.0000,-37.3545,-331.7694,1.7158,63.9278,250.5355,0.9306
10199,18.5384,-0.1540,0.5000,395.9177,-0.0000,-37.2268,-329.9742,1.6328,63.7795,251.3419,0.9584
10201,18.2317,-0.1530,0.5000,392.4483,-0.0000,-37.0972,-328.2477,1.5550,63.6315,252.1291,0.9869
10203,17.9272,-0.1519,0.5000,389.0245,-0.0000,-36.9660,-326.5878,1.4821,63.4838,252.8977,1.0160
10205,17.6247,-0.1508,0.5000,385.6457,-0.0000,-36.8330,-324.9923,1.4138,63.3365,253.6479,1.0457
10207,17.3244,-0.1497,0.5000,382.3111,-0.0000,-36.7438,-323.9669,1.3708,63.2388,254.1364,1.0657
10209,17.0263,-0.1487,0.5000,379.0201,-0.0000,-36.6538,-322.9684,1.3296,63.1412,254.6171,1.0861
10211,16.7303,-0.1476,0.5000,375.7721,-0.0000,-36.4718,-321.0498,1.2523,62.9466,255.5555,1.1277
10213,16.4365,-0.1465,0.5000,372.5664,-0.0000,-36.3555,-319.8900,1.2068,62.8241,256.1326,1.1546
10215,16.1449,-0.1454,0.5000,369.4025,-0.0000,-36.2502,-318.8821,1.1679,62.7144,256.6407,1.1791
10217,15.8554,-0.1443,0.5000,366.2798,-0.0000,-36.1152,-317.6448,1.1212,62.5753,257.2730,1.2108
10219,15.5680,-0.1433,0.5000,363.1975,-0.0000,-35.9721,-316.3973,1.0751,62.4298,257.9206,1.2447
10221,15.2828,-0.1422,0.5000,360.1552,-0.0000,-35.8272,-315.1962,1.0316,62.2843,258.5542,1.2794
10223,14.9998,-0.1411,0.5000,357.1522,-0.0000,-35.6718,-313.9730,0.9882,62.1302,259.2100,1.3170
10225,14.7189,-0.1401,0.5000,354.1880,-0.0000,-35.5202,-312.8404,0.9484,61.9819,259.8270,1.3541
10227,14.4401,-0.1390,0.5000,351.2620,-0.0000,-35.3674,-311.7546,0.9090,61.8343,260.4278,1.3919
10229,14.1634,-0.1379,0.5000,348.3737,-0.0000,-35.2134,-310.7131,0.8674,61.6872,261.0127,1.4305
10231,13.8889,-0.1369,0.5000,345.5224,-0.0000,-35.0582,-309.7138,0.8234,61.5407,261.5818,1.4698
10233,13.6165,-0.1358,0.5000,342.7076,-0.0000,-34.9019,-308.7542,0.7796,61.3950,262.1354,1.5098
10235,13.3461,-0.1348,0.5000,339.9289,-0.0000,-34.7445,-307.8323,0.7377,61.2498,262.6737,1.5506
10237,13.0779,-0.1337,0.5000,337.1856,-0.0000,-34.6182,-307.1221,0.7063,61.1345,263.0924,1.5837
10239,12.8117,-0.1327,0.5000,334.4773,-0.0000,-34.3638,-305.7647,0.6495,60.9053,263.9012,1.6514
10241,12.5474,-0.1317,0.5000,331.8034,-0.0000,-34.2358,-305.1154,0.6237,60.7913,264.2914,1.6859
10243,12.2852,-0.1307,0.5000,329.1635,-0.0000,-34.1073,-304.4841,0.5997,60.6778,264.6723,1.7210
10245,12.0250,-0.1298,0.5000,326.5569,-0.0000,-33.9511,-303.7428,0.5728,60.5411,265.1207,1.7641
10247,11.7667,-0.1288,0.5000,323.9834,-0.0000,-33.7943,-303.0243,0.5481,60.4052,265.5556,1.8079
10249,11.5103,-0.1279,0.5000,321.4422,-0.0000,-33.6368,-302.3266,0.5253,60.2699,265.9771,1.8524
10251,11.2557,-0.1269,0.5000,318.9331,-0.0000,-33.4788,-301.6478,0.5045,60.1353,266.3851,1.8977
10253,11.0030,-0.1260,0.5000,316.4554,-0.0000,-33.3202,-300.9857,0.4853,60.0015,266.7798,1.9438
10255,10.7521,-0.1251,0.5000,314.0088,-0.0000,-33.1612,-300.3384,0.4678,59.8683,267.1612,1.9906
10257,10.5029,-0.1243,0.5000,311.5928,-0.0000,-33.0018,-299.7039,0.4519,59.7359,267.5294,2.0383
10259,10.2554,-0.1234,0.5000,309.2070,-0.0000,-32.8420,-299.0803,0.4373,59.6042,267.8842,2.0867
10261,10.0096,-0.1226,0.5000,306.8508,-0.0000,-32.6818,-298.4654,0.4241,59.4732,268.2258,2.1359
10263,9.7655,-0.1218,0.5000,304.5239,-0.0000,-32.5214,-297.8575,0.4121,59.3429,268.5541,2.1859
10265,9.5229,-0.1210,0.5000,302.2258,-0.0000,-32.3608,-297.2544,0.4013,59.2132,268.8692,2.2367
10267,9.2819,-0.1202,0.5000,299.9562,-0.0000,-32.1999,-296.6542,0.3916,59.0843,269.1709,2.2884
10269,9.0423,-0.1195,0.5000,297.7145,-0.0000,-32.0389,-296.0549,0.3828,58.9561,269.4592,2.3409
10271,8.8042,-0.1188,0.5000,295.5005,-0.0000,-31.8779,-295.4546,0.3751,58.8285,269.7340,2.3943
10273,8.5675,-0.1181,0.5000,293.3136,-0.0000,-31.7167,-294.8513,0.3682,58.7016,269.9954,2.4486
10275,8.3321,-0.1175,0.5000,291.1535,-0.0000,-31.5556,-294.2430,0.3622,58.5754,270.2431,2.5038
10277,8.0980,-0.1168,0.5000,289.0198,-0.0000,-31.3945,-293.6278,0.3569,58.4498,270.4771,2.5599
10279,7.8651,-0.1162,0.5000,286.9121,-0.0000,-31.2334,-293.0037,0.3525,58.3248,270.6974,2.6170
10281,7.6334,-0.1157,0.5000,284.8301,-0.0000,-31.0725,-292.3687,0.3487,58.2005,270.9037,2.6750
10283,7.4028,-0.1151,0.5000,282.7733,-0.0000,-30.9117,-291.7208,0.3456,58.0767,271.0960,2.7340
10285,7.1732,-0.1146,0.5000,280.7414,-0.0000,-30.7512,-291.0581,0.3431,57.9535,271.2740,2.7940
10287,6.9446,-0.1141,0.5000,278.7340,-0.0000,-30.5908,-290.3786,0.3412,57.8309,271.4377,2.8551
10289,6.7169,-0.1137,0.5000,276.7508,-0.0000,-30.4308,-289.6803,0.3399,57.7088,271.5869,2.9173
10291,6.4901,-0.1133,0.5000,274.7915,-0.0000,-30.2711,-288.9611,0.3391,57.5872,271.7213,2.9805
10293,6.2640,-0.1129,0.5000,272.8556,-0.0000,-30.1117,-288.2189,0.3389,57.4662,271.8409,3.0449
10295,6.0387,-0.1125,0.5000,270.9429,-0.0000,-29.9528,-287.4518,0.3391,57.3455,271.9453,3.1105
10297,5.8140,-0.1122,0.5000,269.0529,-0.0000,-29.7942,-286.6576,0.3398,57.2254,272.0345,3.1773
10299,5.5899,-0.1120,0.5000,267.1855,-0.0000,-29.6362,-285.8342,0.3410,57.1056,272.1080,3.2453
10301,5.3662,-0.1117,0.5000,265.3402,-0.0000,-29.4786,-284.9794,0.3426,56.9863,272.1657,3.3146
10303,5.1430,-0.1115,0.5000,263.5167,-0.0000,-29.3216,-284.0911,0.3446,56.8673,272.2073,3.3853
10305,4.9201,-0.1114,0.5000,261.7148,-0.0000,-29.1652,-283.1669,0.3470,56.7486,272.2326,3.4573
10307,4.6974,-0.1113,0.5000,259.9341,-0.0000,-29.0095,-282.2046,0.3499,56.6302,272.2412,3.5308
10309,4.4750,-0.1112,0.5000,258.1742,-0.0000,-28.8543,-281.2018,0.3531,56.5121,272.2328,3.6058
10311,4.2526,-0.1112,0.5000,256.4350,-0.0000,-28.6999,-280.1562,0.3567,56.3942,272.2072,3.6824
10313,4.0302,-0.1112,0.5000,254.7162,-0.0000,-28.5462,-279.0652,0.3606,56.2765,272.1638,3.7606
10315,3.8076,-0.1113,0.5000,253.0173,-0.0000,-28.3933,-277.9263,0.3649,56.1589,272.1025,3.8404
10317,3.5849,-0.1114,0.5000,251.3382,-0.0000,-28.2411,-276.7368,0.3696,56.0415,272.0229,3.9221
10319,3.3619,-0.1116,0.5000,249.6786,-0.0000,-28.0898,-275.4943,0.3746,55.9241,271.9244,4.0055
10321,3.1385,-0.1118,0.5000,248.0381,-0.0000,-27.9394,-274.1958,0.3799,55.8068,271.8067,4.0909
10323,2.9147,-0.1121,0.5000,246.4166,-0.0000,-27.7898,-272.8384,0.3856,55.6894,271.6695,4.1783
10325,2.6902,-0.1124,0.5000,244.8137,-0.0000,-27.6412,-271.4193,0.3917,55.5720,271.5120,4.2678
10327,2.4649,-0.1128,0.5000,243.2292,-0.0000,-27.4936,-269.9353,0.3981,55.4545,271.3341,4.3595
10329,2.2389,-0.1132,0.5000,241.6628,-0.0000,-27.3470,-268.3837,0.4048,55.3368,271.1351,4.4536
10331,2.0119,-0.1137,0.5000,240.1143,-0.0000,-27.2014,-266.7609,0.4119,55.2189,270.9144,4.5500
10333,1.7839,-0.1142,0.5000,238.5834,-0.0000,-27.0569,-265.0638,0.4193,55.1007,270.6716,4.6490
10335,1.5546,-0.1149,0.5000,237.0699,-0.0000,-26.9135,-263.2889,0.4271,54.9822,270.4060,4.7507
10337,1.3240,-0.1156,0.5000,235.5736,-0.0000,-26.7712,-261.4331,0.4352,54.8633,270.1171,4.8552
10339,1.0920,-0.1163,0.5000,234.0941,-0.0000,-26.6302,-259.4922,0.4437,54.7439,269.8042,4.9627
10341,0.8583,-0.1171,0.5000,232.6313,-0.0000,-26.4903,-257.4634,0.4526,54.6240,269.4667,5.0734
10343,0.6230,-0.1180,0.5000,231.1849,-0.0000,-26.3517,-255.3427,0.4619,54.5036,269.1039,5.1873
10345,0.3857,-0.1190,0.5000,229.7547,-0.0000,-26.2143,-253.1267,0.4716,54.3825,268.7150,5.3047
10347,0.1464,-0.1201,0.5000,228.3405,-0.0000,-26.0783,-250.8117,0.4817,54.2606,268.2993,5.4259
10349,-0.0952,-0.1212,0.5000,226.9420,-0.0000,-25.9436,-248.3941,0.4922,54.1380,267.8560,5.5509
10351,-0.3391,-0.1224,0.5000,225.5590,-0.0000,-25.8103,-245.8707,0.5031,54.0144,267.3843,5.6801
10353,-0.5855,-0.1237,0.5000,224.1913,-0.0000,-25.6785,-243.2380,0.5145,53.8899,266.8835,5.8137
10355,-0.8346,-0.1251,0.5000,222.8387,-0.0000,-25.5481,-240.4931,0.5264,53.7643,266.3525,5.9519
10357,-1.0866,-0.1266,0.5000,221.5010,-0.0000,-25.4191,-237.6330,0.5388,53.6376,265.7906,6.0951
10359,-1.3416,-0.1281,0.5000,220.1780,-0.0000,-25.2917,-234.6555,0.5516,53.5097,265.1968,6.2434
10361,-1.5999,-0.1298,0.5000,218.8693,-0.0000,-25.1658,-231.5586,0.5651,53.3803,264.5703,6.3973
10363,-1.8616,-0.1315,0.5000,217.5750,-0.0000,-25.0415,-228.3410,0.5791,53.2496,263.9099,6.5571
10365,-2.1269,-0.1333,0.5000,216.2946,-0.0000,-24.9188,-225.0038,0.5937,53.1173,263.2148,6.7232
10367,-2.3959,-0.1352,0.5000,215.0281,-0.0000,-24.7977,-221.5442,0.6089,52.9833,262.4841,6.8958
10369,-2.6689,-0.1372,0.5000,213.7752,-0.0000,-24.6783,-217.9627,0.6248,52.8476,261.7167,7.0755
10371,-2.9460,-0.1393,0.5000,212.5357,-0.0000,-24.5605,-214.2657,0.6414,52.7100,260.9117,7.2626
10373,-3.2273,-0.1415,0.5000,211.3094,-0.0000,-24.4444,-210.4564,0.6587,52.5704,260.0681,7.4576
10375,-3.5131,-0.1437,0.5000,210.0962,-0.0000,-24.3300,-206.5399,0.6768,52.4287,259.1851,7.6609
10377,-3.8034,-0.1460,0.5000,208.8958,-0.0000,-24.2172,-202.5238,0.6957,52.2848,258.2619,7.8732
10379,-4.0985,-0.1484,0.5000,207.7080,-0.0000,-24.1466,-199.9318,0.7081,52.1922,257.6547,8.0127
10381,-4.3983,-0.1508,0.5000,206.5326,-0.0000,-24.0073,-194.6439,0.7341,52.0042,256.3899,8.3035
10383,-4.7030,-0.1532,0.5000,205.3694,-0.0000,-23.8706,-189.2543,0.7617,51.8121,255.0569,8.6110
10385,-5.0125,-0.1557,0.5000,204.2183,-0.0000,-23.8032,-186.5324,0.7760,51.7144,254.3645,8.7713
10387,-5.3270,-0.1581,0.5000,203.0791,-0.0000,-23.6704,-181.0614,0.8061,51.5157,252.9275,9.1059
10389,-5.6463,-0.1606,0.5000,201.9515,-0.0000,-23.6050,-178.3246,0.8218,51.4147,252.1828,9.2803
10391,-5.9703,-0.1629,0.5000,200.8354,-0.0000,-23.4758,-172.8839,0.8546,51.2091,250.6411,9.6443
10393,-6.2990,-0.1652,0.5000,199.7306,-0.0000,-23.4120,-170.1957,0.8718,51.1045,249.8442,9.8340
10395,-6.6321,-0.1673,0.5000,198.6370,-0.0000,-23.2861,-164.9275,0.9076,50.8917,248.1989,10.2295
10397,-6.9694,-0.1694,0.5000,197.5544,-0.0000,-23.1620,-159.8684,0.9456,50.6742,246.4865,10.6470
10399,-7.3104,-0.1712,0.5000,196.4826,-0.0000,-23.1006,-157.4436,0.9654,50.5636,245.6058,10.8642
10401,-7.6547,-0.1727,0.5000,195.4215,-0.0000,-22.9789,-152.8611,1.0069,50.3389,243.7975,11.3157
10403,-8.0019,-0.1741,0.5000,194.3709,-0.0001,-22.9184,-150.7289,1.0285,50.2248,242.8708,11.5499
10405,-8.3513,-0.1750,0.5000,193.3309,-0.0001,-22.7982,-146.8406,1.0735,49.9934,240.9751,12.0355
10407,-8.7022,-0.1756,0.5000,192.3012,-0.0001,-22.7384,-145.1109,1.0969,49.8761,240.0075,12.2867
10409,-9.0537,-0.1758,0.5000,191.2818,-0.0001,-22.6189,-142.1532,1.1456,49.6387,238.0368,12.8053
10411,-9.4051,-0.1755,0.5000,190.2727,-0.0001,-22.4993,-139.9516,1.1968,49.3981,236.0247,13.3442
10413,-9.7552,-0.1747,0.5000,189.2738,-0.0001,-22.4393,-139.1682,1.2233,49.2767,235.0057,13.6207
10415,-10.1030,-0.1733,0.5000,188.2851,-0.0001,-22.3185,-138.3024,1.2781,49.0325,232.9476,14.1860
10417,-10.4472,-0.1713,0.5000,187.3068,-0.0001,-22.2577,-138.2451,1.3064,48.9098,231.9109,14.4742
10419,-10.7866,-0.1687,0.5000,186.3388,-0.0001,-22.1347,-138.9406,1.3645,48.6641,229.8292,15.0588
10421,-11.1198,-0.1653,0.5000,185.3812,-0.0001,-22.0724,-139.7145,1.3942,48.5413,228.7870,15.3542
10423,-11.4454,-0.1612,0.5000,184.4343,-0.0002,-21.9460,-142.1599,1.4551,48.2967,226.7077,15.9478
10425,-11.7618,-0.1563,0.5000,183.4982,-0.0002,-21.8166,-145.8473,1.5174,48.0546,224.6457,16.5403
10427,-12.0675,-0.1507,0.5000,182.5733,-0.0002,-21.7507,-148.1682,1.5489,47.9350,223.6254,16.8340
10429,-12.3610,-0.1443,0.5000,181.6597,-0.0002,-21.6159,-153.7664,1.6124,47.6996,221.6146,17.4117
10431,-12.6406,-0.1370,0.5000,180.7580,-0.0002,-21.5471,-157.0452,1.6443,47.5843,220.6276,17.6938
10433,-12.9049,-0.1291,0.5000,179.8684,-0.0003,-21.4061,-164.5426,1.7079,47.3594,218.6989,18.2393
10435,-13.1523,-0.1204,0.5000,178.9915,-0.0003,-21.3340,-168.7387,1.7394,47.2503,217.7605,18.5006
10437,-13.3814,-0.1110,0.5000,178.1279,-0.0003,-21.1861,-177.9754,1.8014,47.0400,215.9436,18.9951
10439,-13.5910,-0.1010,0.5000,177.2780,-0.0003,-21.0333,-188.2376,1.8615,46.8416,214.2167,19.4452
10441,-13.7799,-0.0904,0.5000,176.4426,-0.0004,-20.9551,-193.7082,1.8905,46.7475,213.3905,19.6511
10443,-13.9470,-0.0794,0.5000,175.6224,-0.0004,-20.7950,-205.2234,1.9462,46.5702,211.8187,20.0204
10445,-14.0916,-0.0680,0.5000,174.8181,-0.0004,-20.7131,-211.2216,1.9725,46.4875,211.0754,20.1822
10447,-14.2130,-0.0563,0.5000,174.0305,-0.0004,-20.5457,-223.5749,2.0219,46.3348,209.6783,20.4565
10449,-14.3109,-0.0445,0.5000,173.2604,-0.0004,-20.4602,-229.8779,2.0447,46.2650,209.0261,20.5681
10451,-14.3849,-0.0326,0.5000,172.5087,-0.0004,-20.2859,-242.6035,2.0862,46.1395,207.8172,20.7384
10453,-14.4352,-0.0207,0.5000,171.7763,-0.0005,-20.1074,-255.3092,2.1218,46.0333,206.7380,20.8368
10455,-14.4619,-0.0090,0.5000,171.0639,-0.0005,-20.0167,-261.5938,2.1371,45.9875,206.2473,20.8593
10457,-14.4655,0.0024,0.5000,170.3725,-0.0005,-19.8325,-273.8696,2.1628,45.9111,205.3639,20.8512
10459,-14.4468,0.0135,0.5000,169.7029,-0.0005,-19.7391,-279.8210,2.1730,45.8804,204.9705,20.8215
10461,-14.4065,0.0241,0.5000,169.0559,-0.0005,-19.5597,-290.6909,2.1877,45.8358,204.3098,20.7205
10463,-14.3458,0.0340,0.5000,168.4322,-0.0005,-19.4387,-297.5410,2.1939,45.8159,203.9311,20.6224
10465,-14.2660,0.0434,0.5000,167.8326,-0.0005,-19.2420,-307.7999,2.1981,45.8001,203.4207,20.4173
10467,-14.1683,0.0520,0.5000,167.2577,-0.0005,-19.1429,-312.5249,2.1976,45.7995,203.2096,20.2950
10469,-14.0545,0.0598,0.5000,166.7080,-0.0004,-18.9437,-321.1028,2.1915,45.8122,202.8698,20.0160
10471,-13.9261,0.0667,0.5000,166.1839,-0.0004,-18.7435,-328.4048,2.1791,45.8423,202.6318,19.6983
10473,-13.7850,0.0727,0.5000,165.6857,-0.0004,-18.6432,-331.5520,2.1707,45.8634,202.5476,19.5279
10475,-13.6330,0.0778,0.5000,165.2137,-0.0004,-18.3912,-337.9152,2.1439,45.9327,202.4264,19.0742
10477,-13.4721,0.0819,0.5000,164.7679,-0.0004,-18.2398,-340.6615,2.1244,45.9845,202.4080,18.7892
10479,-13.3041,0.0851,0.5000,164.3483,-0.0004,-18.0890,-342.5983,2.1028,46.0429,202.4239,18.4998
10481,-13.1312,0.0872,0.5000,163.9546,-0.0003,-17.9390,-343.7139,2.0793,46.1070,202.4688,18.2093
10483,-12.9551,0.0884,0.5000,163.5866,-0.0003,-17.7900,-344.0491,2.0545,46.1761,202.5368,17.9209
10485,-12.7778,0.0887,0.5000,163.2436,-0.0003,-17.6423,-343.6307,2.0286,46.2491,202.6227,17.6373
10487,-12.6011,0.0881,0.5000,162.9251,-0.0003,-17.4961,-342.5013,2.0021,46.3253,202.7211,17.3610
10489,-12.4266,0.0866,0.5000,162.6304,-0.0003,-17.3514,-340.7028,1.9752,46.4038,202.8269,17.0944
10491,-12.2561,0.0844,0.5000,162.3585,-0.0003,-17.2086,-338.2919,1.9482,46.4838,202.9354,16.8392
10493,-12.0908,0.0815,0.5000,162.1085,-0.0002,-17.0677,-335.3264,1.9216,46.5643,203.0419,16.5970
10495,-11.9323,0.0779,0.5000,161.8794,-0.0002,-16.9289,-331.8693,1.8955,46.6448,203.1424,16.3690
10497,-11.7815,0.0738,0.5000,161.6699,-0.0002,-16.7923,-327.9837,1.8701,46.7244,203.2331,16.1563
10499,-11.6395,0.0692,0.5000,161.4789,-0.0002,-16.6579,-323.7341,1.8457,46.8025,203.3106,15.9596
10501,-11.5072,0.0643,0.5000,161.3050,-0.0002,-16.5259,-319.1835,1.8225,46.8784,203.3718,15.7793
10503,-11.3853,0.0590,0.5000,161.1471,-0.0002,-16.3963,-314.3925,1.8005,46.9516,203.4141,15.6159
10505,-11.2742,0.0535,0.5000,161.0037,-0.0002,-16.2691,-309.4180,1.7799,47.0215,203.4354,15.4693
10507,-11.1743,0.0478,0.5000,160.8736,-0.0002,-16.1443,-304.3134,1.7608,47.0877,203.4337,15.3396
10509,-11.0860,0.0420,0.5000,160.7554,-0.0002,-16.0220,-299.1271,1.7433,47.1499,203.4075,15.2266
10511,-11.0093,0.0361,0.5000,160.6480,-0.0002,-15.9020,-293.9022,1.7274,47.2075,203.3556,15.1301
10513,-10.9443,0.0303,0.5000,160.5500,-0.0002,-15.7845,-288.6766,1.7131,47.2605,203.2770,15.0497
10515,-10.8909,0.0245,0.5000,160.4603,-0.0002,-15.6693,-283.4828,1.7004,47.3085,203.1712,14.9850
10517,-10.8490,0.0188,0.5000,160.3778,-0.0002,-15.5565,-278.3488,1.6893,47.3514,203.0376,14.9357
10519,-10.8183,0.0133,0.5000,160.3013,-0.0002,-15.4459,-273.2971,1.6799,47.3891,202.8761,14.9012
10521,-10.7986,0.0078,0.5000,160.2300,-0.0002,-15.3353,-268.2460,1.6719,47.4221,202.6823,14.8808
10523,-10.7896,0.0026,0.5000,160.1628,-0.0002,-15.2269,-263.3153,1.6655,47.4496,202.4594,14.8749
10525,-10.7908,-0.0025,0.5000,160.0990,-0.0002,-15.1207,-258.5167,1.6607,47.4715,202.2076,14.8828
10527,-10.8020,-0.0074,0.5000,160.0377,-0.0002,-15.0166,-253.8588,1.6574,47.4880,201.9272,14.9042
10529,-10.8228,-0.0121,0.5000,159.9783,-0.0002,-14.9146,-249.3471,1.6557,47.4990,201.6186,14.9385
10531,-10.8526,-0.0166,0.5000,159.9201,-0.0002,-14.8145,-244.9853,1.6553,47.5047,201.2823,14.9853
10533,-10.8911,-0.0209,0.5000,159.8625,-0.0002,-14.7163,-240.7749,1.6564,47.5053,200.9189,15.0439
10535,-10.9379,-0.0249,0.5000,159.8051,-0.0002,-14.6199,-236.7166,1.6588,47.5007,200.5289,15.1141
10537,-10.9926,-0.0288,0.5000,159.7474,-0.0002,-14.5253,-232.8095,1.6625,47.4913,200.1130,15.1954
10539,-11.0547,-0.0324,0.5000,159.6890,-0.0002,-14.4324,-229.0524,1.6675,47.4772,199.6718,15.2873
10541,-11.1239,-0.0359,0.5000,159.6297,-0.0002,-14.3411,-225.4436,1.6736,47.4585,199.2061,15.3895
10543,-11.1997,-0.0391,0.5000,159.5691,-0.0002,-14.2513,-221.9811,1.6810,47.4355,198.7164,15.5016
10545,-11.2817,-0.0421,0.5000,159.5071,-0.0002,-14.1630,-218.6629,1.6895,47.4082,198.2037,15.6231
10547,-11.3695,-0.0450,0.5000,159.4435,-0.0002,-14.0761,-215.4872,1.6991,47.3770,197.6685,15.7539
10549,-11.4628,-0.0476,0.5000,159.3781,-0.0002,-13.9907,-212.4520,1.7097,47.3420,197.1117,15.8934
10551,-11.5611,-0.0501,0.5000,159.3108,-0.0002,-13.9065,-209.5561,1.7214,47.3034,196.5341,16.0414
10553,-11.6642,-0.0524,0.5000,159.2416,-0.0002,-13.8235,-206.7980,1.7340,47.2614,195.9364,16.1974
10555,-11.7716,-0.0545,0.5000,159.1705,-0.0002,-13.7418,-204.1767,1.7477,47.2162,195.3195,16.3613
10557,-11.8829,-0.0564,0.5000,159.0975,-0.0002,-13.6612,-201.6915,1.7622,47.1680,194.6842,16.5325
10559,-11.9978,-0.0581,0.5000,159.0226,-0.0002,-13.5816,-199.3419,1.7777,47.1169,194.0314,16.7108
10561,-12.1160,-0.0597,0.5000,158.9458,-0.0002,-13.5031,-197.1274,1.7940,47.0633,193.3619,16.8959
10563,-12.2371,-0.0611,0.5000,158.8672,-0.0002,-13.4256,-195.0479,1.8111,47.0071,192.6767,17.0872
10565,-12.3608,-0.0623,0.5000,158.7870,-0.0002,-13.3491,-193.1030,1.8290,46.9487,191.9766,17.2845
10567,-12.4867,-0.0633,0.5000,158.7053,-0.0002,-13.2734,-191.2928,1.8477,46.8882,191.2626,17.4874
10569,-12.6145,-0.0642,0.5000,158.6221,-0.0003,-13.1985,-189.6167,1.8671,46.8259,190.5357,17.6954
10571,-12.7438,-0.0649,0.5000,158.5377,-0.0003,-13.1245,-188.0746,1.8872,46.7618,189.7967,17.9081
10573,-12.8744,-0.0655,0.5000,158.4523,-0.0003,-13.0512,-186.6659,1.9080,46.6963,189.0468,18.1252
10575,-13.0058,-0.0659,0.5000,158.3660,-0.0003,-12.9786,-185.3897,1.9294,46.6293,188.2869,18.3461
10577,-13.1379,-0.0661,0.5000,158.2790,-0.0003,-12.9067,-184.2450,1.9513,46.5613,187.5180,18.5704
10579,-13.2702,-0.0662,0.5000,158.1915,-0.0003,-12.8355,-183.2305,1.9738,46.4923,186.7411,18.7975
10581,-13.4024,-0.0661,0.5000,158.1038,-0.0003,-12.7648,-182.3445,1.9968,46.4224,185.9573,19.0271
10583,-13.5343,-0.0659,0.5000,158.0161,-0.0003,-12.6948,-181.5849,2.0203,46.3520,185.1675,19.2585
10585,-13.6656,-0.0655,0.5000,157.9287,-0.0004,-12.6252,-180.9493,2.0441,46.2811,184.3729,19.4913
10587,-13.7959,-0.0650,0.5000,157.8419,-0.0004,-12.5563,-180.4351,2.0683,46.2100,183.5743,19.7250
10589,-13.9251,-0.0643,0.5000,157.7558,-0.0004,-12.4878,-180.0391,2.0928,46.1388,182.7729,19.9589
10591,-14.0527,-0.0635,0.5000,157.6708,-0.0004,-12.4197,-179.7580,2.1175,46.0676,181.9696,20.1926
10593,-14.1786,-0.0626,0.5000,157.5871,-0.0004,-12.3521,-179.5883,2.1424,45.9967,181.1654,20.4255
10595,-14.3025,-0.0616,0.5000,157.5051,-0.0004,-12.2849,-179.5260,2.1675,45.9262,180.3613,20.6571
10597,-14.4242,-0.0604,0.5000,157.4250,-0.0005,-12.2181,-179.5672,2.1927,45.8562,179.5583,20.8867
10599,-14.5434,-0.0591,0.5000,157.3471,-0.0005,-12.1517,-179.7077,2.2179,45.7870,178.7571,21.1139
10601,-14.6600,-0.0577,0.5000,157.2717,-0.0005,-12.0857,-179.9436,2.2431,45.7186,177.9589,21.3380
10603,-14.7736,-0.0563,0.5000,157.1991,-0.0005,-12.0199,-180.2705,2.2682,45.6512,177.1644,21.5586
10605,-14.8842,-0.0547,0.5000,157.1296,-0.0005,-11.9545,-180.6845,2.2931,45.5849,176.3745,21.7752
10607,-14.9915,-0.0530,0.5000,157.0634,-0.0006,-11.8894,-181.1817,2.3179,45.5200,175.5901,21.9870
10609,-15.0953,-0.0513,0.5000,157.0009,-0.0006,-11.8246,-181.7583,2.3423,45.4564,174.8119,22.1938
10611,-15.1956,-0.0494,0.5000,156.9423,-0.0006,-11.7600,-182.4108,2.3665,45.3943,174.0408,22.3949
10613,-15.2920,-0.0475,0.5000,156.8878,-0.0006,-11.6957,-183.1360,2.3903,45.3339,173.2775,22.5898
10615,-15.3846,-0.0455,0.5000,156.8378,-0.0006,-11.6317,-183.9308,2.4137,45.2752,172.5228,22.7781
10617,-15.4731,-0.0435,0.5000,156.7924,-0.0006,-11.5678,-184.7926,2.4366,45.2184,171.7773,22.9593
10619,-15.5574,-0.0414,0.5000,156.7519,-0.0007,-11.5042,-185.7191,2.4590,45.1635,171.0418,23.1329
10621,-15.6374,-0.0392,0.5000,156.7166,-0.0007,-11.4408,-186.7082,2.4808,45.1106,170.3170,23.2985
10623,-15.7130,-0.0369,0.5000,156.6866,-0.0007,-11.3775,-187.7580,2.5020,45.0599,169.6034,23.4556
10625,-15.7840,-0.0347,0.5000,156.6621,-0.0007,-11.3145,-188.8673,2.5224,45.0113,168.9018,23.6039
10627,-15.8504,-0.0323,0.5000,156.6434,-0.0007,-11.2516,-190.0346,2.5422,44.9651,168.2128,23.7429
10629,-15.9120,-0.0299,0.5000,156.6306,-0.0007,-11.1888,-191.2591,2.5611,44.9212,167.5369,23.8723
10631,-15.9688,-0.0275,0.5000,156.6239,-0.0008,-11.1262,-192.5399,2.5792,44.8798,166.8749,23.9916
10633,-16.0207,-0.0250,0.5000,156.6233,-0.0008,-11.0638,-193.8764,2.5964,44.8408,166.2272,24.1005
10635,-16.0675,-0.0225,0.5000,156.6292,-0.0008,-11.0014,-195.2679,2.6128,44.8044,165.5945,24.1987
10637,-16.1092,-0.0199,0.5000,156.6415,-0.0008,-10.9392,-196.7141,2.6281,44.7706,164.9772,24.2859
10639,-16.1457,-0.0173,0.5000,156.6605,-0.0008,-10.8770,-198.2145,2.6424,44.7395,164.3760,24.3617
10641,-16.1769,-0.0146,0.5000,156.6862,-0.0008,-10.8149,-199.7685,2.6558,44.7111,163.7915,24.4259
10643,-16.2028,-0.0119,0.5000,156.7187,-0.0008,-10.7530,-201.3758,2.6680,44.6855,163.2240,24.4782
10645,-16.2232,-0.0092,0.5000,156.7581,-0.0008,-10.6911,-203.0358,2.6791,44.6628,162.6742,24.5184
10647,-16.2382,-0.0064,0.5000,156.8044,-0.0008,-10.6292,-204.7478,2.6891,44.6429,162.1426,24.5462
10649,-16.2475,-0.0036,0.5000,156.8578,-0.0009,-10.5674,-206.5109,2.6979,44.6259,161.6296,24.5615
10651,-16.2513,-0.0008,0.5000,156.9183,-0.0009,-10.5057,-208.3242,2.7055,44.6119,161.1358,24.5641
10653,-16.2493,0.0020,0.5000,156.9859,-0.0009,-10.4440,-210.1866,2.7119,44.6008,160.6615,24.5539
10655,-16.2416,0.0049,0.5000,157.0607,-0.0009,-10.3823,-212.0966,2.7170,44.5928,160.2074,24.5308
10657,-16.2281,0.0078,0.5000,157.1427,-0.0009,-10.3207,-214.0527,2.7208,44.5878,159.7737,24.4947
10659,-16.2088,0.0108,0.5000,157.2319,-0.0009,-10.2591,-216.0528,2.7234,44.5859,159.3609,24.4456
10661,-16.1836,0.0137,0.5000,157.3283,-0.0008,-10.1974,-218.0948,2.7247,44.5872,158.9695,24.3835
10663,-16.1526,0.0166,0.5000,157.4319,-0.0008,-10.1358,-220.1763,2.7246,44.5915,158.5997,24.3084
10665,-16.1156,0.0196,0.5000,157.5427,-0.0008,-10.0742,-222.2944,2.7233,44.5990,158.2521,24.2205
10667,-16.0726,0.0226,0.5000,157.6606,-0.0008,-10.0126,-224.4459,2.7206,44.6097,157.9268,24.1197
10669,-16.0238,0.0255,0.5000,157.7857,-0.0008,-9.9510,-226.6275,2.7166,44.6235,157.6242,24.0064
10671,-15.9690,0.0285,0.5000,157.9179,-0.0008,-9.8893,-228.8351,2.7113,44.6405,157.3446,23.8807
10673,-15.9083,0.0314,0.5000,158.0571,-0.0008,-9.8277,-231.0647,2.7047,44.6606,157.0883,23.7429
10675,-15.8418,0.0344,0.5000,158.2033,-0.0008,-9.7660,-233.3116,2.6967,44.6839,156.8553,23.5932
10677,-15.7694,0.0373,0.5000,158.3564,-0.0008,-9.7043,-235.5709,2.6875,44.7104,156.6461,23.4320
10679,-15.6912,0.0402,0.5000,158.5163,-0.0007,-9.6426,-237.8373,2.6771,44.7400,156.4606,23.2596
10681,-15.6074,0.0430,0.5000,158.6829,-0.0007,-9.5809,-240.1052,2.6654,44.7726,156.2990,23.0766
10683,-15.5179,0.0458,0.5000,158.8561,-0.0007,-9.5191,-242.3687,2.6525,44.8084,156.1613,22.8832
10685,-15.4229,0.0485,0.5000,159.0357,-0.0007,-9.4574,-244.6215,2.6385,44.8472,156.0476,22.6801
10687,-15.3225,0.0512,0.5000,159.2217,-0.0007,-9.3956,-246.8572,2.6233,44.8890,155.9578,22.4678
10689,-15.2168,0.0538,0.5000,159.4138,-0.0007,-9.3338,-249.0691,2.6071,44.9337,155.8919,22.2468
10691,-15.1060,0.0563,0.5000,159.6119,-0.0006,-9.2720,-251.2503,2.5898,44.9813,155.8498,22.0177
10693,-14.9903,0.0588,0.5000,159.8158,-0.0006,-9.2102,-253.3939,2.5715,45.0317,155.8313,21.7812
10695,-14.8698,0.0611,0.5000,160.0253,-0.0006,-9.1484,-255.4929,2.5523,45.0848,155.8361,21.5380
10697,-14.7447,0.0634,0.5000,160.2402,-0.0006,-9.0866,-257.5402,2.5322,45.1406,155.8640,21.2886
10699,-14.6152,0.0655,0.5000,160.4602,-0.0005,-9.0249,-259.5290,2.5113,45.1989,155.9146,21.0339
10701,-14.4816,0.0676,0.5000,160.6852,-0.0005,-8.9632,-261.4523,2.4897,45.2597,155.9877,20.7745
10703,-14.3441,0.0694,0.5000,160.9148,-0.0005,-8.9015,-263.3036,2.4673,45.3229,156.0827,20.5111
10705,-14.2030,0.0712,0.5000,161.1488,-0.0005,-8.8399,-265.0766,2.4444,45.3883,156.1992,20.2444
10707,-14.0585,0.0728,0.5000,161.3868,-0.0005,-8.7785,-266.7651,2.4209,45.4558,156.3367,19.9753
10709,-13.9109,0.0743,0.5000,161.6287,-0.0004,-8.7171,-268.3636,2.3970,45.5254,156.4945,19.7043
10711,-13.7606,0.0756,0.5000,161.8740,-0.0004,-8.6559,-269.8667,2.3726,45.5967,156.6721,19.4322
10713,-13.6079,0.0768,0.5000,162.1225,-0.0004,-8.5948,-271.2697,2.3479,45.6698,156.8688,19.1598
10715,-13.4529,0.0778,0.5000,162.3737,-0.0004,-8.5338,-272.5682,2.3230,45.7445,157.0839,18.8876
10717,-13.2962,0.0787,0.5000,162.6274,-0.0004,-8.4731,-273.7585,2.2978,45.8207,157.3167,18.6163
10719,-13.1380,0.0794,0.5000,162.8832,-0.0003,-8.4126,-274.8372,2.2726,45.8981,157.5663,18.3466
10721,-12.9786,0.0799,0.5000,163.1406,-0.0003,-8.3523,-275.8015,2.2473,45.9766,157.8320,18.0790
10723,-12.8184,0.0802,0.5000,163.3994,-0.0003,-8.2923,-276.6492,2.2220,46.0561,158.1129,17.8142
10725,-12.6578,0.0804,0.5000,163.6592,-0.0003,-8.2325,-277.3785,2.1967,46.1364,158.4081,17.5527
10727,-12.4970,0.0804,0.5000,163.9195,-0.0003,-8.1731,-277.9879,2.1717,46.2174,158.7168,17.2950
10729,-12.3364,0.0802,0.5000,164.1799,-0.0003,-8.1140,-278.4767,2.1467,46.2988,159.0380,17.0415
10731,-12.1763,0.0799,0.5000,164.4402,-0.0003,-8.0553,-278.8443,2.1221,46.3805,159.3709,16.7928
10733,-12.0172,0.0794,0.5000,164.6999,-0.0002,-7.9969,-279.0906,2.0977,46.4624,159.7143,16.5491
10735,-11.8592,0.0787,0.5000,164.9586,-0.0002,-7.9390,-279.2157,2.0737,46.5443,160.0674,16.3110
10737,-11.7028,0.0779,0.5000,165.2159,-0.0002,-7.8815,-279.2201,2.0500,46.6260,160.4293,16.0787
10739,-11.5482,0.0769,0.5000,165.4714,-0.0002,-7.8245,-279.1046,2.0268,46.7074,160.7989,15.8525
10741,-11.3958,0.0758,0.5000,165.7249,-0.0002,-7.7679,-278.8701,2.0040,46.7883,161.1751,15.6328
10743,-11.2458,0.0745,0.5000,165.9758,-0.0002,-7.7118,-278.5177,1.9816,46.8685,161.5572,15.4198
10745,-11.0986,0.0731,0.5000,166.2239,-0.0002,-7.6563,-278.0486,1.9598,46.9480,161.9439,15.2136
10747,-10.9544,0.0715,0.5000,166.4688,-0.0002,-7.6013,-277.4645,1.9385,47.0265,162.3344,15.0145
10749,-10.8135,0.0698,0.5000,166.7102,-0.0002,-7.5469,-276.7668,1.9178,47.1039,162.7277,14.8227
10751,-10.6762,0.0679,0.5000,166.9476,-0.0002,-7.4930,-275.9572,1.8976,47.1800,163.1226,14.6383
10753,-10.5428,0.0660,0.5000,167.1809,-0.0001,-7.4397,-275.0375,1.8781,47.2548,163.5183,14.4614
10755,-10.4134,0.0639,0.5000,167.4097,-0.0001,-7.3871,-274.0097,1.8591,47.3282,163.9138,14.2921
10757,-10.2884,0.0617,0.5000,167.6338,-0.0001,-7.3351,-272.8759,1.8407,47.3998,164.3081,14.1306
10759,-10.1679,0.0594,0.5000,167.8527,-0.0001,-7.2837,-271.6381,1.8230,47.4697,164.7001,13.9768
10761,-10.0522,0.0570,0.5000,168.0663,-0.0001,-7.2330,-270.2988,1.8058,47.5378,165.0890,13.8309
10763,-9.9414,0.0544,0.5000,168.2742,-0.0001,-7.1829,-268.8603,1.7893,47.6039,165.4737,13.6929
10765,-9.8358,0.0518,0.5000,168.4763,-0.0001,-7.1336,-267.3253,1.7734,47.6678,165.8534,13.5628
10767,-9.7355,0.0491,0.5000,168.6723,-0.0001,-7.0849,-265.6964,1.7582,47.7296,166.2271,13.4407
10769,-9.6408,0.0463,0.5000,168.8620,-0.0001,-7.0369,-263.9766,1.7436,47.7891,166.5939,13.3266
10771,-9.5517,0.0435,0.5000,169.0452,-0.0001,-6.9896,-262.1689,1.7296,47.8461,166.9529,13.2204
10773,-9.4684,0.0405,0.5000,169.2216,-0.0001,-6.9430,-260.2765,1.7163,47.9007,167.3032,13.1221
10775,-9.3911,0.0375,0.5000,169.3911,-0.0001,-6.8971,-258.3027,1.7036,47.9527,167.6440,13.0319
10777,-9.3199,0.0345,0.5000,169.5535,-0.0001,-6.8519,-256.2511,1.6915,48.0020,167.9743,12.9496
10779,-9.2549,0.0313,0.5000,169.7086,-0.0001,-6.8075,-254.1253,1.6801,48.0486,168.2935,12.8753
10781,-9.1962,0.0282,0.5000,169.8563,-0.0001,-6.7637,-251.9290,1.6693,48.0924,168.6007,12.8089
10783,-9.1438,0.0250,0.5000,169.9965,-0.0001,-6.7207,-249.6663,1.6592,48.1334,168.8951,12.7503
10785,-9.0979,0.0217,0.5000,170.1290,-0.0001,-6.6783,-247.3410,1.6497,48.1714,169.1761,12.6997
10787,-9.0585,0.0185,0.5000,170.2537,-0.0001,-6.6367,-244.9573,1.6408,48.2064,169.4428,12.6570
10789,-9.0257,0.0152,0.5000,170.3704,-0.0001,-6.5958,-242.5195,1.6326,48.2383,169.6946,12.6220
10791,-8.9995,0.0119,0.5000,170.4792,-0.0001,-6.5556,-240.0318,1.6250,48.2672,169.9309,12.5949
10793,-8.9799,0.0085,0.5000,170.5799,-0.0001,-6.5161,-237.4986,1.6181,48.2929,170.1509,12.5756
10795,-8.9670,0.0052,0.5000,170.6724,-0.0001,-6.4772,-234.9242,1.6119,48.3155,170.3542,12.5641
10797,-8.9607,0.0019,0.5000,170.7567,-0.0001,-6.4391,-232.3133,1.6063,48.3349,170.5402,12.5603
10799,-8.9610,-0.0014,0.5000,170.8327,-0.0001,-6.4016,-229.6702,1.6013,48.3510,170.7083,12.5642
10801,-8.9680,-0.0047,0.5000,170.9005,-0.0001,-6.3648,-226.9996,1.5970,48.3639,170.8580,12.5758
10803,-8.9816,-0.0080,0.5000,170.9598,-0.0001,-6.3286,-224.3059,1.5934,48.3735,170.9889,12.5951
10805,-9.0017,-0.0113,0.5000,171.0108,-0.0001,-6.2931,-221.5939,1.5905,48.3798,171.1005,12.6220
10807,-9.0283,-0.0145,0.5000,171.0535,-0.0001,-6.2583,-218.8682,1.5883,48.3828,171.1924,12.6566
10809,-9.0614,-0.0177,0.5000,171.0877,-0.0001,-6.2240,-216.1333,1.5867,48.3826,171.2644,12.6988
10811,-9.1008,-0.0209,0.5000,171.1136,-0.0001,-6.1904,-213.3941,1.5859,48.3790,171.3159,12.7486
10813,-9.1465,-0.0240,0.5000,171.1312,-0.0001,-6.1573,-210.6551,1.5857,48.3722,171.3468,12.8060
10815,-9.1983,-0.0271,0.5000,171.1405,-0.0001,-6.1249,-207.9213,1.5863,48.3621,171.3568,12.8709
10817,-9.2563,-0.0301,0.5000,171.1415,-0.0001,-6.0930,-205.1973,1.5876,48.3487,171.3457,12.9434
10819,-9.3202,-0.0331,0.5000,171.1343,-0.0001,-6.0617,-202.4879,1.5896,48.3321,171.3134,13.0234
10821,-9.3900,-0.0360,0.5000,171.1190,-0.0001,-6.0310,-199.7981,1.5924,48.3123,171.2595,13.1109
10823,-9.4654,-0.0388,0.5000,171.0956,-0.0001,-6.0007,-197.1326,1.5959,48.2893,171.1842,13.2059
10825,-9.5464,-0.0415,0.5000,171.0643,-0.0001,-5.9710,-194.4965,1.6001,48.2631,171.0872,13.3084
10827,-9.6329,-0.0442,0.5000,171.0251,-0.0001,-5.9419,-191.8947,1.6051,48.2339,170.9687,13.4182
10829,-9.7246,-0.0468,0.5000,170.9781,-0.0001,-5.9132,-189.3321,1.6109,48.2016,170.8285,13.5354
10831,-9.8214,-0.0493,0.5000,170.9234,-0.0001,-5.8850,-186.8137,1.6174,48.1663,170.6669,13.6600
10833,-9.9231,-0.0518,0.5000,170.8612,-0.0001,-5.8572,-184.3447,1.6247,48.1280,170.4838,13.7918
10835,-10.0295,-0.0541,0.5000,170.7917,-0.0001,-5.8300,-181.9299,1.6328,48.0869,170.2794,13.9309
10837,-10.1405,-0.0563,0.5000,170.7148,-0.0001,-5.8031,-179.5745,1.6417,48.0430,170.0539,14.0771
10839,-10.2558,-0.0584,0.5000,170.6310,-0.0001,-5.7767,-177.2833,1.6514,47.9963,169.8076,14.2304
10841,-10.3752,-0.0604,0.5000,170.5402,-0.0001,-5.7507,-175.0614,1.6619,47.9469,169.5408,14.3906
10843,-10.4984,-0.0623,0.5000,170.4427,-0.0001,-5.7251,-172.9137,1.6731,47.8949,169.2536,14.5577
10845,-10.6254,-0.0641,0.5000,170.3386,-0.0001,-5.6999,-170.8448,1.6852,47.8405,168.9466,14.7315
10847,-10.7558,-0.0658,0.5000,170.2283,-0.0001,-5.6750,-168.8594,1.6980,47.7836,168.6202,14.9119
10849,-10.8893,-0.0673,0.5000,170.1118,-0.0001,-5.6506,-166.9622,1.7116,47.7245,168.2747,15.0988
10851,-11.0258,-0.0688,0.5000,169.9895,-0.0002,-5.6264,-165.1573,1.7260,47.6631,167.9108,15.2920
10853,-11.1650,-0.0701,0.5000,169.8615,-0.0002,-5.6026,-163.4490,1.7412,47.5997,167.5288,15.4912
10855,-11.3066,-0.0712,0.5000,169.7282,-0.0002,-5.5792,-161.8412,1.7572,47.5342,167.1295,15.6962
10857,-11.4503,-0.0722,0.5000,169.5898,-0.0002,-5.5560,-160.3375,1.7738,47.4669,166.7135,15.9069
10859,-11.5958,-0.0731,0.5000,169.4466,-0.0002,-5.5331,-158.9411,1.7913,47.3979,166.2813,16.1230
10861,-11.7430,-0.0738,0.5000,169.2989,-0.0002,-5.5105,-157.6551,1.8094,47.3273,165.8338,16.3441
10863,-11.8915,-0.0744,0.5000,169.1469,-0.0002,-5.4882,-156.4820,1.8283,47.2552,165.3716,16.5699
10865,-12.0410,-0.0749,0.5000,168.9911,-0.0002,-5.4662,-155.4240,1.8478,47.1817,164.8956,16.8002
10867,-12.1912,-0.0752,0.5000,168.8317,-0.0002,-5.4444,-154.4829,1.8680,47.1071,164.4065,17.0346
10869,-12.3418,-0.0754,0.5000,168.6691,-0.0002,-5.4229,-153.6598,1.8888,47.0315,163.9051,17.2727
10871,-12.4926,-0.0754,0.5000,168.5036,-0.0002,-5.4016,-152.9556,1.9103,46.9549,163.3924,17.5140
10873,-12.6433,-0.0753,0.5000,168.3356,-0.0003,-5.3805,-152.3705,1.9323,46.8776,162.8692,17.7582
10875,-12.7935,-0.0750,0.5000,168.1656,-0.0003,-5.3597,-151.9042,1.9548,46.7997,162.3364,18.0048
10877,-12.9430,-0.0746,0.5000,167.9937,-0.0003,-5.3391,-151.5560,1.9778,46.7214,161.7948,18.2533
10879,-13.0916,-0.0740,0.5000,167.8206,-0.0003,-5.3186,-151.3246,2.0013,46.6429,161.2456,18.5033
10881,-13.2388,-0.0734,0.5000,167.6465,-0.0003,-5.2984,-151.2081,2.0252,46.5642,160.6894,18.7542
10883,-13.3845,-0.0725,0.5000,167.4719,-0.0003,-5.2784,-151.2043,2.0495,46.4855,160.1274,19.0056
10885,-13.5284,-0.0716,0.5000,167.2971,-0.0003,-5.2585,-151.3103,2.0740,46.4071,159.5604,19.2568
10887,-13.6703,-0.0705,0.5000,167.1227,-0.0004,-5.2388,-151.5230,2.0989,46.3290,158.9893,19.5075
10889,-13.8098,-0.0693,0.5000,166.9490,-0.0004,-5.2192,-151.8389,2.1239,46.2514,158.4152,19.7569
10891,-13.9468,-0.0680,0.5000,166.7764,-0.0004,-5.1999,-152.2540,2.1491,46.1745,157.8388,20.0045
10893,-14.0810,-0.0666,0.5000,166.6053,-0.0004,-5.1806,-152.7642,2.1745,46.0985,157.2611,20.2498
10895,-14.2122,-0.0650,0.5000,166.4363,-0.0004,-5.1615,-153.3653,2.1998,46.0233,156.6829,20.4923
10897,-14.3402,-0.0634,0.5000,166.2696,-0.0004,-5.1426,-154.0528,2.2252,45.9493,156.1052,20.7314
10899,-14.4649,-0.0617,0.5000,166.1056,-0.0005,-5.1237,-154.8223,2.2505,45.8766,155.5288,20.9665
10901,-14.5859,-0.0598,0.5000,165.9449,-0.0005,-5.1050,-155.6694,2.2757,45.8052,154.9545,21.1971
10903,-14.7032,-0.0579,0.5000,165.7877,-0.0005,-5.0864,-156.5898,2.3006,45.7353,154.3830,21.4227
10905,-14.8166,-0.0559,0.5000,165.6344,-0.0005,-5.0678,-157.5793,2.3254,45.6670,153.8153,21.6427
10907,-14.9259,-0.0539,0.5000,165.4854,-0.0005,-5.0494,-158.6342,2.3498,45.6004,153.2519,21.8567
10909,-15.0310,-0.0518,0.5000,165.3411,-0.0006,-5.0310,-159.7507,2.3739,45.5358,152.6937,22.0641
10911,-15.1318,-0.0496,0.5000,165.2017,-0.0006,-5.0127,-160.9256,2.3976,45.4730,152.1414,22.2646
10913,-15.2281,-0.0473,0.5000,165.0676,-0.0006,-4.9945,-162.1559,2.4208,45.4123,151.5956,22.4575
10915,-15.3199,-0.0450,0.5000,164.9391,-0.0006,-4.9763,-163.4391,2.4435,45.3537,151.0570,22.6425
10917,-15.4070,-0.0427,0.5000,164.8164,-0.0006,-4.9581,-164.7730,2.4656,45.2974,150.5263,22.8191
10919,-15.4893,-0.0403,0.5000,164.6998,-0.0007,-4.9400,-166.1555,2.4870,45.2434,150.0040,22.9870
10921,-15.5668,-0.0378,0.5000,164.5896,-0.0007,-4.9219,-167.5852,2.5078,45.1917,149.4908,23.1457
10923,-15.6393,-0.0353,0.5000,164.4860,-0.0007,-4.9037,-169.0608,2.5279,45.1425,148.9873,23.2949
10925,-15.7068,-0.0328,0.5000,164.3892,-0.0007,-4.8856,-170.5813,2.5471,45.0958,148.4941,23.4341
10927,-15.7692,-0.0302,0.5000,164.2993,-0.0007,-4.8675,-172.1460,2.5656,45.0517,148.0117,23.5631
10929,-15.8264,-0.0276,0.5000,164.2165,-0.0007,-4.8494,-173.7541,2.5832,45.0102,147.5406,23.6815
10931,-15.8784,-0.0250,0.5000,164.1410,-0.0007,-4.8312,-175.4054,2.5999,44.9714,147.0815,23.7891
10933,-15.9250,-0.0223,0.5000,164.0729,-0.0008,-4.8130,-177.0993,2.6156,44.9353,146.6348,23.8854
10935,-15.9663,-0.0196,0.5000,164.0123,-0.0008,-4.7948,-178.8355,2.6303,44.9021,146.2011,23.9703
10937,-16.0022,-0.0169,0.5000,163.9593,-0.0008,-4.7765,-180.6137,2.6440,44.8716,145.7809,24.0435
10939,-16.0325,-0.0141,0.5000,163.9140,-0.0008,-4.7582,-182.4335,2.6567,44.8440,145.3746,24.1048
10941,-16.0573,-0.0114,0.5000,163.8765,-0.0008,-4.7398,-184.2944,2.6683,44.8193,144.9828,24.1539
10943,-16.0766,-0.0086,0.5000,163.8467,-0.0008,-4.7213,-186.1958,2.6787,44.7976,144.6058,24.1908
10945,-16.0902,-0.0057,0.5000,163.8248,-0.0008,-4.7027,-188.1370,2.6880,44.7788,144.2443,24.2152
10947,-16.0981,-0.0029,0.5000,163.8108,-0.0008,-4.6841,-190.1171,2.6962,44.7630,143.8987,24.2270
10949,-16.1003,-0.0000,0.5000,163.8047,-0.0008,-4.6654,-192.1348,2.7031,44.7503,143.5693,24.2261
10951,-16.0968,0.0029,0.5000,163.8064,-0.0008,-4.6466,-194.1890,2.7088,44.7405,143.2566,24.2125
10953,-16.0874,0.0057,0.5000,163.8160,-0.0008,-4.6276,-196.2779,2.7133,44.7339,142.9610,24.1861
10955,-16.0723,0.0086,0.5000,163.8335,-0.0008,-4.6086,-198.3999,2.7166,44.7304,142.6829,24.1469
10957,-16.0514,0.0116,0.5000,163.8587,-0.0008,-4.5895,-200.5526,2.7186,44.7299,142.4226,24.0950
10959,-16.0247,0.0145,0.5000,163.8917,-0.0008,-4.5703,-202.7338,2.7193,44.7326,142.1806,24.0304
10961,-15.9921,0.0174,0.5000,163.9325,-0.0008,-4.5509,-204.9407,2.7188,44.7383,141.9572,23.9533
10963,-15.9537,0.0203,0.5000,163.9808,-0.0008,-4.5315,-207.1702,2.7170,44.7472,141.7526,23.8637
10965,-15.9096,0.0232,0.5000,164.0368,-0.0008,-4.5119,-209.4192,2.7139,44.7593,141.5672,23.7619
10967,-15.8596,0.0260,0.5000,164.1002,-0.0008,-4.4922,-211.6838,2.7095,44.7744,141.4011,23.6481
10969,-15.8040,0.0289,0.5000,164.1710,-0.0008,-4.4723,-213.9603,2.7039,44.7926,141.2548,23.5225
10971,-15.7426,0.0317,0.5000,164.2491,-0.0008,-4.4524,-216.2442,2.6971,44.8139,141.1282,23.3855
10973,-15.6756,0.0345,0.5000,164.3343,-0.0007,-4.4323,-218.5310,2.6891,44.8383,141.0217,23.2374
10975,-15.6031,0.0373,0.5000,164.4265,-0.0007,-4.4121,-220.8158,2.6798,44.8658,140.9354,23.0785
10977,-15.5251,0.0400,0.5000,164.5256,-0.0007,-4.3917,-223.0935,2.6694,44.8962,140.8693,22.9093
10979,-15.4417,0.0427,0.5000,164.6314,-0.0007,-4.3712,-225.3587,2.6578,44.9296,140.8236,22.7303
10981,-15.3531,0.0453,0.5000,164.7437,-0.0007,-4.3506,-227.6057,2.6452,44.9659,140.7982,22.5419
10983,-15.2593,0.0478,0.5000,164.8624,-0.0007,-4.3299,-229.8288,2.6314,45.0052,140.7932,22.3446
10985,-15.1606,0.0503,0.5000,164.9873,-0.0006,-4.3090,-232.0218,2.6167,45.0472,140.8085,22.1390
10987,-15.0570,0.0527,0.5000,165.1181,-0.0006,-4.2880,-234.1788,2.6009,45.0919,140.8440,21.9258
10989,-14.9487,0.0550,0.5000,165.2547,-0.0006,-4.2668,-236.2935,2.5843,45.1394,140.8996,21.7054
10991,-14.8359,0.0572,0.5000,165.3968,-0.0006,-4.2456,-238.3599,2.5667,45.1895,140.9752,21.4785
10993,-14.7189,0.0593,0.5000,165.5441,-0.0006,-4.2242,-240.3716,2.5483,45.2420,141.0704,21.2457
10995,-14.5978,0.0613,0.5000,165.6964,-0.0005,-4.2027,-242.3228,2.5291,45.2970,141.1850,21.0078
10997,-14.4728,0.0632,0.5000,165.8534,-0.0005,-4.1812,-244.2074,2.5093,45.3544,141.3188,20.7653
10999,-14.3442,0.0649,0.5000,166.0149,-0.0005,-4.1595,-246.0198,2.4888,45.4139,141.4713,20.5190
11001,-14.2123,0.0666,0.5000,166.1805,-0.0005,-4.1377,-247.7545,2.4677,45.4756,141.6422,20.2696
11003,-14.0772,0.0681,0.5000,166.3500,-0.0005,-4.1158,-249.4064,2.4460,45.5392,141.8310,20.0176
11005,-13.9394,0.0694,0.5000,166.5230,-0.0004,-4.0939,-250.9706,2.4239,45.6048,142.0373,19.7638
11007,-13.7990,0.0706,0.5000,166.6991,-0.0004,-4.0719,-252.4429,2.4015,45.6720,142.2605,19.5089
11009,-13.6563,0.0717,0.5000,166.8781,-0.0004,-4.0498,-253.8190,2.3787,45.7409,142.5000,19.2534
11011,-13.5117,0.0726,0.5000,167.0596,-0.0004,-4.0277,-255.0957,2.3556,45.8113,142.7554,18.9981
11013,-13.3655,0.0734,0.5000,167.2432,-0.0004,-4.0055,-256.2696,2.3324,45.8829,143.0260,18.7435
11015,-13.2179,0.0740,0.5000,167.4286,-0.0004,-3.9833,-257.3383,2.3090,45.9558,143.3110,18.4902
11017,-13.0694,0.0744,0.5000,167.6155,-0.0003,-3.9611,-258.2995,2.2855,46.0297,143.6099,18.2388
11019,-12.9201,0.0747,0.5000,167.8033,-0.0003,-3.9389,-259.1517,2.2620,46.1045,143.9219,17.9898
11021,-12.7704,0.0749,0.5000,167.9919,-0.0003,-3.9167,-259.8935,2.2386,46.1800,144.2463,17.7437
11023,-12.6207,0.0749,0.5000,168.1808,-0.0003,-3.8945,-260.5241,2.2153,46.2561,144.5823,17.5010
11025,-12.4712,0.0747,0.5000,168.3695,-0.0003,-3.8723,-261.0431,2.1921,46.3327,144.9292,17.2622
11027,-12.3222,0.0743,0.5000,168.5579,-0.0003,-3.8502,-261.4505,2.1691,46.4095,145.2861,17.0277
11029,-12.1741,0.0739,0.5000,168.7454,-0.0003,-3.8282,-261.7466,2.1464,46.4864,145.6523,16.7978
11031,-12.0271,0.0732,0.5000,168.9318,-0.0002,-3.8062,-261.9320,2.1239,46.5633,146.0270,16.5729
11033,-11.8817,0.0724,0.5000,169.1167,-0.0002,-3.7843,-262.0075,2.1018,46.6401,146.4093,16.3534
11035,-11.7379,0.0715,0.5000,169.2996,-0.0002,-3.7625,-261.9742,2.0800,46.7165,146.7985,16.1394
11037,-11.5961,0.0705,0.5000,169.4804,-0.0002,-3.7408,-261.8334,2.0586,46.7924,147.1936,15.9314
11039,-11.4567,0.0693,0.5000,169.6586,-0.0002,-3.7193,-261.5865,2.0376,46.8677,147.5938,15.7295
11041,-11.3198,0.0679,0.5000,169.8339,-0.0002,-3.6978,-261.2351,2.0171,46.9423,147.9983,15.5339
11043,-11.1857,0.0665,0.5000,170.0060,-0.0002,-3.6765,-260.7810,1.9970,47.0160,148.4062,15.3448
11045,-11.0546,0.0649,0.5000,170.1746,-0.0002,-3.6554,-260.2260,1.9774,47.0886,148.8168,15.1624
11047,-10.9269,0.0632,0.5000,170.3394,-0.0002,-3.6344,-259.5719,1.9584,47.1602,149.2291,14.9869
11049,-10.8027,0.0614,0.5000,170.5001,-0.0002,-3.6136,-258.8208,1.9398,47.2304,149.6423,14.8182
11051,-10.6822,0.0595,0.5000,170.6565,-0.0002,-3.5930,-257.9746,1.9218,47.2992,150.0556,14.6567
11053,-10.5656,0.0575,0.5000,170.8083,-0.0001,-3.5726,-257.0355,1.9043,47.3666,150.4682,14.5022
11055,-10.4532,0.0554,0.5000,170.9552,-0.0001,-3.5524,-256.0057,1.8873,47.4323,150.8792,14.3550
11057,-10.3452,0.0532,0.5000,171.0970,-0.0001,-3.5324,-254.8873,1.8710,47.4963,151.2878,14.2150
11059,-10.2416,0.0509,0.5000,171.2335,-0.0001,-3.5126,-253.6828,1.8551,47.5584,151.6933,14.0824
11061,-10.1428,0.0485,0.5000,171.3646,-0.0001,-3.4931,-252.3945,1.8399,47.6186,152.0947,13.9571
11063,-10.0487,0.0461,0.5000,171.4899,-0.0001,-3.4737,-251.0248,1.8252,47.6768,152.4914,13.8391
11065,-9.9597,0.0436,0.5000,171.6093,-0.0001,-3.4546,-249.5764,1.8111,47.7329,152.8825,13.7286
11067,-9.8757,0.0410,0.5000,171.7227,-0.0001,-3.4358,-248.0518,1.7975,47.7868,153.2673,13.6254
11069,-9.7971,0.0383,0.5000,171.8298,-0.0001,-3.4172,-246.4538,1.7846,47.8384,153.6450,13.5296
11071,-9.7238,0.0356,0.5000,171.9306,-0.0001,-3.3988,-244.7853,1.7722,47.8877,154.0149,13.4413
11073,-9.6559,0.0329,0.5000,172.0248,-0.0002,-3.3807,-243.0491,1.7604,47.9345,154.3763,13.3603
11075,-9.5937,0.0301,0.5000,172.1125,-0.0001,-3.3629,-241.2484,1.7492,47.9789,154.7285,13.2867
11077,-9.5371,0.0272,0.5000,172.1933,-0.0001,-3.3453,-239.3862,1.7385,48.0207,155.0708,13.2205
11079,-9.4862,0.0243,0.5000,172.2674,-0.0001,-3.3280,-237.4657,1.7285,48.0599,155.4025,13.1616
11081,-9.4412,0.0214,0.5000,172.3345,-0.0000,-3.3109,-235.4905,1.7190,48.0964,155.7229,13.1100
11083,-9.4020,0.0185,0.5000,172.3945,-0.0001,-3.2941,-233.4635,1.7101,48.1302,156.0315,13.0658
11085,-9.3687,0.0155,0.5000,172.4475,-0.0001,-3.2776,-231.3885,1.7018,48.1612,156.3277,13.0288
11087,-9.3414,0.0126,0.5000,172.4933,-0.0001,-3.2613,-229.2691,1.6941,48.1894,156.6108,12.9991
11089,-9.3200,0.0096,0.5000,172.5318,-0.0002,-3.2453,-227.1086,1.6870,48.2148,156.8803,12.9767
11091,-9.3046,0.0066,0.5000,172.5631,-0.0001,-3.2295,-224.9111,1.6805,48.2373,157.1357,12.9614
11093,-9.2952,0.0036,0.5000,172.5871,-0.0001,-3.2140,-222.6801,1.6745,48.2569,157.3764,12.9534
11095,-9.2917,0.0006,0.5000,172.6038,-0.0001,-3.1988,-220.4193,1.6692,48.2736,157.6020,12.9525
11097,-9.2943,-0.0024,0.5000,172.6131,-0.0001,-3.1838,-218.1328,1.6645,48.2873,157.8120,12.9588
11099,-9.3027,-0.0054,0.5000,172.6151,-0.0001,-3.1691,-215.8244,1.6604,48.2981,158.0060,12.9722
11101,-9.3171,-0.0083,0.5000,172.6097,-0.0001,-3.1547,-213.4979,1.6570,48.3059,158.1835,12.9927
11103,-9.3374,-0.0112,0.5000,172.5970,-0.0001,-3.1404,-211.1573,1.6541,48.3107,158.3442,13.0203
11105,-9.3635,-0.0141,0.5000,172.5770,-0.0001,-3.1265,-208.8068,1.6519,48.3125,158.4878,13.0549
11107,-9.3953,-0.0170,0.5000,172.5497,-0.0001,-3.1168,-207.1523,1.6507,48.3120,158.5782,13.0834
11109,-9.4328,-0.0198,0.5000,172.5151,-0.0001,-3.1030,-204.7542,1.6496,48.3087,158.6936,13.1308
11111,-9.4759,-0.0226,0.5000,172.4733,-0.0000,-3.0895,-202.3571,1.6491,48.3023,158.7905,13.1855
11113,-9.5246,-0.0253,0.5000,172.4243,-0.0001,-3.0762,-199.9653,1.6493,48.2929,158.8685,13.2473
11115,-9.5786,-0.0280,0.5000,172.3682,-0.0001,-3.0631,-197.5832,1.6502,48.2804,158.9275,13.3163
11117,-9.6380,-0.0307,0.5000,172.3052,-0.0001,-3.0503,-195.2153,1.6518,48.2648,158.9674,13.3924
11119,-9.7026,-0.0333,0.5000,172.2351,-0.0001,-3.0339,-192.1538,1.6549,48.2401,158.9902,13.5025
11121,-9.7723,-0.0358,0.5000,172.1582,-0.0001,-3.0240,-190.2854,1.6574,48.2223,158.9877,13.5763
11123,-9.8469,-0.0382,0.5000,172.0745,-0.0001,-3.0142,-188.4352,1.6604,48.2027,158.9726,13.6547
11125,-9.9264,-0.0406,0.5000,171.9842,-0.0001,-3.0045,-186.6054,1.6638,48.1811,158.9448,13.7376
11127,-10.0105,-0.0429,0.5000,171.8873,-0.0001,-2.9929,-184.4012,1.6686,48.1523,158.8935,13.8451
11129,-10.0991,-0.0452,0.5000,171.7841,-0.0001,-2.9815,-182.2354,1.6742,48.1208,158.8234,13.9591
11131,-10.1921,-0.0473,0.5000,171.6745,-0.0001,-2.9703,-180.1123,1.6804,48.0866,158.7345,14.0798
11133,-10.2893,-0.0494,0.5000,171.5587,-0.0001,-2.9593,-178.0361,1.6873,48.0499,158.6267,14.2069
11135,-10.3906,-0.0513,0.5000,171.4370,-0.0001,-2.9484,-176.0112,1.6950,48.0105,158.5004,14.3405
11137,-10.4956,-0.0532,0.5000,171.3095,-0.0001,-2.9378,-174.0416,1.7033,47.9687,158.3556,14.4805
11139,-10.6043,-0.0550,0.5000,171.1762,-0.0001,-2.9273,-172.1318,1.7124,47.9245,158.1925,14.6267
11141,-10.7164,-0.0567,0.5000,171.0375,-0.0001,-2.9170,-170.2856,1.7222,47.8780,158.0115,14.7790
11143,-10.8318,-0.0583,0.5000,170.8935,-0.0001,-2.9068,-168.5072,1.7327,47.8292,157.8127,14.9374
11145,-10.9502,-0.0597,0.5000,170.7444,-0.0002,-2.8968,-166.8004,1.7439,47.7783,157.5966,15.1017
11147,-11.0714,-0.0611,0.5000,170.5905,-0.0002,-2.8870,-165.1691,1.7558,47.7252,157.3634,15.2716
11149,-11.1952,-0.0624,0.5000,170.4318,-0.0002,-2.8773,-163.6169,1.7685,47.6702,157.1135,15.4472
11151,-11.3214,-0.0635,0.5000,170.2687,-0.0002,-2.8678,-162.1472,1.7818,47.6133,156.8475,15.6281
11153,-11.4497,-0.0645,0.5000,170.1015,-0.0002,-2.8584,-160.7632,1.7957,47.5546,156.5656,15.8142
11155,-11.5799,-0.0654,0.5000,169.9302,-0.0002,-2.8491,-159.4681,1.8104,47.4942,156.2686,16.0052
11157,-11.7117,-0.0662,0.5000,169.7553,-0.0002,-2.8400,-158.2645,1.8257,47.4322,155.9568,16.2009
11159,-11.8450,-0.0669,0.5000,169.5770,-0.0002,-2.8310,-157.1549,1.8417,47.3687,155.6308,16.4011
11161,-11.9794,-0.0674,0.5000,169.3956,-0.0002,-2.8221,-156.1416,1.8583,47.3040,155.2913,16.6055
11163,-12.1147,-0.0678,0.5000,169.2113,-0.0002,-2.8134,-155.2264,1.8754,47.2379,154.9389,16.8138
11165,-12.2507,-0.0681,0.5000,169.0245,-0.0002,-2.8047,-154.4108,1.8932,47.1708,154.5741,17.0257
11167,-12.3870,-0.0682,0.5000,168.8355,-0.0002,-2.7962,-153.6960,1.9115,47.1027,154.1977,17.2408
11169,-12.5236,-0.0683,0.5000,168.6446,-0.0002,-2.7878,-153.0827,1.9304,47.0338,153.8105,17.4587
11171,-12.6600,-0.0682,0.5000,168.4521,-0.0003,-2.7795,-152.5713,1.9498,46.9642,153.4130,17.6792
11173,-12.7960,-0.0679,0.5000,168.2583,-0.0003,-2.7713,-152.1617,1.9696,46.8940,153.0060,17.9018
11175,-12.9315,-0.0676,0.5000,168.0637,-0.0003,-2.7632,-151.8536,1.9899,46.8233,152.5903,18.1262
11177,-13.0661,-0.0671,0.5000,167.8685,-0.0003,-2.7552,-151.6460,2.0106,46.7524,152.1667,18.3518
11179,-13.1996,-0.0665,0.5000,167.6731,-0.0003,-2.7473,-151.5378,2.0317,46.6812,151.7359,18.5784
11181,-13.3317,-0.0658,0.5000,167.4778,-0.0003,-2.7394,-151.5272,2.0531,46.6101,151.2987,18.8053
11183,-13.4623,-0.0650,0.5000,167.2831,-0.0003,-2.7317,-151.6125,2.0748,46.5390,150.8558,19.0322
11185,-13.5912,-0.0641,0.5000,167.0892,-0.0003,-2.7241,-151.7912,2.0968,46.4682,150.4081,19.2587
11187,-13.7180,-0.0630,0.5000,166.8966,-0.0004,-2.7165,-152.0608,2.1189,46.3978,149.9563,19.4841
11189,-13.8426,-0.0619,0.5000,166.7056,-0.0004,-2.7090,-152.4184,2.1413,46.3279,149.5013,19.7082
11191,-13.9648,-0.0606,0.5000,166.5165,-0.0004,-2.7016,-152.8610,2.1637,46.2587,149.0437,19.9303
11193,-14.0844,-0.0593,0.5000,166.3298,-0.0004,-2.6942,-153.3853,2.1862,46.1902,148.5843,20.1501
11195,-14.2012,-0.0578,0.5000,166.1457,-0.0004,-2.6869,-153.9880,2.2087,46.1227,148.1240,20.3670
11197,-14.3150,-0.0563,0.5000,165.9647,-0.0004,-2.6796,-154.6657,2.2311,46.0561,147.6633,20.5805
11199,-14.4256,-0.0547,0.5000,165.7870,-0.0005,-2.6724,-155.4151,2.2535,45.9908,147.2031,20.7902
11201,-14.5330,-0.0530,0.5000,165.6130,-0.0005,-2.6653,-156.2326,2.2758,45.9266,146.7441,20.9957
11203,-14.6369,-0.0513,0.5000,165.4429,-0.0005,-2.6582,-157.1151,2.2978,45.8639,146.2869,21.1965
11205,-14.7372,-0.0495,0.5000,165.2772,-0.0005,-2.6511,-158.0594,2.3197,45.8026,145.8322,21.3920
11207,-14.8339,-0.0476,0.5000,165.1161,-0.0005,-2.6441,-159.0625,2.3412,45.7429,145.3807,21.5820
11209,-14.9266,-0.0456,0.5000,164.9599,-0.0005,-2.6371,-160.1215,2.3624,45.6848,144.9330,21.7660
11211,-15.0154,-0.0436,0.5000,164.8089,-0.0006,-2.6301,-161.2340,2.3832,45.6285,144.4897,21.9435
11213,-15.1002,-0.0416,0.5000,164.6633,-0.0006,-2.6231,-162.3975,2.4036,45.5741,144.0516,22.1142
11215,-15.1807,-0.0395,0.5000,164.5233,-0.0006,-2.6161,-163.6099,2.4235,45.5216,143.6191,22.2777
11217,-15.2570,-0.0373,0.5000,164.3892,-0.0006,-2.6092,-164.8694,2.4429,45.4711,143.1928,22.4336
11219,-15.3289,-0.0351,0.5000,164.2611,-0.0006,-2.6022,-166.1742,2.4617,45.4227,142.7733,22.5816
11221,-15.3964,-0.0329,0.5000,164.1394,-0.0006,-2.5953,-167.5229,2.4800,45.3765,142.3612,22.7212
11223,-15.4594,-0.0306,0.5000,164.0241,-0.0006,-2.5883,-168.9142,2.4975,45.3324,141.9569,22.8523
11225,-15.5178,-0.0283,0.5000,163.9154,-0.0007,-2.5813,-170.3471,2.5144,45.2906,141.5611,22.9744
11227,-15.5715,-0.0260,0.5000,163.8135,-0.0007,-2.5743,-171.8206,2.5305,45.2512,141.1742,23.0873
11229,-15.6205,-0.0236,0.5000,163.7184,-0.0007,-2.5672,-173.3337,2.5458,45.2141,140.7968,23.1908
11231,-15.6647,-0.0212,0.5000,163.6303,-0.0007,-2.5602,-174.8857,2.5604,45.1795,140.4292,23.2844
11233,-15.7040,-0.0188,0.5000,163.5494,-0.0007,-2.5530,-176.4759,2.5741,45.1473,140.0721,23.3681
11235,-15.7384,-0.0163,0.5000,163.4756,-0.0007,-2.5459,-178.1036,2.5869,45.1177,139.7259,23.4415
11237,-15.7679,-0.0138,0.5000,163.4090,-0.0007,-2.5387,-179.7678,2.5988,45.0906,139.3910,23.5045
11239,-15.7924,-0.0113,0.5000,163.3497,-0.0007,-2.5315,-181.4679,2.6098,45.0661,139.0679,23.5570
11241,-15.8118,-0.0088,0.5000,163.2978,-0.0007,-2.5242,-183.2030,2.6198,45.0443,138.7570,23.5986
11243,-15.8262,-0.0062,0.5000,163.2532,-0.0007,-2.5168,-184.9719,2.6289,45.0251,138.4587,23.6293
11245,-15.8354,-0.0037,0.5000,163.2161,-0.0007,-2.5094,-186.7738,2.6369,45.0086,138.1735,23.6490
11247,-15.8395,-0.0011,0.5000,163.1863,-0.0008,-2.5019,-188.6071,2.6439,44.9948,137.9018,23.6576
11249,-15.8384,0.0015,0.5000,163.1639,-0.0008,-2.4943,-190.4706,2.6499,44.9837,137.6439,23.6550
11251,-15.8321,0.0041,0.5000,163.1489,-0.0008,-2.4867,-192.3625,2.6547,44.9754,137.4002,23.6411
11253,-15.8206,0.0067,0.5000,163.1412,-0.0008,-2.4790,-194.2812,2.6586,44.9699,137.1710,23.6161
11255,-15.8039,0.0093,0.5000,163.1408,-0.0008,-2.4713,-196.2245,2.6613,44.9671,136.9568,23.5798
11257,-15.7820,0.0119,0.5000,163.1477,-0.0007,-2.4634,-198.1903,2.6629,44.9672,136.7578,23.5324
11259,-15.7549,0.0145,0.5000,163.1617,-0.0007,-2.4555,-200.1760,2.6634,44.9700,136.5743,23.4739
11261,-15.7226,0.0171,0.5000,163.1829,-0.0007,-2.4475,-202.1790,2.6628,44.9756,136.4066,23.4044
11263,-15.6851,0.0197,0.5000,163.2112,-0.0007,-2.4394,-204.1963,2.6611,44.9841,136.2550,23.3241
11265,-15.6425,0.0223,0.5000,163.2464,-0.0007,-2.4312,-206.2247,2.6583,44.9953,136.1196,23.2332
11267,-15.5948,0.0248,0.5000,163.2884,-0.0007,-2.4229,-208.2609,2.6545,45.0093,136.0008,23.1318
11269,-15.5420,0.0273,0.5000,163.3372,-0.0007,-2.4146,-210.3012,2.6495,45.0261,135.8987,23.0202
11271,-15.4843,0.0298,0.5000,163.3927,-0.0007,-2.4061,-212.3417,2.6435,45.0457,135.8134,22.8988
11273,-15.4217,0.0322,0.5000,163.4546,-0.0007,-2.3976,-214.3783,2.6364,45.0679,135.7452,22.7677
11275,-15.3542,0.0346,0.5000,163.5229,-0.0007,-2.3890,-216.4068,2.6283,45.0929,135.6940,22.6273
11277,-15.2819,0.0370,0.5000,163.5973,-0.0007,-2.3802,-218.4225,2.6191,45.1205,135.6600,22.4781
11279,-15.2051,0.0393,0.5000,163.6778,-0.0006,-2.3714,-220.4210,2.6090,45.1507,135.6433,22.3203
11281,-15.1237,0.0415,0.5000,163.7642,-0.0006,-2.3625,-222.3973,2.5980,45.1836,135.6438,22.1545
11283,-15.0379,0.0437,0.5000,163.8563,-0.0006,-2.3535,-224.3465,2.5860,45.2189,135.6615,21.9810
11285,-14.9479,0.0458,0.5000,163.9538,-0.0006,-2.3444,-226.2636,2.5731,45.2567,135.6963,21.8004
11287,-14.8538,0.0478,0.5000,164.0566,-0.0006,-2.3352,-228.1436,2.5594,45.2970,135.7482,21.6131
11289,-14.7557,0.0497,0.5000,164.1645,-0.0006,-2.3260,-229.9813,2.5449,45.3395,135.8170,21.4197
11291,-14.6539,0.0516,0.5000,164.2772,-0.0006,-2.3166,-231.7717,2.5296,45.3844,135.9026,21.2206
11293,-14.5485,0.0533,0.5000,164.3945,-0.0005,-2.3072,-233.5098,2.5137,45.4314,136.0048,21.0165
11295,-14.4397,0.0550,0.5000,164.5161,-0.0005,-2.2977,-235.1906,2.4970,45.4805,136.1233,20.8079
11297,-14.3278,0.0565,0.5000,164.6418,-0.0005,-2.2880,-236.8094,2.4798,45.5317,136.2578,20.5953
11299,-14.2129,0.0580,0.5000,164.7713,-0.0005,-2.2784,-238.3615,2.4619,45.5847,136.4080,20.3794
11301,-14.0954,0.0593,0.5000,164.9044,-0.0005,-2.2686,-239.8427,2.4436,45.6396,136.5737,20.1607
11303,-13.9753,0.0605,0.5000,165.0407,-0.0005,-2.2588,-241.2487,2.4248,45.6962,136.7544,19.9398
11305,-13.8530,0.0615,0.5000,165.1799,-0.0004,-2.2489,-242.5757,2.4056,45.7544,136.9496,19.7172
11307,-13.7287,0.0625,0.5000,165.3218,-0.0004,-2.2389,-243.8202,2.3861,45.8140,137.1590,19.4935
11309,-13.6028,0.0633,0.5000,165.4660,-0.0004,-2.2289,-244.9790,2.3663,45.8751,137.3821,19.2692
11311,-13.4753,0.0640,0.5000,165.6122,-0.0004,-2.2189,-246.0492,2.3462,45.9374,137.6184,19.0450
11313,-13.3467,0.0645,0.5000,165.7602,-0.0004,-2.2088,-247.0284,2.3259,46.0008,137.8673,18.8212
11315,-13.2172,0.0649,0.5000,165.9095,-0.0004,-2.1986,-247.9144,2.3056,46.0651,138.1282,18.5985
11317,-13.0870,0.0652,0.5000,166.0598,-0.0003,-2.1885,-248.7055,2.2851,46.1304,138.4007,18.3773
11319,-12.9565,0.0653,0.5000,166.2109,-0.0003,-2.1783,-249.4003,2.2646,46.1964,138.6840,18.1581
11321,-12.8258,0.0653,0.5000,166.3624,-0.0003,-2.1680,-249.9979,2.2441,46.2629,138.9776,17.9413
11323,-12.6954,0.0652,0.5000,166.5139,-0.0003,-2.1578,-250.4975,2.2237,46.3300,139.2808,17.7273
11325,-12.5654,0.0649,0.5000,166.6652,-0.0003,-2.1475,-250.8989,2.2034,46.3973,139.5929,17.5165
11327,-12.4361,0.0645,0.5000,166.8159,-0.0003,-2.1373,-251.2021,2.1832,46.4649,139.9133,17.3094
11329,-12.3078,0.0639,0.5000,166.9656,-0.0003,-2.1270,-251.4072,2.1632,46.5325,140.2413,17.1062
11331,-12.1807,0.0633,0.5000,167.1142,-0.0003,-2.1168,-251.5149,2.1434,46.6000,140.5762,16.9073
11333,-12.0551,0.0625,0.5000,167.2612,-0.0002,-2.1066,-251.5261,2.1239,46.6674,140.9173,16.7129
11335,-11.9313,0.0616,0.5000,167.4063,-0.0002,-2.0964,-251.4415,2.1047,46.7343,141.2639,16.5234
11337,-11.8094,0.0605,0.5000,167.5493,-0.0002,-2.0862,-251.2626,2.0858,46.8009,141.6152,16.3390
11339,-11.6898,0.0594,0.5000,167.6898,-0.0002,-2.0760,-250.9906,2.0673,46.8668,141.9706,16.1599
11341,-11.5726,0.0581,0.5000,167.8277,-0.0002,-2.0659,-250.6271,2.0491,46.9320,142.3293,15.9863
11343,-11.4580,0.0568,0.5000,167.9625,-0.0002,-2.0559,-250.1737,2.0313,46.9964,142.6906,15.8184
11345,-11.3463,0.0553,0.5000,168.0941,-0.0002,-2.0459,-249.6322,2.0139,47.0599,143.0538,15.6565
11347,-11.2377,0.0537,0.5000,168.2222,-0.0002,-2.0360,-249.0044,1.9970,47.1223,143.4181,15.5005
11349,-11.1324,0.0520,0.5000,168.3465,-0.0002,-2.0261,-248.2923,1.9805,47.1835,143.7829,15.3507
11351,-11.0304,0.0503,0.5000,168.4669,-0.0002,-2.0163,-247.4979,1.9644,47.2434,144.1474,15.2071
11353,-10.9322,0.0484,0.5000,168.5830,-0.0002,-2.0066,-246.6233,1.9489,47.3020,144.5109,15.0699
11355,-10.8376,0.0465,0.5000,168.6947,-0.0002,-1.9969,-245.6706,1.9338,47.3590,144.8727,14.9391
11357,-10.7471,0.0445,0.5000,168.8018,-0.0002,-1.9874,-244.6421,1.9192,47.4145,145.2322,14.8148
11359,-10.6606,0.0424,0.5000,168.9041,-0.0002,-1.9779,-243.5400,1.9051,47.4684,145.5885,14.6972
11361,-10.5784,0.0403,0.5000,169.0014,-0.0001,-1.9685,-242.3666,1.8915,47.5205,145.9412,14.5861
11363,-10.5005,0.0381,0.5000,169.0936,-0.0001,-1.9592,-241.1244,1.8784,47.5707,146.2894,14.4817
11365,-10.4271,0.0358,0.5000,169.1805,-0.0001,-1.9500,-239.8158,1.8658,47.6191,146.6325,14.3840
11367,-10.3583,0.0335,0.5000,169.2619,-0.0001,-1.9409,-238.4433,1.8538,47.6655,146.9699,14.2930
11369,-10.2943,0.0312,0.5000,169.3377,-0.0001,-1.9320,-237.0095,1.8422,47.7098,147.3009,14.2087
11371,-10.2350,0.0287,0.5000,169.4079,-0.0001,-1.9231,-235.5170,1.8312,47.7520,147.6250,14.1312
11373,-10.1805,0.0263,0.5000,169.4722,-0.0001,-1.9143,-233.9686,1.8208,47.7920,147.9415,14.0604
11375,-10.1311,0.0238,0.5000,169.5306,-0.0001,-1.9057,-232.3669,1.8108,47.8298,148.2498,13.9964
11377,-10.0866,0.0213,0.5000,169.5831,-0.0001,-1.8971,-230.7148,1.8014,47.8653,148.5493,13.9392
11379,-10.0472,0.0187,0.5000,169.6294,-0.0001,-1.8887,-229.0153,1.7926,47.8985,148.8395,13.8886
11381,-10.0129,0.0162,0.5000,169.6696,-0.0001,-1.8804,-227.2712,1.7843,47.9292,149.1198,13.8449
11383,-9.9839,0.0136,0.5000,169.7035,-0.0001,-1.8722,-225.4856,1.7765,47.9576,149.3898,13.8078
11385,-9.9599,0.0110,0.5000,169.7312,-0.0001,-1.8641,-223.6616,1.7693,47.9835,149.6488,13.7775
11387,-9.9413,0.0084,0.5000,169.7526,-0.0001,-1.8561,-221.8024,1.7626,48.0068,149.8965,13.7538
11389,-9.9278,0.0058,0.5000,169.7676,-0.0001,-1.8483,-219.9111,1.7565,48.0277,150.1323,13.7369
11391,-9.9196,0.0031,0.5000,169.7762,-0.0001,-1.8406,-217.9910,1.7510,48.0460,150.3558,13.7266
11393,-9.9165,0.0005,0.5000,169.7784,-0.0001,-1.8329,-216.0454,1.7460,48.0617,150.5666,13.7229
11395,-9.9188,-0.0021,0.5000,169.7742,-0.0001,-1.8255,-214.0776,1.7415,48.0748,150.7643,13.7258
11397,-9.9262,-0.0047,0.5000,169.7636,-0.0001,-1.8181,-212.0911,1.7377,48.0853,150.9484,13.7354
11399,-9.9387,-0.0072,0.5000,169.7466,-0.0001,-1.8108,-210.0893,1.7344,48.0931,151.1187,13.7515
11401,-9.9564,-0.0098,0.5000,169.7232,-0.0001,-1.8037,-208.0756,1.7317,48.0984,151.2748,13.7741
11403,-9.9792,-0.0123,0.5000,169.6934,-0.0001,-1.7967,-206.0537,1.7296,48.1010,151.4163,13.8033
11405,-10.0069,-0.0148,0.5000,169.6573,-0.0001,-1.7897,-204.0269,1.7280,48.1010,151.5431,13.8389
11407,-10.0397,-0.0173,0.5000,169.6149,-0.0001,-1.7829,-201.9991,1.7271,48.0983,151.6548,13.8810
11409,-10.0773,-0.0197,0.5000,169.5663,-0.0001,-1.7763,-199.9736,1.7267,48.0931,151.7512,13.9295
11411,-10.1197,-0.0221,0.5000,169.5114,-0.0001,-1.7697,-197.9543,1.7270,48.0852,151.8322,13.9844
11413,-10.1669,-0.0245,0.5000,169.4504,-0.0001,-1.7632,-195.9446,1.7278,48.0748,151.8975,14.0456
11415,-10.2187,-0.0268,0.5000,169.3834,-0.0001,-1.7568,-193.9484,1.7293,48.0617,151.9470,14.1132
11417,-10.2750,-0.0290,0.5000,169.3104,-0.0001,-1.7506,-191.9693,1.7314,48.0462,151.9806,14.1869
11419,-10.3357,-0.0312,0.5000,169.2314,-0.0001,-1.7444,-190.0109,1.7341,48.0281,151.9981,14.2669
11421,-10.4008,-0.0333,0.5000,169.1467,-0.0001,-1.7384,-188.0771,1.7374,48.0075,151.9996,14.3530
11423,-10.4700,-0.0354,0.5000,169.0563,-0.0001,-1.7324,-186.1714,1.7413,47.9845,151.9849,14.4453
11425,-10.5433,-0.0374,0.5000,168.9603,-0.0001,-1.7266,-184.2976,1.7459,47.9591,151.9541,14.5435
11427,-10.6205,-0.0393,0.5000,168.8588,-0.0001,-1.7208,-182.4594,1.7511,47.9313,151.9073,14.6476
11429,-10.7014,-0.0412,0.5000,168.7520,-0.0001,-1.7151,-180.6604,1.7569,47.9012,151.8444,14.7577
11431,-10.7860,-0.0429,0.5000,168.6400,-0.0001,-1.7096,-178.9041,1.7634,47.8688,151.7656,14.8735
11433,-10.8740,-0.0447,0.5000,168.5229,-0.0001,-1.7041,-177.1942,1.7704,47.8343,151.6709,14.9949
11435,-10.9654,-0.0463,0.5000,168.4009,-0.0002,-1.6987,-175.5341,1.7782,47.7976,151.5606,15.1220
11437,-11.0598,-0.0478,0.5000,168.2741,-0.0002,-1.6934,-173.9273,1.7865,47.7588,151.4348,15.2545
11439,-11.1573,-0.0492,0.5000,168.1428,-0.0002,-1.6882,-172.3770,1.7954,47.7180,151.2938,15.3923
11441,-11.2575,-0.0506,0.5000,168.0071,-0.0002,-1.6830,-170.8866,1.8050,47.6752,151.1377,15.5354
11443,-11.3603,-0.0519,0.5000,167.8672,-0.0002,-1.6779,-169.4591,1.8152,47.6306,150.9669,15.6834
11445,-11.4654,-0.0530,0.5000,167.7232,-0.0002,-1.6729,-168.0976,1.8260,47.5842,150.7816,15.8364
11447,-11.5728,-0.0541,0.5000,167.5754,-0.0002,-1.6680,-166.8047,1.8374,47.5361,150.5823,15.9940
11449,-11.6822,-0.0551,0.5000,167.4240,-0.0002,-1.6632,-165.5833,1.8494,47.4864,150.3692,16.1562
11451,-11.7934,-0.0559,0.5000,167.2693,-0.0002,-1.6584,-164.4357,1.8620,47.4351,150.1427,16.3227
11453,-11.9062,-0.0567,0.5000,167.1113,-0.0002,-1.6537,-163.3643,1.8751,47.3825,149.9034,16.4932
11455,-12.0204,-0.0573,0.5000,166.9505,-0.0002,-1.6491,-162.3710,1.8888,47.3285,149.6515,16.6677
11457,-12.1358,-0.0579,0.5000,166.7869,-0.0002,-1.6445,-161.4577,1.9030,47.2732,149.3877,16.8457
11459,-12.2521,-0.0583,0.5000,166.6210,-0.0002,-1.6400,-160.6261,1.9178,47.2169,149.1123,17.0272
11461,-12.3691,-0.0586,0.5000,166.4528,-0.0002,-1.6356,-159.8773,1.9330,47.1595,148.8259,17.2117
11463,-12.4867,-0.0589,0.5000,166.2828,-0.0002,-1.6312,-159.2124,1.9487,47.1012,148.5291,17.3990
11465,-12.6047,-0.0590,0.5000,166.1111,-0.0003,-1.6269,-158.6321,1.9649,47.0420,148.2224,17.5888
11467,-12.7227,-0.0590,0.5000,165.9381,-0.0003,-1.6226,-158.1370,1.9815,46.9822,147.9064,17.7808
11469,-12.8406,-0.0589,0.5000,165.7640,-0.0003,-1.6184,-157.7272,1.9986,46.9219,147.5817,17.9747
11471,-12.9581,-0.0587,0.5000,165.5891,-0.0003,-1.6142,-157.4025,2.0160,46.8610,147.2488,18.1700
11473,-13.0752,-0.0584,0.5000,165.4137,-0.0003,-1.6101,-157.1626,2.0337,46.7998,146.9085,18.3665
11475,-13.1914,-0.0580,0.5000,165.2381,-0.0003,-1.6060,-157.0068,2.0518,46.7384,146.5612,18.5638
11477,-13.3068,-0.0575,0.5000,165.0627,-0.0003,-1.6020,-156.9340,2.0702,46.6768,146.2077,18.7616
11479,-13.4209,-0.0568,0.5000,164.8876,-0.0003,-1.5980,-156.9432,2.0888,46.6153,145.8487,18.9593
11481,-13.5338,-0.0561,0.5000,164.7132,-0.0003,-1.5941,-157.0327,2.1077,46.5539,145.4846,19.1568
11483,-13.6450,-0.0553,0.5000,164.5399,-0.0004,-1.5902,-157.2009,2.1267,46.4927,145.1163,19.3535
11485,-13.7546,-0.0544,0.5000,164.3679,-0.0004,-1.5863,-157.4460,2.1459,46.4318,144.7443,19.5490
11487,-13.8622,-0.0534,0.5000,164.1975,-0.0004,-1.5825,-157.7659,2.1652,46.3714,144.3693,19.7431
11489,-13.9678,-0.0524,0.5000,164.0290,-0.0004,-1.5787,-158.1584,2.1845,46.3116,143.9919,19.9352
11491,-14.0711,-0.0512,0.5000,163.8627,-0.0004,-1.5750,-158.6212,2.2039,46.2525,143.6128,20.1249
11493,-14.1720,-0.0500,0.5000,163.6989,-0.0004,-1.5712,-159.1520,2.2232,46.1942,143.2326,20.3120
11495,-14.2704,-0.0487,0.5000,163.5379,-0.0004,-1.5675,-159.7484,2.2425,46.1368,142.8518,20.4959
11497,-14.3660,-0.0473,0.5000,163.3799,-0.0004,-1.5639,-160.4078,2.2617,46.0803,142.4712,20.6763
11499,-14.4588,-0.0458,0.5000,163.2253,-0.0005,-1.5602,-161.1280,2.2808,46.0250,142.0914,20.8527
11501,-14.5486,-0.0443,0.5000,163.0742,-0.0005,-1.5566,-161.9064,2.2997,45.9708,141.7128,21.0249
11503,-14.6352,-0.0427,0.5000,162.9270,-0.0005,-1.5529,-162.7410,2.3183,45.9179,141.3362,21.1925
11505,-14.7187,-0.0411,0.5000,162.7839,-0.0005,-1.5493,-163.6293,2.3367,45.8664,140.9620,21.3549
11507,-14.7988,-0.0394,0.5000,162.6451,-0.0005,-1.5457,-164.5693,2.3548,45.8164,140.5909,21.5121
11509,-14.8754,-0.0377,0.5000,162.5109,-0.0005,-1.5421,-165.5590,2.3726,45.7678,140.2234,21.6634
11511,-14.9485,-0.0359,0.5000,162.3814,-0.0005,-1.5385,-166.5965,2.3899,45.7209,139.8600,21.8087
11513,-15.0179,-0.0340,0.5000,162.2568,-0.0006,-1.5349,-167.6800,2.4068,45.6757,139.5013,21.9477
11515,-15.0836,-0.0321,0.5000,162.1374,-0.0006,-1.5313,-168.8080,2.4233,45.6322,139.1477,22.0799
11517,-15.1454,-0.0302,0.5000,162.0233,-0.0006,-1.5277,-169.9788,2.4393,45.5905,138.7998,22.2050
11519,-15.2034,-0.0282,0.5000,161.9147,-0.0006,-1.5241,-171.1910,2.4547,45.5507,138.4581,22.3229
11521,-15.2573,-0.0262,0.5000,161.8116,-0.0006,-1.5205,-172.4434,2.4695,45.5128,138.1230,22.4332
11523,-15.3072,-0.0242,0.5000,161.7144,-0.0006,-1.5169,-173.7347,2.4837,45.4770,137.7950,22.5357
11525,-15.3530,-0.0221,0.5000,161.6230,-0.0006,-1.5132,-175.0637,2.4973,45.4431,137.4747,22.6301
11527,-15.3946,-0.0200,0.5000,161.5375,-0.0006,-1.5095,-176.4293,2.5103,45.4114,137.1623,22.7162
11529,-15.4319,-0.0179,0.5000,161.4582,-0.0006,-1.5059,-177.8304,2.5225,45.3818,136.8584,22.7938
11531,-15.4650,-0.0157,0.5000,161.3850,-0.0007,-1.5021,-179.2660,2.5340,45.3544,136.5634,22.8626
11533,-15.4937,-0.0135,0.5000,161.3181,-0.0007,-1.4984,-180.7348,2.5447,45.3292,136.2778,22.9225
11535,-15.5180,-0.0113,0.5000,161.2574,-0.0007,-1.4946,-182.2359,2.5546,45.3062,136.0018,22.9733
11537,-15.5379,-0.0091,0.5000,161.2031,-0.0007,-1.4908,-183.7679,2.5638,45.2855,135.7360,23.0150
11539,-15.5534,-0.0069,0.5000,161.1552,-0.0007,-1.4870,-185.3297,2.5721,45.2672,135.4807,23.0473
11541,-15.5643,-0.0046,0.5000,161.1137,-0.0007,-1.4832,-186.9199,2.5795,45.2512,135.2362,23.0701
11543,-15.5707,-0.0024,0.5000,161.0786,-0.0007,-1.4793,-188.5371,2.5861,45.2376,135.0030,23.0834
11545,-15.5726,-0.0001,0.5000,161.0500,-0.0007,-1.4753,-190.1798,2.5918,45.2263,134.7813,23.0871
11547,-15.5699,0.0022,0.5000,161.0277,-0.0007,-1.4713,-191.8462,2.5966,45.2175,134.5715,23.0812
11549,-15.5626,0.0045,0.5000,161.0119,-0.0007,-1.4673,-193.5346,2.6005,45.2111,134.3740,23.0657
11551,-15.5508,0.0068,0.5000,161.0025,-0.0007,-1.4633,-195.2430,2.6035,45.2072,134.1889,23.0405
11553,-15.5344,0.0091,0.5000,160.9995,-0.0007,-1.4592,-196.9693,2.6055,45.2057,134.0167,23.0058
11555,-15.5134,0.0113,0.5000,161.0027,-0.0007,-1.4550,-198.7112,2.6066,45.2067,133.8575,22.9615
11557,-15.4879,0.0136,0.5000,161.0122,-0.0007,-1.4508,-200.4664,2.6068,45.2101,133.7116,22.9077
11559,-15.4578,0.0159,0.5000,161.0279,-0.0007,-1.4466,-202.2320,2.6060,45.2159,133.5793,22.8446
11561,-15.4233,0.0181,0.5000,161.0497,-0.0007,-1.4423,-204.0056,2.6043,45.2243,133.4607,22.7724
11563,-15.3843,0.0203,0.5000,161.0776,-0.0007,-1.4379,-205.7838,2.6016,45.2350,133.3561,22.6910
11565,-15.3408,0.0225,0.5000,161.1114,-0.0007,-1.4335,-207.5639,2.5980,45.2482,133.2656,22.6009
11567,-15.2931,0.0247,0.5000,161.1510,-0.0007,-1.4291,-209.3423,2.5935,45.2639,133.1894,22.5021
11569,-15.2410,0.0268,0.5000,161.1964,-0.0006,-1.4246,-211.1158,2.5881,45.2819,133.1275,22.3950
11571,-15.1847,0.0289,0.5000,161.2473,-0.0006,-1.4200,-212.8806,2.5819,45.3023,133.0801,22.2797
11573,-15.1243,0.0310,0.5000,161.3038,-0.0006,-1.4154,-214.6332,2.5747,45.3250,133.0472,22.1566
11575,-15.0598,0.0330,0.5000,161.3656,-0.0006,-1.4108,-216.3696,2.5667,45.3500,133.0290,22.0261
11577,-14.9914,0.0349,0.5000,161.4325,-0.0006,-1.4061,-218.0859,2.5579,45.3773,133.0253,21.8884
11579,-14.9191,0.0368,0.5000,161.5045,-0.0006,-1.4013,-219.7780,2.5483,45.4068,133.0362,21.7438
11581,-14.8432,0.0387,0.5000,161.5814,-0.0006,-1.3965,-221.4419,2.5379,45.4385,133.0617,21.5929
11583,-14.7636,0.0404,0.5000,161.6630,-0.0006,-1.3916,-223.0735,2.5267,45.4723,133.1017,21.4360
11585,-14.6806,0.0421,0.5000,161.7490,-0.0006,-1.3867,-224.6686,2.5149,45.5081,133.1560,21.2735
11587,-14.5943,0.0437,0.5000,161.8394,-0.0005,-1.3817,-226.2231,2.5024,45.5460,133.2246,21.1058
11589,-14.5049,0.0453,0.5000,161.9338,-0.0005,-1.3767,-227.7329,2.4892,45.5858,133.3073,20.9334
11591,-14.4125,0.0467,0.5000,162.0322,-0.0005,-1.3717,-229.1939,2.4755,45.6274,133.4040,20.7567
11593,-14.3173,0.0481,0.5000,162.1341,-0.0005,-1.3666,-230.6023,2.4612,45.6709,133.5143,20.5763
11595,-14.2196,0.0494,0.5000,162.2396,-0.0005,-1.3614,-231.9543,2.4463,45.7160,133.6380,20.3925
11597,-14.1194,0.0505,0.5000,162.3482,-0.0005,-1.3562,-233.2462,2.4310,45.7628,133.7749,20.2059
11599,-14.0170,0.0516,0.5000,162.4597,-0.0005,-1.3510,-234.4745,2.4153,45.8110,133.9246,20.0168
11601,-13.9126,0.0526,0.5000,162.5740,-0.0004,-1.3457,-235.6360,2.3992,45.8607,134.0869,19.8259
11603,-13.8064,0.0534,0.5000,162.6907,-0.0004,-1.3404,-236.7277,2.3827,45.9118,134.2613,19.6336
11605,-13.6986,0.0541,0.5000,162.8095,-0.0004,-1.3350,-237.7468,2.3659,45.9640,134.4475,19.4402
11607,-13.5895,0.0548,0.5000,162.9303,-0.0004,-1.3296,-238.6907,2.3489,46.0174,134.6451,19.2464
11609,-13.4793,0.0553,0.5000,163.0527,-0.0004,-1.3242,-239.5573,2.3317,46.0719,134.8535,19.0525
11611,-13.3682,0.0557,0.5000,163.1765,-0.0004,-1.3188,-240.3445,2.3143,46.1272,135.0724,18.8590
11613,-13.2564,0.0560,0.5000,163.3013,-0.0004,-1.3133,-241.0506,2.2967,46.1833,135.3013,18.6663
11615,-13.1442,0.0561,0.5000,163.4269,-0.0003,-1.3079,-241.6743,2.2791,46.2402,135.5396,18.4749
11617,-13.0318,0.0562,0.5000,163.5531,-0.0003,-1.3024,-242.2145,2.2615,46.2976,135.7869,18.2850
11619,-12.9195,0.0561,0.5000,163.6794,-0.0003,-1.2968,-242.6704,2.2438,46.3554,136.0426,18.0971
11621,-12.8074,0.0559,0.5000,163.8057,-0.0003,-1.2913,-243.0414,2.2262,46.4136,136.3062,17.9116
11623,-12.6959,0.0557,0.5000,163.9317,-0.0003,-1.2858,-243.3272,2.2087,46.4721,136.5770,17.7288
11625,-12.5851,0.0552,0.5000,164.0571,-0.0003,-1.2803,-243.5279,2.1912,46.5306,136.8545,17.5490
11627,-12.4752,0.0547,0.5000,164.1816,-0.0003,-1.2747,-243.6437,2.1740,46.5892,137.1382,17.3726
11629,-12.3666,0.0541,0.5000,164.3049,-0.0003,-1.2692,-243.6751,2.1568,46.6476,137.4274,17.1998
11631,-12.2593,0.0533,0.5000,164.4268,-0.0003,-1.2636,-243.6226,2.1399,46.7058,137.7216,17.0308
11633,-12.1537,0.0525,0.5000,164.5470,-0.0003,-1.2581,-243.4873,2.1233,46.7637,138.0200,16.8660
11635,-12.0499,0.0516,0.5000,164.6652,-0.0002,-1.2526,-243.2701,2.1069,46.8211,138.3222,16.7056
11637,-11.9480,0.0505,0.5000,164.7813,-0.0002,-1.2471,-242.9722,2.0907,46.8779,138.6274,16.5497
11639,-11.8484,0.0494,0.5000,164.8949,-0.0002,-1.2416,-242.5949,2.0749,46.9341,138.9351,16.3986
11641,-11.7512,0.0481,0.5000,165.0059,-0.0002,-1.2362,-242.1398,2.0594,46.9894,139.2446,16.2524
11643,-11.6566,0.0468,0.5000,165.1139,-0.0002,-1.2308,-241.6085,2.0443,47.0440,139.5554,16.1114
11645,-11.5647,0.0454,0.5000,165.2188,-0.0002,-1.2254,-241.0026,2.0295,47.0975,139.8667,15.9756
11647,-11.4758,0.0439,0.5000,165.3205,-0.0002,-1.2200,-240.3239,2.0151,47.1500,140.1781,15.8452
11649,-11.3899,0.0423,0.5000,165.4185,-0.0002,-1.2147,-239.5743,2.0011,47.2013,140.4888,15.7203
11651,-11.3072,0.0407,0.5000,165.5129,-0.0002,-1.2094,-238.7557,1.9875,47.2514,140.7983,15.6010
11653,-11.2279,0.0390,0.5000,165.6033,-0.0002,-1.2041,-237.8703,1.9743,47.3001,141.1060,15.4874
11655,-11.1521,0.0372,0.5000,165.6897,-0.0002,-1.1989,-236.9199,1.9615,47.3474,141.4113,15.3796
11657,-11.0800,0.0354,0.5000,165.7719,-0.0002,-1.1937,-235.9069,1.9492,47.3933,141.7136,15.2777
11659,-11.0115,0.0335,0.5000,165.8496,-0.0002,-1.1885,-234.8334,1.9373,47.4375,142.0122,15.1816
11661,-10.9470,0.0316,0.5000,165.9228,-0.0002,-1.1835,-233.7017,1.9259,47.4801,142.3068,15.0915
11663,-10.8863,0.0296,0.5000,165.9914,-0.0002,-1.1784,-232.5140,1.9149,47.5210,142.5966,15.0074
11665,-10.8298,0.0275,0.5000,166.0551,-0.0002,-1.1734,-231.2728,1.9045,47.5601,142.8811,14.9294
11667,-10.7773,0.0254,0.5000,166.1140,-0.0002,-1.1685,-229.9805,1.8944,47.5974,143.1598,14.8574
11669,-10.7291,0.0233,0.5000,166.1678,-0.0002,-1.1636,-228.6394,1.8849,47.6328,143.4323,14.7915
11671,-10.6851,0.0212,0.5000,166.2165,-0.0002,-1.1588,-227.2522,1.8758,47.6663,143.6978,14.7317
11673,-10.6455,0.0190,0.5000,166.2600,-0.0001,-1.1540,-225.8215,1.8673,47.6978,143.9561,14.6781
11675,-10.6103,0.0168,0.5000,166.2983,-0.0001,-1.1493,-224.3497,1.8592,47.7272,144.2065,14.6305
11677,-10.5795,0.0146,0.5000,166.3312,-0.0001,-1.1446,-222.8396,1.8516,47.7546,144.4486,14.5891
11679,-10.5532,0.0123,0.5000,166.3587,-0.0001,-1.1400,-221.2940,1.8445,47.7798,144.6820,14.5538
11681,-10.5314,0.0101,0.5000,166.3808,-0.0001,-1.1355,-219.7155,1.8379,47.8029,144.9062,14.5247
11683,-10.5141,0.0078,0.5000,166.3974,-0.0001,-1.1310,-218.1070,1.8318,47.8238,145.1207,14.5016
11685,-10.5013,0.0055,0.5000,166.4084,-0.0001,-1.1266,-216.4713,1.8263,47.8424,145.3253,14.4847
11687,-10.4931,0.0033,0.5000,166.4139,-0.0001,-1.1222,-214.8113,1.8212,47.8589,145.5195,14.4739
11689,-10.4895,0.0010,0.5000,166.4138,-0.0001,-1.1179,-213.1299,1.8167,47.8731,145.7029,14.4691
11691,-10.4903,-0.0013,0.5000,166.4081,-0.0001,-1.1137,-211.4302,1.8127,47.8850,145.8752,14.4704
11693,-10.4957,-0.0035,0.5000,166.3969,-0.0001,-1.1095,-209.7151,1.8092,47.8946,146.0360,14.4777
11695,-10.5056,-0.0058,0.5000,166.3800,-0.0001,-1.1054,-207.9877,1.8062,47.9019,146.1852,14.4910
11697,-10.5199,-0.0080,0.5000,166.3576,-0.0001,-1.1013,-206.2510,1.8038,47.9069,146.3222,14.5103
11699,-10.5386,-0.0102,0.5000,166.3297,-0.0001,-1.0973,-204.5081,1.8019,47.9097,146.4470,14.5356
11701,-10.5617,-0.0124,0.5000,166.2963,-0.0001,-1.0933,-202.7622,1.8005,47.9101,146.5593,14.5667
11703,-10.5891,-0.0145,0.5000,166.2573,-0.0001,-1.0895,-201.0164,1.7997,47.9082,146.6587,14.6038
11705,-10.6208,-0.0166,0.5000,166.2130,-0.0001,-1.0856,-199.2740,1.7994,47.9040,146.7453,14.6467
11707,-10.6566,-0.0187,0.5000,166.1632,-0.0001,-1.0819,-197.5379,1.7997,47.8976,146.8187,14.6953
11709,-10.6965,-0.0207,0.5000,166.1082,-0.0001,-1.0782,-195.8115,1.8005,47.8888,146.8788,14.7498
11711,-10.7405,-0.0227,0.5000,166.0478,-0.0001,-1.0745,-194.0980,1.8019,47.8779,146.9255,14.8099
11713,-10.7884,-0.0247,0.5000,165.9823,-0.0001,-1.0709,-192.4005,1.8038,47.8647,146.9587,14.8756
11715,-10.8401,-0.0266,0.5000,165.9117,-0.0002,-1.0674,-190.7222,1.8062,47.8493,146.9783,14.9470
11717,-10.8956,-0.0284,0.5000,165.8361,-0.0002,-1.0639,-189.0664,1.8093,47.8318,146.9843,15.0238
11719,-10.9547,-0.0302,0.5000,165.7556,-0.0002,-1.0604,-187.4361,1.8129,47.8121,146.9766,15.1061
11721,-11.0173,-0.0320,0.5000,165.6702,-0.0002,-1.0570,-185.8345,1.8170,47.7903,146.9553,15.1937
11723,-11.0833,-0.0336,0.5000,165.5802,-0.0002,-1.0537,-184.2647,1.8217,47.7665,146.9204,15.2867
11725,-11.1526,-0.0352,0.5000,165.4855,-0.0002,-1.0504,-182.7297,1.8270,47.7406,146.8718,15.3848
11727,-11.2250,-0.0368,0.5000,165.3864,-0.0002,-1.0472,-181.2327,1.8328,47.7128,146.8098,15.4880
11729,-11.3004,-0.0382,0.5000,165.2830,-0.0002,-1.0440,-179.7765,1.8392,47.6831,146.7344,15.5962
11731,-11.3786,-0.0396,0.5000,165.1754,-0.0002,-1.0409,-178.3640,1.8461,47.6515,146.6457,15.7093
11733,-11.4596,-0.0410,0.5000,165.0637,-0.0002,-1.0378,-176.9980,1.8536,47.6181,146.5439,15.8271
11735,-11.5431,-0.0422,0.5000,164.9481,-0.0002,-1.0347,-175.6812,1.8616,47.5830,146.4292,15.9495
11737,-11.6291,-0.0434,0.5000,164.8288,-0.0002,-1.0317,-174.4163,1.8701,47.5462,146.3018,16.0764
11739,-11.7172,-0.0445,0.5000,164.7060,-0.0002,-1.0288,-173.2057,1.8792,47.5078,146.1619,16.2077
11741,-11.8074,-0.0455,0.5000,164.5797,-0.0002,-1.0259,-172.0518,1.8888,47.4678,146.0097,16.3431
11743,-11.8996,-0.0464,0.5000,164.4503,-0.0002,-1.0230,-170.9569,1.8989,47.4264,145.8457,16.4825
11745,-11.9934,-0.0472,0.5000,164.3178,-0.0002,-1.0202,-169.9231,1.9095,47.3836,145.6700,16.6257
11747,-12.0889,-0.0480,0.5000,164.1825,-0.0002,-1.0174,-168.9522,1.9206,47.3395,145.4830,16.7725
11749,-12.1857,-0.0486,0.5000,164.0446,-0.0002,-1.0146,-168.0460,1.9322,47.2942,145.2851,16.9227
11751,-12.2837,-0.0492,0.5000,163.9043,-0.0002,-1.0119,-167.2061,1.9442,47.2477,145.0765,17.0761
11753,-12.3827,-0.0497,0.5000,163.7618,-0.0002,-1.0092,-166.4340,1.9567,47.2002,144.8578,17.2325
11755,-12.4825,-0.0501,0.5000,163.6173,-0.0002,-1.0066,-165.7307,1.9697,47.1517,144.6294,17.3916
11757,-12.5830,-0.0504,0.5000,163.4710,-0.0003,-1.0039,-165.0974,1.9830,47.1023,144.3916,17.5533
11759,-12.6840,-0.0506,0.5000,163.3233,-0.0003,-1.0014,-164.5347,1.9968,47.0521,144.1449,17.7171
11761,-12.7853,-0.0507,0.5000,163.1742,-0.0003,-0.9988,-164.0433,2.0109,47.0013,143.8897,17.8829
11763,-12.8866,-0.0507,0.5000,163.0241,-0.0003,-0.9963,-163.6234,2.0254,46.9499,143.6266,18.0503
11765,-12.9879,-0.0506,0.5000,162.8732,-0.0003,-0.9938,-163.2753,2.0402,46.8980,143.3561,18.2192
11767,-13.0889,-0.0504,0.5000,162.7217,-0.0003,-0.9913,-162.9989,2.0553,46.8457,143.0786,18.3891
11769,-13.1894,-0.0502,0.5000,162.5699,-0.0003,-0.9889,-162.7938,2.0707,46.7931,142.7946,18.5598
11771,-13.2894,-0.0498,0.5000,162.4181,-0.0003,-0.9865,-162.6596,2.0864,46.7403,142.5047,18.7310
11773,-13.3885,-0.0494,0.5000,162.2664,-0.0003,-0.9841,-162.5957,2.1023,46.6874,142.2094,18.9024
11775,-13.4867,-0.0489,0.5000,162.1152,-0.0003,-0.9817,-162.6011,2.1183,46.6345,141.9093,19.0736
11777,-13.5837,-0.0483,0.5000,161.9647,-0.0004,-0.9794,-162.6748,2.1346,46.5817,141.6048,19.2442
11779,-13.6794,-0.0476,0.5000,161.8151,-0.0004,-0.9770,-162.8156,2.1510,46.5291,141.2965,19.4141
11781,-13.7737,-0.0468,0.5000,161.6667,-0.0004,-0.9747,-163.0223,2.1674,46.4768,140.9849,19.5828
11783,-13.8664,-0.0460,0.5000,161.5198,-0.0004,-0.9725,-163.2933,2.1840,46.4250,140.6707,19.7499
11785,-13.9572,-0.0451,0.5000,161.3746,-0.0004,-0.9702,-163.6272,2.2006,46.3736,140.3542,19.9153
11787,-14.0462,-0.0441,0.5000,161.2314,-0.0004,-0.9679,-164.0223,2.2172,46.3228,140.0361,20.0784
11789,-14.1331,-0.0431,0.5000,161.0903,-0.0004,-0.9657,-164.4768,2.2338,46.2726,139.7170,20.2390
11791,-14.2178,-0.0419,0.5000,160.9516,-0.0004,-0.9635,-164.9892,2.2503,46.2233,139.3972,20.3968
11793,-14.3002,-0.0407,0.5000,160.8156,-0.0004,-0.9612,-165.5575,2.2667,46.1747,139.0774,20.5514
11795,-14.3802,-0.0395,0.5000,160.6825,-0.0005,-0.9590,-166.1801,2.2829,46.1271,138.7580,20.7025
11797,-14.4575,-0.0382,0.5000,160.5525,-0.0005,-0.9568,-166.8551,2.2990,46.0806,138.4396,20.8498
11799,-14.5322,-0.0368,0.5000,160.4257,-0.0005,-0.9547,-167.5809,2.3149,46.0351,138.1227,20.9929
11801,-14.6041,-0.0354,0.5000,160.3025,-0.0005,-0.9525,-168.3556,2.3306,45.9908,137.8078,21.1316
11803,-14.6732,-0.0339,0.5000,160.1830,-0.0005,-0.9503,-169.1777,2.3459,45.9478,137.4953,21.2655
11805,-14.7392,-0.0324,0.5000,160.0673,-0.0005,-0.9481,-170.0455,2.3610,45.9060,137.1858,21.3943
11807,-14.8021,-0.0309,0.5000,159.9557,-0.0005,-0.9459,-170.9575,2.3757,45.8657,136.8797,21.5179
11809,-14.8618,-0.0293,0.5000,159.8484,-0.0005,-0.9438,-171.9120,2.3901,45.8268,136.5775,21.6358
11811,-14.9183,-0.0276,0.5000,159.7454,-0.0005,-0.9416,-172.9077,2.4040,45.7894,136.2796,21.7478
11813,-14.9714,-0.0259,0.5000,159.6469,-0.0006,-0.9394,-173.9432,2.4175,45.7536,135.9865,21.8538
11815,-15.0212,-0.0242,0.5000,159.5532,-0.0006,-0.9372,-175.0171,2.4306,45.7194,135.6986,21.9533
11817,-15.0674,-0.0225,0.5000,159.4642,-0.0006,-0.9350,-176.1280,2.4431,45.6869,135.4164,22.0463
11819,-15.1101,-0.0207,0.5000,159.3801,-0.0006,-0.9328,-177.2747,2.4551,45.6562,135.1402,22.1324
11821,-15.1491,-0.0188,0.5000,159.3010,-0.0006,-0.9306,-178.4559,2.4666,45.6272,134.8705,22.2116
11823,-15.1845,-0.0170,0.5000,159.2270,-0.0006,-0.9284,-179.6704,2.4775,45.6000,134.6076,22.2835
11825,-15.2162,-0.0151,0.5000,159.1583,-0.0006,-0.9261,-180.9168,2.4878,45.5747,134.3520,22.3480
11827,-15.2441,-0.0132,0.5000,159.0948,-0.0006,-0.9239,-182.1941,2.4974,45.5513,134.1041,22.4049
11829,-15.2682,-0.0113,0.5000,159.0366,-0.0006,-0.9216,-183.5008,2.5064,45.5299,133.8641,22.4542
11831,-15.2884,-0.0094,0.5000,158.9838,-0.0006,-0.9193,-184.8356,2.5147,45.5104,133.6325,22.4956
11833,-15.3047,-0.0074,0.5000,158.9365,-0.0006,-0.9170,-186.1972,2.5223,45.4929,133.4096,22.5290
11835,-15.3171,-0.0055,0.5000,158.8947,-0.0006,-0.9147,-187.5842,2.5292,45.4774,133.1957,22.5545
11837,-15.3256,-0.0035,0.5000,158.8583,-0.0006,-0.9124,-188.9951,2.5354,45.4641,132.9911,22.5718
11839,-15.3301,-0.0015,0.5000,158.8275,-0.0006,-0.9101,-190.4283,2.5409,45.4527,132.7963,22.5809
11841,-15.3306,0.0005,0.5000,158.8021,-0.0006,-0.9077,-191.8821,2.5455,45.4435,132.6113,22.5818
11843,-15.3272,0.0025,0.5000,158.7823,-0.0006,-0.9053,-193.3548,2.5495,45.4364,132.4367,22.5744
11845,-15.3197,0.0045,0.5000,158.7680,-0.0006,-0.9029,-194.8447,2.5526,45.4314,132.2725,22.5588
11847,-15.3082,0.0065,0.5000,158.7592,-0.0006,-0.9004,-196.3495,2.5549,45.4286,132.1191,22.5350
11849,-15.2928,0.0085,0.5000,158.7559,-0.0006,-0.8980,-197.8675,2.5565,45.4279,131.9767,22.5030
11851,-15.2734,0.0105,0.5000,158.7580,-0.0006,-0.8955,-199.3962,2.5573,45.4293,131.8456,22.4629
11853,-15.2500,0.0124,0.5000,158.7654,-0.0006,-0.8930,-200.9335,2.5572,45.4329,131.7259,22.4147
11855,-15.2227,0.0144,0.5000,158.7782,-0.0006,-0.8904,-202.4768,2.5564,45.4387,131.6178,22.3586
11857,-15.1915,0.0163,0.5000,158.7962,-0.0006,-0.8878,-204.0237,2.5548,45.4465,131.5215,22.2947
11859,-15.1564,0.0182,0.5000,158.8194,-0.0006,-0.8852,-205.5714,2.5524,45.4565,131.4371,22.2231
11861,-15.1176,0.0201,0.5000,158.8477,-0.0006,-0.8826,-207.1172,2.5492,45.4686,131.3649,22.1440
11863,-15.0750,0.0220,0.5000,158.8810,-0.0006,-0.8800,-208.6582,2.5452,45.4828,131.3048,22.0576
11865,-15.0287,0.0238,0.5000,158.9192,-0.0006,-0.8773,-210.1913,2.5405,45.4991,131.2570,21.9642
11867,-14.9788,0.0256,0.5000,158.9622,-0.0006,-0.8746,-211.7135,2.5350,45.5175,131.2215,21.8639
11869,-14.9253,0.0274,0.5000,159.0099,-0.0006,-0.8718,-213.2215,2.5288,45.5378,131.1985,21.7569
11871,-14.8684,0.0291,0.5000,159.0621,-0.0006,-0.8691,-214.7122,2.5219,45.5602,131.1879,21.6437
11873,-14.8081,0.0308,0.5000,159.1188,-0.0006,-0.8663,-216.1822,2.5143,45.5845,131.1897,21.5244
11875,-14.7446,0.0324,0.5000,159.1798,-0.0006,-0.8635,-217.6281,2.5060,45.6107,131.2039,21.3993
11877,-14.6779,0.0339,0.5000,159.2449,-0.0005,-0.8606,-219.0466,2.4971,45.6388,131.2304,21.2689
11879,-14.6082,0.0354,0.5000,159.3140,-0.0005,-0.8577,-220.4343,2.4875,45.6686,131.2693,21.1333
11881,-14.5356,0.0368,0.5000,159.3869,-0.0005,-0.8548,-221.7877,2.4773,45.7003,131.3203,20.9930
11883,-14.4602,0.0382,0.5000,159.4635,-0.0005,-0.8519,-223.1035,2.4666,45.7337,131.3834,20.8484
11885,-14.3822,0.0395,0.5000,159.5435,-0.0005,-0.8490,-224.3784,2.4553,45.7687,131.4584,20.6997
11887,-14.3017,0.0407,0.5000,159.6268,-0.0005,-0.8460,-225.6092,2.4436,45.8053,131.5451,20.5474
11889,-14.2189,0.0418,0.5000,159.7132,-0.0005,-0.8430,-226.7927,2.4313,45.8434,131.6434,20.3919
11891,-14.1339,0.0429,0.5000,159.8025,-0.0005,-0.8399,-227.9259,2.4186,45.8830,131.7530,20.2335
11893,-14.0469,0.0438,0.5000,159.8945,-0.0005,-0.8369,-229.0058,2.4055,45.9239,131.8737,20.0726
11895,-13.9582,0.0447,0.5000,159.9889,-0.0004,-0.8338,-230.0296,2.3920,45.9661,132.0052,19.9097
11897,-13.8677,0.0455,0.5000,160.0856,-0.0004,-0.8307,-230.9948,2.3782,46.0095,132.1472,19.7451
11899,-13.7759,0.0462,0.5000,160.1843,-0.0004,-0.8276,-231.8990,2.3641,46.0540,132.2994,19.5793
11901,-13.6827,0.0468,0.5000,160.2848,-0.0004,-0.8245,-232.7399,2.3498,46.0996,132.4615,19.4125
11903,-13.5885,0.0473,0.5000,160.3869,-0.0004,-0.8213,-233.5154,2.3352,46.1461,132.6331,19.2453
11905,-13.4934,0.0477,0.5000,160.4903,-0.0004,-0.8182,-234.2238,2.3204,46.1935,132.8138,19.0779
11907,-13.3976,0.0480,0.5000,160.5949,-0.0004,-0.8150,-234.8635,2.3055,46.2416,133.0032,18.9108
11909,-13.3014,0.0482,0.5000,160.7002,-0.0004,-0.8118,-235.4330,2.2904,46.2904,133.2010,18.7443
11911,-13.2048,0.0483,0.5000,160.8062,-0.0003,-0.8086,-235.9314,2.2753,46.3397,133.4066,18.5787
11913,-13.1082,0.0483,0.5000,160.9126,-0.0003,-0.8054,-236.3576,2.2601,46.3896,133.6196,18.4144
11915,-13.0117,0.0482,0.5000,161.0191,-0.0003,-0.8022,-236.7109,2.2449,46.4397,133.8397,18.2518
11917,-12.9155,0.0480,0.5000,161.1255,-0.0003,-0.7990,-236.9910,2.2297,46.4902,134.0662,18.0911
11919,-12.8198,0.0477,0.5000,161.2316,-0.0003,-0.7958,-237.1976,2.2146,46.5408,134.2988,17.9326
11921,-12.7248,0.0473,0.5000,161.3370,-0.0003,-0.7925,-237.3307,2.1995,46.5914,134.5369,17.7767
11923,-12.6307,0.0469,0.5000,161.4417,-0.0003,-0.7893,-237.3903,2.1846,46.6421,134.7800,17.6235
11925,-12.5377,0.0463,0.5000,161.5453,-0.0003,-0.7861,-237.3769,2.1698,46.6926,135.0276,17.4734
11927,-12.4460,0.0456,0.5000,161.6476,-0.0003,-0.7829,-237.2911,2.1551,46.7429,135.2792,17.3266
11929,-12.3557,0.0448,0.5000,161.7484,-0.0003,-0.7797,-237.1335,2.1407,46.7928,135.5342,17.1832
11931,-12.2671,0.0440,0.5000,161.8475,-0.0003,-0.7764,-236.9050,2.1264,46.8423,135.7922,17.0437
11933,-12.1803,0.0431,0.5000,161.9447,-0.0003,-0.7733,-236.6066,2.1124,46.8913,136.0527,16.9080
11935,-12.0954,0.0420,0.5000,162.0397,-0.0002,-0.7701,-236.2395,2.0987,46.9397,136.3150,16.7764
11937,-12.0127,0.0410,0.5000,162.1324,-0.0002,-0.7669,-235.8050,2.0852,46.9874,136.5786,16.6491
11939,-11.9322,0.0398,0.5000,162.2225,-0.0002,-0.7637,-235.3045,2.0720,47.0343,136.8431,16.5263
11941,-11.8542,0.0385,0.5000,162.3099,-0.0002,-0.7606,-234.7394,2.0591,47.0803,137.1078,16.4080
11943,-11.7787,0.0372,0.5000,162.3944,-0.0002,-0.7574,-234.1114,2.0465,47.1254,137.3723,16.2944
11945,-11.7060,0.0358,0.5000,162.4757,-0.0002,-0.7543,-233.4222,2.0343,47.1695,137.6361,16.1856
11947,-11.6361,0.0344,0.5000,162.5539,-0.0002,-0.7512,-232.6734,2.0224,47.2124,137.8985,16.0818
11949,-11.5692,0.0329,0.5000,162.6286,-0.0002,-0.7482,-231.8670,2.0109,47.2541,138.1591,15.9830
11951,-11.5053,0.0313,0.5000,162.6997,-0.0002,-0.7451,-231.0048,1.9997,47.2946,138.4175,15.8892
11953,-11.4446,0.0297,0.5000,162.7672,-0.0002,-0.7421,-230.0888,1.9890,47.3337,138.6730,15.8007
11955,-11.3872,0.0281,0.5000,162.8308,-0.0002,-0.7391,-229.1211,1.9786,47.3715,138.9252,15.7174
11957,-11.3332,0.0264,0.5000,162.8904,-0.0002,-0.7361,-228.1036,1.9686,47.4078,139.1736,15.6394
11959,-11.2827,0.0246,0.5000,162.9460,-0.0002,-0.7331,-227.0386,1.9591,47.4426,139.4177,15.5668
11961,-11.2357,0.0228,0.5000,162.9974,-0.0002,-0.7302,-225.9283,1.9499,47.4758,139.6571,15.4996
11963,-11.1923,0.0210,0.5000,163.0445,-0.0002,-0.7273,-224.7748,1.9412,47.5074,139.8913,15.4378
11965,-11.1526,0.0192,0.5000,163.0872,-0.0002,-0.7244,-223.5804,1.9329,47.5373,140.1199,15.3815
11967,-11.1167,0.0173,0.5000,163.1254,-0.0002,-0.7216,-222.3474,1.9251,47.5654,140.3423,15.3306
11969,-11.0845,0.0154,0.5000,163.1591,-0.0002,-0.7188,-221.0783,1.9177,47.5919,140.5583,15.2853
11971,-11.0562,0.0134,0.5000,163.1882,-0.0002,-0.7160,-219.7753,1.9107,47.6165,140.7673,15.2455
11973,-11.0317,0.0115,0.5000,163.2127,-0.0002,-0.7132,-218.4410,1.9042,47.6393,140.9691,15.2113
11975,-11.0112,0.0095,0.5000,163.2324,-0.0002,-0.7105,-217.0778,1.8981,47.6602,141.1631,15.1826
11977,-10.9945,0.0076,0.5000,163.2473,-0.0002,-0.7078,-215.6883,1.8925,47.6792,141.3491,15.1594
11979,-10.9818,0.0056,0.5000,163.2575,-0.0002,-0.7052,-214.2749,1.8873,47.6963,141.5266,15.1418
11981,-10.9731,0.0036,0.5000,163.2628,-0.0002,-0.7026,-212.8402,1.8827,47.7114,141.6954,15.1296
11983,-10.9682,0.0017,0.5000,163.2633,-0.0002,-0.7000,-211.3869,1.8785,47.7246,141.8552,15.1230
11985,-10.9674,-0.0003,0.5000,163.2590,-0.0002,-0.6974,-209.9176,1.8747,47.7358,142.0055,15.1219
11987,-10.9704,-0.0023,0.5000,163.2498,-0.0002,-0.6949,-208.4350,1.8715,47.7450,142.1462,15.1263
11989,-10.9774,-0.0042,0.5000,163.2357,-0.0002,-0.6924,-206.9417,1.8687,47.7522,142.2770,15.1361
11991,-10.9882,-0.0061,0.5000,163.2168,-0.0002,-0.6899,-205.4405,1.8664,47.7573,142.3975,15.1514
11993,-11.0029,-0.0081,0.5000,163.1931,-0.0002,-0.6875,-203.9342,1.8646,47.7605,142.5077,15.1720
11995,-11.0213,-0.0099,0.5000,163.1646,-0.0002,-0.6851,-202.4253,1.8632,47.7616,142.6073,15.1980
11997,-11.0436,-0.0118,0.5000,163.1312,-0.0002,-0.6828,-200.9168,1.8624,47.7608,142.6960,15.2294
11999,-11.0695,-0.0137,0.5000,163.0932,-0.0002,-0.6804,-199.4113,1.8621,47.7579,142.7737,15.2660
12001,-11.0991,-0.0155,0.5000,163.0505,-0.0002,-0.6782,-197.9117,1.8622,47.7530,142.8403,15.3079
12003,-11.1323,-0.0173,0.5000,163.0031,-0.0002,-0.6759,-196.4207,1.8629,47.7461,142.8956,15.3549
12005,-11.1690,-0.0190,0.5000,162.9512,-0.0002,-0.6737,-194.9411,1.8640,47.7373,142.9396,15.4071
12007,-11.2091,-0.0207,0.5000,162.8947,-0.0002,-0.6715,-193.4757,1.8656,47.7266,142.9720,15.4644
12009,-11.2526,-0.0224,0.5000,162.8338,-0.0002,-0.6693,-192.0272,1.8678,47.7139,142.9930,15.5266
12011,28.5786,79.7319,0.5000,162.7819,-0.0000,-0.3679,-134.8886,3.7547,64.2846,229.6566,0.3556
12013,27.6097,-0.4449,0.5000,162.8483,-0.0000,-0.3743,-258.5805,7.4906,44.4923,230.3105,0.3919
12015,26.7438,-0.4291,0.5000,162.9147,-0.0000,-0.3801,-258.3715,6.8820,47.1765,231.0575,0.4274
12017,25.8938,-0.4227,0.5000,162.9870,-0.0000,-0.3860,-254.1161,5.6457,51.2572,231.7282,0.4658
12019,25.0567,-0.4160,0.5000,163.0676,-0.0000,-0.3917,-249.9853,4.5908,54.3205,232.3010,0.5058
12021,24.2333,-0.4091,0.5000,163.1574,-0.0000,-0.3972,-245.9669,3.7713,56.5137,232.8045,0.5483
12023,23.4241,-0.4019,0.5000,163.2558,-0.0000,-0.4025,-242.0787,3.1488,58.0530,233.2461,0.5936
12025,22.6294,-0.3947,0.5000,163.3617,-0.0000,-0.4066,-239.0786,2.7581,58.9367,233.5590,0.6318
12027,21.8491,-0.3874,0.5000,163.4735,-0.0000,-0.4115,-235.5527,2.3752,59.7089,233.8980,0.6811
12029,21.0832,-0.3802,0.5000,163.5893,-0.0000,-0.4170,-231.6500,2.0245,60.2955,234.2385,0.7425
12031,20.3316,-0.3731,0.5000,163.7075,-0.0000,-0.4206,-229.0444,1.8233,60.5591,234.4457,0.7884
12033,19.5942,-0.3661,0.5000,163.8264,-0.0000,-0.4260,-225.3128,1.5711,60.7885,234.7130,0.8625
12035,18.8706,-0.3592,0.5000,163.9443,-0.0000,-0.4294,-222.9893,1.4318,60.8548,234.8607,0.9145
12037,18.1608,-0.3524,0.5000,164.0599,-0.0000,-0.4343,-219.7353,1.2556,60.8623,235.0405,0.9967
12039,17.4643,-0.3457,0.5000,164.1719,-0.0000,-0.4374,-217.7085,1.1559,60.8215,235.1346,1.0544
12041,16.7810,-0.3392,0.5000,164.2792,-0.0000,-0.4419,-214.7781,1.0240,60.7067,235.2425,1.1479
12043,16.1106,-0.3329,0.5000,164.3810,-0.0000,-0.4440,-213.3946,0.9666,60.6311,235.2806,1.1968
12045,15.4527,-0.3266,0.5000,164.4764,-0.0000,-0.4481,-210.7681,0.8660,60.4532,235.3268,1.2988
12047,14.8070,-0.3206,0.5000,164.5651,-0.0000,-0.4501,-209.5159,0.8217,60.3538,235.3357,1.3520
12049,14.1731,-0.3147,0.5000,164.6464,-0.0000,-0.4539,-207.1109,0.7389,60.1392,235.3266,1.4628
12051,13.5507,-0.3091,0.5000,164.7200,-0.0000,-0.4562,-205.5779,0.6891,59.9881,235.3016,1.5394
12053,12.9395,-0.3036,0.5000,164.7857,-0.0000,-0.4585,-204.0803,0.6442,59.8313,235.2620,1.6188
12055,12.3391,-0.2982,0.5000,164.8433,-0.0000,-0.4607,-202.6086,0.6049,59.6701,235.2081,1.7009
12057,11.7490,-0.2931,0.5000,164.8927,-0.0000,-0.4646,-199.9080,0.5447,59.3610,235.0706,1.8612
12059,11.1690,-0.2882,0.5000,164.9338,-0.0000,-0.4663,-198.6629,0.5215,59.2150,234.9908,1.9387
12061,10.5985,-0.2835,0.5000,164.9668,-0.0000,-0.4679,-197.4131,0.5008,59.0675,234.9007,2.0184
12063,10.0371,-0.2790,0.5000,164.9915,-0.0000,-0.4710,-194.8799,0.4662,58.7689,234.6898,2.1846
12065,9.4846,-0.2747,0.5000,165.0081,-0.0000,-0.4730,-193.1415,0.4476,58.5667,234.5250,2.3011
12067,8.9403,-0.2706,0.5000,165.0166,-0.0000,-0.4749,-191.3584,0.4320,58.3634,234.3412,2.4220
12069,8.4040,-0.2667,0.5000,165.0172,-0.0000,-0.4767,-189.5206,0.4193,58.1591,234.1379,2.5472
12071,7.8751,-0.2631,0.5000,165.0099,-0.0000,-0.4785,-187.6184,0.4092,57.9542,233.9145,2.6771
12073,7.3533,-0.2596,0.5000,164.9947,-0.0000,-0.4801,-185.6431,0.4015,57.7487,233.6703,2.8116
12075,6.8380,-0.2564,0.5000,164.9719,-0.0000,-0.4817,-183.5861,0.3959,57.5427,233.4047,2.9511
12077,6.3290,-0.2534,0.5000,164.9414,-0.0000,-0.4833,-181.4394,0.3924,57.3364,233.1168,3.0957
12079,5.8256,-0.2506,0.5000,164.9033,-0.0000,-0.4848,-179.1956,0.3907,57.1298,232.8057,3.2456
12081,5.3276,-0.2481,0.5000,164.8577,-0.0000,-0.4862,-176.8475,0.3907,56.9230,232.4706,3.4011
12083,4.8343,-0.2458,0.5000,164.8046,-0.0000,-0.4875,-174.3886,0.3925,56.7159,232.1102,3.5624
12085,4.3455,-0.2436,0.5000,164.7440,-0.0000,-0.4888,-171.8128,0.3957,56.5085,231.7236,3.7298
12087,3.8606,-0.2418,0.5000,164.6758,-0.0000,-0.4901,-169.1149,0.4005,56.3008,231.3096,3.9036
12089,3.3792,-0.2401,0.5000,164.6001,-0.0000,-0.4913,-166.2900,0.4067,56.0927,230.8669,4.0842
12091,2.9008,-0.2387,0.5000,164.5168,-0.0000,-0.4924,-163.3341,0.4143,55.8843,230.3943,4.2719
12093,2.4250,-0.2374,0.5000,164.4259,-0.0000,-0.4935,-160.2442,0.4233,55.6752,229.8904,4.4672
12095,1.9514,-0.2364,0.5000,164.3271,-0.0000,-0.4946,-157.0177,0.4336,55.4656,229.3539,4.6704
12097,1.4795,-0.2357,0.5000,164.2205,-0.0000,-0.4956,-153.6539,0.4452,55.2553,228.7834,4.8820
12099,1.0090,-0.2351,0.5000,164.1058,-0.0000,-0.4965,-150.1534,0.4581,55.0441,228.1775,5.1027
12101,0.5392,-0.2347,0.5000,163.9829,-0.0000,-0.4975,-146.5180,0.4723,54.8319,227.5347,5.3328
12103,0.0700,-0.2346,0.5000,163.8515,-0.0000,-0.4983,-142.7515,0.4878,54.6185,226.8536,5.5731
12105,-0.3992,-0.2346,0.5000,163.7116,-0.0000,-0.4992,-138.8591,0.5046,54.4039,226.1327,5.8242
12107,-0.8687,-0.2348,0.5000,163.5629,-0.0000,-0.5000,-134.8485,0.5228,54.1879,225.3707,6.0867
12109,-1.3389,-0.2352,0.5000,163.4050,-0.0000,-0.5008,-130.7307,0.5424,53.9702,224.5661,6.3613
12111,-1.8100,-0.2358,0.5000,163.2379,-0.0000,-0.5015,-126.5189,0.5634,53.7508,223.7178,6.6489
12113,-2.2825,-0.2365,0.5000,163.0611,-0.0000,-0.5022,-122.2281,0.5859,53.5295,222.8245,6.9503
12115,-2.7565,-0.2373,0.5000,162.8745,-0.0000,-0.5028,-117.8764,0.6099,53.3060,221.8851,7.2663
12117,-3.2323,-0.2383,0.5000,162.6778,-0.0000,-0.5034,-113.4855,0.6355,53.0803,220.8985,7.5977
12119,-3.7100,-0.2393,0.5000,162.4707,-0.0000,-0.5040,-109.0796,0.6628,52.8522,219.8640,7.9455
12121,-4.1899,-0.2403,0.5000,162.2530,-0.0000,-0.5046,-104.6843,0.6917,52.6216,218.7810,8.3107
12123,-4.6719,-0.2414,0.5000,162.0243,-0.0000,-0.5051,-100.3285,0.7225,52.3883,217.6489,8.6940
12125,-5.1560,-0.2425,0.5000,161.7845,-0.0000,-0.5055,-96.0431,0.7552,52.1521,216.4675,9.0966
12127,-5.6423,-0.2435,0.5000,161.5334,-0.0000,-0.5060,-91.8593,0.7898,51.9132,215.2369,9.5192
12129,-6.1305,-0.2445,0.5000,161.2707,-0.0000,-0.5063,-87.8095,0.8265,51.6713,213.9573,9.9629
12131,-6.6206,-0.2453,0.5000,160.9964,-0.0000,-0.5067,-83.9272,0.8653,51.4265,212.6292,10.4285
12133,-7.1122,-0.2461,0.5000,160.7104,-0.0000,-0.5069,-81.4836,0.8920,51.2640,211.7306,10.7466
12135,-7.6050,-0.2466,0.5000,160.4125,-0.0001,-0.5073,-76.8936,0.9484,50.9353,209.8729,11.4133
12137,-8.0987,-0.2469,0.5000,160.1029,-0.0001,-0.5074,-75.4251,0.9687,50.8217,209.2195,11.6507
12139,-8.5927,-0.2470,0.5000,159.7817,-0.0000,-0.5076,-72.6597,1.0106,50.5930,207.8859,12.1405
12141,-9.0867,-0.2469,0.5000,159.4490,-0.0001,-0.5079,-69.7151,1.0628,50.3202,206.2672,12.7444
12143,-9.5798,-0.2464,0.5000,159.1050,-0.0001,-0.5081,-66.7939,1.1265,50.0023,204.3446,13.4759
12145,-10.0717,-0.2456,0.5000,158.7501,-0.0001,-0.5082,-65.2719,1.1676,49.8053,203.1352,13.9442
12147,-10.5615,-0.2444,0.5000,158.3847,-0.0001,-0.5083,-63.2555,1.2385,49.4789,201.1029,14.7457
12149,-11.0484,-0.2429,0.5000,158.0094,-0.0001,-0.5084,-62.3541,1.2831,49.2821,199.8606,15.2448
12151,-11.5317,-0.2409,0.5000,157.6248,-0.0002,-0.5085,-61.4960,1.3486,49.0025,198.0768,15.9736
12153,-12.0106,-0.2385,0.5000,157.2316,-0.0002,-0.5086,-61.1471,1.4379,48.6397,195.7298,16.9549
12155,-12.4840,-0.2356,0.5000,156.8307,-0.0002,-0.5086,-61.3073,1.4843,48.4580,194.5417,17.4613
12157,-12.9510,-0.2322,0.5000,156.4231,-0.0002,-0.5087,-62.3186,1.5810,48.0950,192.1429,18.5031
12159,-13.4107,-0.2284,0.5000,156.0099,-0.0003,-0.5087,-63.1738,1.6311,47.9140,190.9349,19.0375
12161,-13.8621,-0.2240,0.5000,155.5923,-0.0003,-0.5088,-65.5800,1.7348,47.5538,188.5085,20.1297
12163,-14.3040,-0.2191,0.5000,155.1718,-0.0004,-0.5089,-67.1228,1.7883,47.3750,187.2931,20.6860
12165,-14.7356,-0.2138,0.5000,154.7497,-0.0005,-0.5090,-70.8453,1.8981,47.0211,184.8647,21.8145
12167,-15.1559,-0.2079,0.5000,154.3277,-0.0005,-0.5091,-72.9987,1.9544,46.8463,183.6545,22.3847
12169,-15.5641,-0.2017,0.5000,153.9076,-0.0006,-0.5094,-77.7997,2.0693,46.5023,181.2486,23.5323
12171,-15.9593,-0.1951,0.5000,153.4910,-0.0007,-0.5096,-80.4016,2.1278,46.3333,180.0553,24.1075
12173,-16.3411,-0.1883,0.5000,153.0800,-0.0007,-0.5100,-85.8753,2.2462,46.0026,177.6931,25.2560
12175,-16.7089,-0.1813,0.5000,152.6763,-0.0008,-0.5102,-88.6888,2.3060,45.8412,176.5259,25.8273
12177,-17.0625,-0.1742,0.5000,152.2819,-0.0010,-0.5108,-94.3216,2.4264,45.5269,174.2228,26.9599
12179,-17.4020,-0.1671,0.5000,151.8987,-0.0009,-0.5111,-97.0821,2.4868,45.3743,173.0878,27.5199
12181,-17.7274,-0.1601,0.5000,151.5284,-0.0013,-0.5118,-102.3713,2.6074,45.0788,170.8522,28.6241
12183,-18.0392,-0.1533,0.5000,151.1727,-0.0013,-0.5122,-104.8623,2.6675,44.9360,169.7519,29.1676
12185,-18.3377,-0.1468,0.5000,150.8330,-0.0013,-0.5130,-109.4586,2.7869,44.6605,167.5859,30.2361
12187,-18.6235,-0.1406,0.5000,150.5107,-0.0017,-0.5135,-111.5577,2.8461,44.5278,166.5200,30.7607
12189,-18.8973,-0.1347,0.5000,150.2067,-0.0019,-0.5139,-113.5139,2.9049,44.3986,165.4652,31.2787
12191,-19.1597,-0.1291,0.5000,149.9218,-0.0017,-0.5147,-117.0496,3.0210,44.1501,163.3881,32.2951
12193,-19.4114,-0.1239,0.5000,149.6567,-0.0020,-0.5151,-118.6385,3.0783,44.0308,162.3653,32.7934
12195,-19.6528,-0.1188,0.5000,149.4116,-0.0021,-0.5159,-121.5251,3.1913,43.8017,160.3503,33.7702
12197,-19.8845,-0.1141,0.5000,149.1866,-0.0022,-0.5163,-122.8503,3.2469,43.6918,159.3578,34.2485
12199,-20.1069,-0.1095,0.5000,148.9816,-0.0027,-0.5170,-125.3339,3.3564,43.4809,157.4023,35.1848
12201,-20.3203,-0.1051,0.5000,148.7964,-0.0026,-0.5172,-126.5153,3.4102,43.3798,156.4391,35.6425
12203,-20.5250,-0.1007,0.5000,148.6305,-0.0029,-0.5177,-128.8213,3.5158,43.1859,154.5420,36.5359
12205,-20.7212,-0.0965,0.5000,148.4834,-0.0030,-0.5180,-129.9634,3.5677,43.0929,153.6081,36.9712
12207,-20.9090,-0.0923,0.5000,148.3546,-0.0032,-0.5183,-132.2552,3.6693,42.9149,151.7701,37.8177
12209,-21.0884,-0.0882,0.5000,148.2435,-0.0035,-0.5184,-133.4148,3.7191,42.8296,150.8661,38.2283
12211,-21.2597,-0.0841,0.5000,148.1494,-0.0036,-0.5186,-135.7788,3.8164,42.6665,149.0887,39.0227
12213,-21.4227,-0.0800,0.5000,148.0716,-0.0037,-0.5186,-136.9875,3.8639,42.5886,148.2155,39.4059
12215,-21.5776,-0.0759,0.5000,148.0095,-0.0040,-0.5186,-139.4629,3.9564,42.4398,146.5007,40.1426
12217,-21.7243,-0.0718,0.5000,147.9625,-0.0041,-0.5185,-140.7311,4.0014,42.3690,145.6594,40.4954
12219,-21.8629,-0.0678,0.5000,147.9300,-0.0045,-0.5183,-143.9639,4.1089,42.2035,143.6228,41.3222
12221,-21.9934,-0.0637,0.5000,147.9114,-0.0047,-0.5180,-145.9566,4.1702,42.1116,142.4410,41.7818
12223,-22.1156,-0.0596,0.5000,147.9061,-0.0048,-0.5178,-148.0015,4.2294,42.0246,141.2837,42.2153
12225,-22.2298,-0.0555,0.5000,147.9136,-0.0050,-0.5175,-150.1026,4.2862,41.9426,140.1514,42.6217
12227,-22.3357,-0.0514,0.5000,147.9334,-0.0052,-0.5171,-152.2650,4.3406,41.8655,139.0445,43.0000
12229,-22.4333,-0.0473,0.5000,147.9650,-0.0053,-0.5167,-154.4951,4.3926,41.7934,137.9632,43.3491
12231,-22.5227,-0.0431,0.5000,148.0081,-0.0055,-0.5163,-156.8001,4.4419,41.7263,136.9082,43.6682
12233,-22.6037,-0.0389,0.5000,148.0622,-0.0057,-0.5158,-159.1889,4.4885,41.6641,135.8799,43.9560
12235,-22.6762,-0.0347,0.5000,148.1270,-0.0058,-0.5152,-161.6715,4.5324,41.6070,134.8788,44.2116
12237,-22.7401,-0.0303,0.5000,148.2020,-0.0059,-0.5147,-164.2593,4.5733,41.5549,133.9056,44.4337
12239,-22.7952,-0.0259,0.5000,148.2871,-0.0060,-0.5141,-166.9651,4.6113,41.5080,132.9608,44.6211
12241,-22.8415,-0.0214,0.5000,148.3818,-0.0062,-0.5135,-169.8033,4.6461,41.4662,132.0452,44.7726
12243,-22.8786,-0.0168,0.5000,148.4861,-0.0062,-0.5128,-172.7897,4.6777,41.4297,131.1597,44.8868
12245,-22.9063,-0.0121,0.5000,148.5996,-0.0063,-0.5121,-175.9422,4.7060,41.3985,130.3051,44.9623
12247,-22.9244,-0.0072,0.5000,148.7222,-0.0064,-0.5114,-179.2808,4.7308,41.3728,129.4824,44.9977
12249,-22.9324,-0.0021,0.5000,148.8538,-0.0064,-0.5106,-182.8275,4.7520,41.3527,128.6928,44.9913
12251,-22.9302,0.0031,0.5000,148.9944,-0.0064,-0.5099,-186.6071,4.7695,41.3384,127.9374,44.9414
12253,-22.9171,0.0086,0.5000,149.1438,-0.0064,-0.5091,-190.6473,4.7832,41.3300,127.2177,44.8462
12255,-22.8927,0.0144,0.5000,149.3021,-0.0064,-0.5082,-194.9791,4.7928,41.3278,126.5353,44.7039
12257,-22.8565,0.0204,0.5000,149.4694,-0.0064,-0.5074,-199.6378,4.7983,41.3319,125.8918,44.5123
12259,-22.8079,0.0267,0.5000,149.6457,-0.0062,-0.5065,-204.6625,4.7994,41.3426,125.2892,44.2693
12261,-22.7461,0.0335,0.5000,149.8314,-0.0062,-0.5055,-210.0985,4.7961,41.3602,124.7297,43.9726
12263,-22.6703,0.0406,0.5000,150.0266,-0.0061,-0.5046,-215.9962,4.7880,41.3852,124.2157,43.6197
12265,-22.5797,0.0482,0.5000,150.2316,-0.0060,-0.5036,-222.4125,4.7750,41.4177,123.7499,43.2081
12267,-22.4731,0.0564,0.5000,150.4470,-0.0058,-0.5026,-229.4149,4.7570,41.4583,123.3354,42.7351
12269,-22.3496,0.0651,0.5000,150.6730,-0.0057,-0.5015,-237.0783,4.7336,41.5073,122.9756,42.1977
12271,-22.2077,0.0745,0.5000,150.9105,-0.0055,-0.5004,-245.4886,4.7046,41.5654,122.6744,41.5931
12273,-22.0461,0.0847,0.5000,151.1599,-0.0052,-0.4992,-254.7484,4.6699,41.6331,122.4362,40.9182
12275,-21.8629,0.0958,0.5000,151.4221,-0.0050,-0.4980,-264.9698,4.6291,41.7111,122.2660,40.1697
12277,-21.6565,0.1078,0.5000,151.6979,-0.0048,-0.4968,-276.2934,4.5820,41.8001,122.1696,39.3445
12279,-21.4245,0.1210,0.5000,151.9885,-0.0045,-0.4954,-288.8622,4.5284,41.9008,122.1532,38.4393
12281,-21.1646,0.1355,0.5000,152.2950,-0.0042,-0.4940,-302.8713,4.4679,42.0143,122.2242,37.4510
12283,-20.8739,0.1514,0.5000,152.6188,-0.0039,-0.4925,-318.5267,4.4004,42.1415,122.3912,36.3764
12285,-20.5493,0.1690,0.5000,152.9612,-0.0036,-0.4909,-336.1005,4.3257,42.2834,122.6638,35.2126
12287,-20.1872,0.1886,0.5000,153.3242,-0.0032,-0.4891,-355.8689,4.2434,42.4415,123.0532,33.9571
12289,-19.7832,0.2104,0.5000,153.7097,-0.0029,-0.4872,-378.2053,4.1535,42.6169,123.5724,32.6079
12291,-19.3324,0.2347,0.5000,154.1198,-0.0026,-0.4852,-403.5588,4.0559,42.8114,124.2365,31.1634
12293,-18.8293,0.2621,0.5000,154.5570,-0.0022,-0.4829,-432.4967,3.9505,43.0265,125.0634,29.6230
12295,-18.2670,0.2930,0.5000,155.0243,-0.0020,-0.4811,-456.1352,3.8693,43.1966,125.7770,28.4457
12297,-17.6376,0.3283,0.5000,155.5249,-0.0018,-0.4791,-482.3889,3.7841,43.3793,126.5968,27.2184
12299,-16.9313,0.3688,0.5000,156.0624,-0.0016,-0.4770,-511.7695,3.6952,43.5756,127.5341,25.9415
12301,-16.1358,0.4160,0.5000,156.6413,-0.0012,-0.4729,-571.4934,3.5340,43.9486,129.4634,23.6277
12303,-15.2354,0.4720,0.5000,157.2665,-0.0009,-0.4690,-633.5550,3.3921,44.2993,131.4447,21.5774
12305,-14.2085,0.5401,0.5000,157.9441,-0.0007,-0.4644,-711.4147,3.2461,44.6890,133.8321,19.4297
12307,-13.0250,0.6254,0.5000,158.6815,-0.0005,-0.4597,-797.6300,3.1185,45.0624,136.3075,17.4902
12309,-11.6400,0.7367,0.5000,159.4883,-0.0004,-0.4552,-890.1894,3.0121,45.4075,138.7694,15.7918
12311,-9.9848,0.8883,0.5000,160.3770,-0.0002,-0.4471,-1080.3882,2.8613,45.9828,143.2932,13.1421
12313,-7.9534,1.1015,0.5000,161.3653,-0.0001,-0.4389,-1298.6441,2.7570,46.5002,147.8951,10.9358
12315,-5.3918,1.3999,0.5000,162.4785,-0.0001,-0.4294,-1566.2755,2.6854,47.0218,153.1903,8.8679
12317,-2.1381,1.7662,0.5000,163.7524,-0.0000,-0.4158,-1919.8988,2.6500,47.6485,160.7612,6.5834
12319,1.7812,2.0501,0.5000,165.2312,-0.0000,-0.3978,-2190.4775,2.6822,48.2934,170.6206,4.4823
12321,5.9313,2.0503,0.5000,166.9514,-0.0000,-0.3801,-2186.8231,2.7588,48.8262,180.2789,3.0990
12323,9.7528,1.8085,0.5000,168.9168,0.0000,-0.3618,-1986.6587,2.8391,49.4612,190.3376,2.1398
12325,12.9837,1.4994,0.5000,171.0927,-0.0000,-0.3464,-1752.7939,2.8685,50.2378,198.8907,1.5884
12327,15.6214,1.2160,0.5000,173.4194,-0.0000,-0.3323,-1528.9015,2.8767,51.2619,206.9427,1.2232
12329,17.7502,0.9794,0.5000,175.8307,0.0000,-0.3207,-1354.0396,2.8515,52.3479,213.7098,1.0001
12331,19.4618,0.7867,0.5000,178.2646,-0.0000,-0.3108,-1214.1890,2.7825,53.4475,219.6965,0.8508
12333,20.8345,0.6302,0.5000,180.6696,0.0000,-0.3019,-1095.6059,2.6769,54.5668,225.3764,0.7419
12335,21.9310,0.5023,0.5000,183.0052,-0.0000,-0.2945,-1004.0839,2.5562,55.5570,230.2907,0.6685
12337,22.8011,0.3972,0.5000,185.2422,-0.0000,-0.2885,-932.7487,2.4321,56.4051,234.5495,0.6179
12339,23.4840,0.3100,0.5000,187.3605,-0.0000,-0.2822,-862.0150,2.2769,57.3068,239.2552,0.5741
12341,24.0110,0.2372,0.5000,189.3478,0.0000,-0.2785,-820.7759,2.1687,57.8559,242.2763,0.5519
12343,24.4074,0.1761,0.5000,191.1974,-0.0000,-0.2741,-773.7213,2.0268,58.4971,246.0314,0.5302
12345,24.6938,0.1245,0.5000,192.9071,0.0000,-0.2704,-733.9691,1.8892,59.0445,249.5107,0.5154
12347,24.8868,0.0806,0.5000,194.4780,0.0000,-0.2672,-700.0451,1.7575,59.5097,252.7461,0.5062
12349,25.0004,0.0433,0.5000,195.9133,-0.0000,-0.2648,-674.2970,1.6479,59.8573,255.3934,0.5018
12351,25.0463,0.0113,0.5000,197.2178,-0.0000,-0.2627,-651.5512,1.5436,60.1571,257.8894,0.5001
12353,25.0340,-0.0161,0.5000,198.3972,-0.0000,-0.2609,-631.3384,1.4448,60.4151,260.2469,0.5009
12355,24.9718,-0.0396,0.5000,199.4578,-0.0000,-0.2593,-613.2783,1.3515,60.6366,262.4767,0.5038
12357,24.8667,-0.0599,0.5000,200.4064,-0.0000,-0.2574,-589.5580,1.2218,60.9103,265.6028,0.5116
12359,24.7246,-0.0774,0.5000,201.2496,-0.0000,-0.2563,-575.6323,1.1419,61.0592,267.5533,0.5189
12361,24.5507,-0.0924,0.5000,201.9941,-0.0000,-0.2554,-562.9825,1.0672,61.1851,269.4054,0.5275
12363,24.3493,-0.1054,0.5000,202.6464,-0.0000,-0.2545,-548.4985,0.9792,61.3160,271.6262,0.5405
12365,24.1242,-0.1166,0.5000,203.2128,-0.0000,-0.2540,-540.4674,0.9296,61.3813,272.9057,0.5493
12367,23.8787,-0.1263,0.5000,203.6993,-0.0000,-0.2532,-523.2500,0.8215,61.5005,275.7681,0.5731
12369,23.6156,-0.1346,0.5000,204.1117,-0.0000,-0.2528,-514.3174,0.7651,61.5489,277.3171,0.5886
12371,23.3374,-0.1417,0.5000,204.4553,-0.0000,-0.2526,-506.0406,0.7129,61.5842,278.7894,0.6053
12373,23.0462,-0.1478,0.5000,204.7353,-0.0000,-0.2524,-498.3340,0.6646,61.6076,280.1896,0.6231
12375,22.7439,-0.1531,0.5000,204.9565,-0.0000,-0.2523,-491.1234,0.6201,61.6203,281.5217,0.6421
12377,22.4319,-0.1576,0.5000,205.1233,-0.0000,-0.2523,-484.3424,0.5791,61.6232,282.7892,0.6621
12379,22.1119,-0.1614,0.5000,205.2400,-0.0000,-0.2523,-477.9306,0.5414,61.6174,283.9956,0.6833
12381,21.7848,-0.1647,0.5000,205.3106,-0.0000,-0.2524,-471.8347,0.5066,61.6036,285.1440,0.7055
12383,21.4517,-0.1676,0.5000,205.3386,-0.0000,-0.2526,-466.0084,0.4746,61.5824,286.2370,0.7288
12385,21.1135,-0.1700,0.5000,205.3275,-0.0000,-0.2527,-460.4117,0.4452,61.5545,287.2769,0.7532
12387,20.7709,-0.1721,0.5000,205.2805,-0.0000,-0.2530,-455.0074,0.4182,61.5204,288.2660,0.7787
12389,20.4245,-0.1738,0.5000,205.2006,-0.0000,-0.2532,-449.7611,0.3934,61.4806,289.2063,0.8053
12391,20.0748,-0.1754,0.5000,205.0904,-0.0000,-0.2535,-444.6437,0.3707,61.4355,290.0994,0.8330
12393,19.7224,-0.1767,0.5000,204.9525,-0.0000,-0.2538,-439.6325,0.3500,61.3854,290.9468,0.8618
12395,19.3674,-0.1779,0.5000,204.7891,-0.0000,-0.2541,-434.7074,0.3310,61.3307,291.7497,0.8919
12397,19.0103,-0.1790,0.5000,204.6026,-0.0000,-0.2545,-429.8481,0.3136,61.2717,292.5094,0.9231
12399,18.6512,-0.1799,0.5000,204.3948,-0.0000,-0.2549,-425.0355,0.2978,61.2086,293.2270,0.9556
12401,18.2903,-0.1808,0.5000,204.1676,-0.0000,-0.2553,-420.2600,0.2834,61.1416,293.9032,0.9894
12403,17.9277,-0.1816,0.5000,203.9227,-0.0000,-0.2557,-415.5108,0.2703,61.0709,294.5389,1.0246
12405,17.5637,-0.1823,0.5000,203.6615,-0.0000,-0.2561,-410.7791,0.2584,60.9966,295.1346,1.0611
12407,17.1982,-0.1830,0.5000,203.3856,-0.0000,-0.2566,-406.0546,0.2477,60.9189,295.6911,1.0990
12409,16.8312,-0.1837,0.5000,203.0961,-0.0000,-0.2569,-402.7826,0.2409,60.8633,296.0539,1.1262
12411,16.4630,-0.1844,0.5000,202.7943,-0.0000,-0.2571,-400.6891,0.2368,60.8269,296.2764,1.1440
12413,16.0933,-0.1851,0.5000,202.4813,-0.0000,-0.2576,-395.0333,0.2267,60.7254,296.8398,1.1936
12415,15.7224,-0.1857,0.5000,202.1580,-0.0000,-0.2581,-390.7882,0.2200,60.6464,297.2266,1.2323
12417,15.3501,-0.1864,0.5000,201.8252,-0.0000,-0.2585,-386.5389,0.2140,60.5649,297.5830,1.2724
12419,14.9765,-0.1871,0.5000,201.4839,-0.0000,-0.2591,-380.8657,0.2069,60.4527,298.0112,1.3280
12421,14.6015,-0.1877,0.5000,201.1347,-0.0000,-0.2595,-376.6048,0.2023,60.3657,298.2974,1.3715
12423,14.2253,-0.1884,0.5000,200.7783,-0.0000,-0.2600,-372.3388,0.1981,60.2765,298.5538,1.4166
12425,13.8476,-0.1891,0.5000,200.4152,-0.0000,-0.2605,-367.1348,0.1932,60.1646,298.8261,1.4737
12427,13.4686,-0.1898,0.5000,200.0460,-0.0000,-0.2610,-362.8107,0.1895,60.0693,299.0188,1.5230
12429,13.0882,-0.1905,0.5000,199.6712,-0.0000,-0.2615,-358.3266,0.1862,59.9680,299.1866,1.5759
12431,12.7064,-0.1912,0.5000,199.2911,-0.0000,-0.2620,-353.3884,0.1833,59.8537,299.3341,1.6366
12433,12.3232,-0.1919,0.5000,198.9063,-0.0000,-0.2625,-348.7655,0.1813,59.7441,299.4368,1.6956
12435,11.9387,-0.1926,0.5000,198.5169,-0.0000,-0.2631,-343.6683,0.1798,59.6202,299.5106,1.7634
12437,11.5526,-0.1933,0.5000,198.1234,-0.0000,-0.2636,-339.0780,0.1792,59.5061,299.5417,1.8269
12439,11.1652,-0.1940,0.5000,197.7259,-0.0000,-0.2642,-333.4678,0.1791,59.3631,299.5342,1.9080
12441,10.7763,-0.1947,0.5000,197.3248,-0.0000,-0.2646,-329.4368,0.1797,59.2581,299.4980,1.9687
12443,10.3860,-0.1954,0.5000,196.9201,-0.0000,-0.2652,-324.0612,0.1811,59.1150,299.4096,2.0528
12445,9.9941,-0.1962,0.5000,196.5122,-0.0000,-0.2656,-320.0281,0.1826,59.0054,299.3131,2.1185
12447,9.6008,-0.1969,0.5000,196.1012,-0.0000,-0.2662,-314.6476,0.1853,58.8563,299.1441,2.2097
12449,9.2060,-0.1977,0.5000,195.6871,-0.0000,-0.2666,-310.5909,0.1878,58.7417,298.9863,2.2813
12451,8.8097,-0.1985,0.5000,195.2702,-0.0000,-0.2672,-305.3398,0.1917,58.5907,298.7433,2.3775
12453,8.4118,-0.1993,0.5000,194.8505,-0.0000,-0.2677,-300.2916,0.1960,58.4428,298.4684,2.4740
12455,8.0123,-0.2001,0.5000,194.4281,-0.0000,-0.2682,-295.2305,0.2010,58.2918,298.1525,2.5748
12457,7.6111,-0.2009,0.5000,194.0030,-0.0000,-0.2689,-288.5839,0.2085,58.0899,297.6768,2.7136
12459,7.2083,-0.2017,0.5000,193.5754,-0.0000,-0.2694,-284.4588,0.2136,57.9626,297.3471,2.8034
12461,6.8037,-0.2026,0.5000,193.1452,-0.0000,-0.2698,-280.3163,0.2192,57.8334,296.9898,2.8965
12463,6.3972,-0.2036,0.5000,192.7125,-0.0000,-0.2702,-276.1524,0.2252,57.7022,296.6045,2.9930
12465,5.9889,-0.2045,0.5000,192.2773,-0.0000,-0.2710,-267.7479,0.2384,57.4340,295.7488,3.1970
12467,5.5786,-0.2055,0.5000,191.8396,-0.0000,-0.2715,-262.7510,0.2470,57.2726,295.1920,3.3241
12469,5.1663,-0.2066,0.5000,191.3993,-0.0000,-0.2720,-257.7035,0.2562,57.1086,294.5943,3.4569
12471,4.7517,-0.2077,0.5000,190.9564,-0.0000,-0.2724,-252.5985,0.2661,56.9418,293.9551,3.5957
12473,4.3348,-0.2089,0.5000,190.5110,-0.0000,-0.2729,-247.4292,0.2766,56.7723,293.2734,3.7408
12475,3.9154,-0.2102,0.5000,190.0628,-0.0000,-0.2734,-242.1882,0.2878,56.5999,292.5483,3.8927
12477,3.4934,-0.2115,0.5000,189.6119,-0.0000,-0.2738,-236.8678,0.2997,56.4247,291.7789,4.0517
12479,3.0686,-0.2129,0.5000,189.1582,-0.0000,-0.2743,-231.4609,0.3124,56.2466,290.9639,4.2183
12481,2.6408,-0.2145,0.5000,188.7015,-0.0000,-0.2748,-225.9604,0.3258,56.0655,290.1022,4.3930
12483,2.2098,-0.2161,0.5000,188.2417,-0.0000,-0.2752,-220.3599,0.3400,55.8814,289.1924,4.5762
12485,1.7755,-0.2178,0.5000,187.7788,-0.0000,-0.2757,-214.6535,0.3551,55.6942,288.2333,4.7686
12487,1.3375,-0.2197,0.5000,187.3124,-0.0000,-0.2761,-208.8365,0.3711,55.5039,287.2235,4.9707
12489,0.8957,-0.2216,0.5000,186.8425,-0.0000,-0.2766,-202.9057,0.3880,55.3103,286.1614,5.1832
12491,0.4499,-0.2237,0.5000,186.3689,-0.0000,-0.2770,-196.8602,0.4059,55.1133,285.0455,5.4068
12493,-0.0003,-0.2259,0.5000,185.8913,-0.0000,-0.2775,-190.6988,0.4248,54.9128,283.8743,5.6423
12495,-0.4550,-0.2282,0.5000,185.4095,-0.0000,-0.2779,-184.4269,0.4449,54.7087,282.6462,5.8905
12497,-0.9145,-0.2307,0.5000,184.9233,-0.0000,-0.2783,-178.0496,0.4662,54.5009,281.3596,6.1524
12499,-1.3790,-0.2332,0.5000,184.4323,-0.0000,-0.2788,-171.5765,0.4887,54.2892,280.0130,6.4288
12501,-1.8487,-0.2359,0.5000,183.9364,-0.0000,-0.2792,-165.0227,0.5126,54.0735,278.6050,6.7208
12503,-2.3238,-0.2386,0.5000,183.4353,-0.0000,-0.2796,-158.4072,0.5379,53.8536,277.1342,7.0294
12505,-2.8044,-0.2414,0.5000,182.9285,-0.0000,-0.2800,-151.7521,0.5648,53.6294,275.5996,7.3559
12507,-3.2907,-0.2442,0.5000,182.4158,-0.0000,-0.2804,-145.0843,0.5932,53.4007,273.9999,7.7013
12509,-3.7826,-0.2470,0.5000,181.8970,-0.0000,-0.2809,-138.4367,0.6235,53.1675,272.3346,8.0670
12511,-4.2801,-0.2498,0.5000,181.3715,-0.0000,-0.2813,-131.8463,0.6556,52.9295,270.6032,8.4541
12513,-4.7833,-0.2526,0.5000,180.8393,-0.0000,-0.2816,-125.3527,0.6896,52.6867,268.8055,8.8639
12515,-5.2919,-0.2553,0.5000,180.2999,-0.0000,-0.2820,-118.9983,0.7258,52.4390,266.9416,9.2979
12517,-5.8056,-0.2578,0.5000,179.7531,0.0000,-0.2824,-112.8286,0.7642,52.1864,265.0123,9.7571
12519,-6.3242,-0.2602,0.5000,179.1986,-0.0000,-0.2828,-106.8902,0.8050,51.9288,263.0186,10.2428
12521,-6.8472,-0.2623,0.5000,178.6362,-0.0001,-0.2830,-102.9657,0.8344,51.7489,261.6118,10.5927
12523,-7.3742,-0.2642,0.5000,178.0658,-0.0000,-0.2832,-99.1866,0.8651,51.5668,260.1759,10.9560
12525,-7.9045,-0.2657,0.5000,177.4873,-0.0001,-0.2835,-94.5463,0.9066,51.3281,258.2794,11.4457
12527,-8.4374,-0.2669,0.5000,176.9005,-0.0000,-0.2838,-90.0959,0.9514,51.0797,256.2878,11.9724
12529,-8.9723,-0.2677,0.5000,176.3055,-0.0001,-0.2842,-85.1389,1.0092,50.7721,253.8010,12.6482
12531,-9.5083,-0.2681,0.5000,175.7024,-0.0001,-0.2844,-81.3791,1.0610,50.5081,251.6494,13.2498
12533,-10.0446,-0.2681,0.5000,175.0914,-0.0001,-0.2848,-76.7770,1.1390,50.1279,248.5264,14.1513
12535,-10.5801,-0.2675,0.5000,174.4727,-0.0001,-0.2850,-74.3990,1.1899,49.8912,246.5685,14.7339
12537,-11.1139,-0.2665,0.5000,173.8468,-0.0001,-0.2852,-72.3813,1.2429,49.6524,244.5844,15.3382
12539,-11.6450,-0.2649,0.5000,173.2140,-0.0002,-0.2855,-70.0576,1.3266,49.2909,241.5650,16.2850
12541,-12.1723,-0.2628,0.5000,172.5750,-0.0002,-0.2858,-68.5419,1.4216,48.9012,238.2890,17.3497
12543,-12.6946,-0.2601,0.5000,171.9305,-0.0002,-0.2859,-68.1703,1.4714,48.7055,236.6362,17.9017
12545,-13.2109,-0.2569,0.5000,171.2813,-0.0003,-0.2861,-68.2119,1.5751,48.3133,233.3088,19.0430
12547,-13.7200,-0.2530,0.5000,170.6282,-0.0003,-0.2862,-68.6275,1.6291,48.1172,231.6375,19.6313
12549,-14.2206,-0.2486,0.5000,169.9724,-0.0004,-0.2865,-70.2385,1.7413,47.7259,228.2884,20.8399
12551,-14.7117,-0.2436,0.5000,169.3150,-0.0004,-0.2866,-71.4240,1.7993,47.5312,226.6139,21.4587
12553,-15.1921,-0.2381,0.5000,168.6573,-0.0005,-0.2868,-74.5095,1.9192,47.1448,223.2734,22.7213
12555,-15.6608,-0.2320,0.5000,168.0008,-0.0006,-0.2869,-76.3819,1.9808,46.9535,221.6106,23.3631
12557,-16.1167,-0.2255,0.5000,167.3468,-0.0007,-0.2872,-80.6921,2.1074,46.5757,218.3076,24.6627
12559,-16.5592,-0.2186,0.5000,166.6970,-0.0007,-0.2873,-83.0825,2.1721,46.3897,216.6701,25.3185
12561,-16.9876,-0.2115,0.5000,166.0531,-0.0009,-0.2875,-88.1933,2.3039,46.0244,213.4289,26.6369
12563,-17.4014,-0.2041,0.5000,165.4168,-0.0010,-0.2877,-90.8512,2.3709,45.8455,211.8272,27.2977
12565,-17.8004,-0.1967,0.5000,164.7899,-0.0011,-0.2880,-96.2086,2.5064,45.4960,208.6651,28.6181
12567,-18.1848,-0.1894,0.5000,164.1739,-0.0013,-0.2883,-101.4090,2.6436,45.1584,205.5609,29.9324
12569,-18.5546,-0.1823,0.5000,163.5707,-0.0014,-0.2885,-103.8808,2.7125,44.9943,204.0310,30.5859
12571,-18.9105,-0.1754,0.5000,162.9817,-0.0017,-0.2889,-108.4425,2.8508,44.6759,201.0150,31.8841
12573,-19.2530,-0.1689,0.5000,162.4083,-0.0018,-0.2891,-110.5063,2.9199,44.5216,199.5286,32.5284
12575,-19.5830,-0.1627,0.5000,161.8517,-0.0020,-0.2895,-114.1317,3.0580,44.2229,196.5968,33.8074
12577,-19.9013,-0.1570,0.5000,161.3131,-0.0021,-0.2898,-115.7043,3.1269,44.0785,195.1505,34.4422
12579,-20.2088,-0.1518,0.5000,160.7931,-0.0026,-0.2902,-118.3365,3.2641,43.7991,192.2948,35.7035
12581,-20.5063,-0.1470,0.5000,160.2924,-0.0027,-0.2904,-119.4422,3.3324,43.6640,190.8845,36.3303
12583,-20.7946,-0.1425,0.5000,159.8114,-0.0028,-0.2908,-121.2320,3.4682,43.4025,188.0963,37.5775
12585,-21.0744,-0.1384,0.5000,159.3501,-0.0033,-0.2910,-121.9573,3.5358,43.2760,186.7178,38.1982
12587,-21.3464,-0.1346,0.5000,158.9084,-0.0034,-0.2914,-123.1162,3.6703,43.0308,183.9901,39.4351
12589,-21.6112,-0.1311,0.5000,158.4863,-0.0036,-0.2916,-123.5742,3.7372,42.9120,182.6404,40.0514
12591,-21.8692,-0.1278,0.5000,158.0833,-0.0044,-0.2919,-124.3067,3.8704,42.6812,179.9679,41.2806
12593,-22.1209,-0.1247,0.5000,157.6989,-0.0044,-0.2920,-124.5857,3.9367,42.5691,178.6449,41.8937
12595,-22.3665,-0.1218,0.5000,157.3325,-0.0052,-0.2923,-125.0190,4.0687,42.3510,176.0241,43.1171
12597,-22.6066,-0.1190,0.5000,156.9835,-0.0052,-0.2924,-125.1749,4.1345,42.2449,174.7262,43.7277
12599,-22.8413,-0.1164,0.5000,156.6512,-0.0054,-0.2926,-125.3816,4.2657,42.0379,172.1544,44.9469
12601,-23.0711,-0.1140,0.5000,156.3347,-0.0061,-0.2927,-125.4526,4.3962,41.8377,169.6138,46.1643
12603,-23.2961,-0.1117,0.5000,156.0335,-0.0063,-0.2928,-125.4370,4.4613,41.7399,168.3548,46.7725
12605,-23.5167,-0.1095,0.5000,155.7466,-0.0069,-0.2929,-125.3022,4.5912,41.5487,165.8588,47.9889
12607,-23.7332,-0.1075,0.5000,155.4733,-0.0072,-0.2929,-125.1815,4.6559,41.4551,164.6215,48.5973
12609,-23.9459,-0.1057,0.5000,155.2129,-0.0077,-0.2929,-124.8295,4.7851,41.2717,162.1671,49.8158
12611,-24.1551,-0.1040,0.5000,154.9644,-0.0081,-0.2929,-124.5965,4.8496,41.1818,160.9497,50.4263
12613,-24.3612,-0.1025,0.5000,154.7272,-0.0087,-0.2928,-124.0127,4.9785,41.0053,158.5337,51.6512
12615,-24.5644,-0.1011,0.5000,154.5005,-0.0093,-0.2927,-123.4580,5.0768,40.8730,156.7037,52.5917
12617,-24.7651,-0.0999,0.5000,154.2835,-0.0098,-0.2926,-122.8066,5.1751,40.7429,154.8867,53.5377
12619,-24.9636,-0.0989,0.5000,154.0755,-0.0104,-0.2925,-122.0566,5.2735,40.6147,153.0819,54.4902
12621,-25.1602,-0.0980,0.5000,153.8756,-0.0110,-0.2924,-121.2062,5.3720,40.4882,151.2887,55.4509
12623,-25.3553,-0.0973,0.5000,153.6831,-0.0116,-0.2922,-120.2542,5.4707,40.3632,149.5062,56.4212
12625,-25.5493,-0.0968,0.5000,153.4974,-0.0123,-0.2920,-119.1996,5.5697,40.2394,147.7336,57.4029
12627,-25.7424,-0.0964,0.5000,153.3176,-0.0130,-0.2918,-118.0416,5.6692,40.1167,145.9701,58.3977
12629,-25.9350,-0.0963,0.5000,153.1431,-0.0137,-0.2916,-116.7794,5.7691,39.9948,144.2149,59.4076
12631,-26.1275,-0.0963,0.5000,152.9732,-0.0144,-0.2914,-115.4127,5.8698,39.8735,142.4672,60.4346
12633,-26.3203,-0.0964,0.5000,152.8070,-0.0152,-0.2911,-113.9413,5.9712,39.7526,140.7261,61.4809
12635,-26.5136,-0.0968,0.5000,152.6440,-0.0161,-0.2909,-112.3653,6.0736,39.6319,138.9908,62.5490
12637,-26.7078,-0.0973,0.5000,152.4835,-0.0169,-0.2906,-110.6852,6.1770,39.5111,137.2605,63.6412
12639,-26.9033,-0.0980,0.5000,152.3248,-0.0178,-0.2903,-108.9017,6.2817,39.3901,135.5344,64.7603
12641,-27.1004,-0.0989,0.5000,152.1672,-0.0188,-0.2899,-107.0158,6.3879,39.2685,133.8117,65.9090
12643,-27.2995,-0.1000,0.5000,152.0100,-0.0198,-0.2896,-105.0291,6.4956,39.1463,132.0916,67.0903
12645,-27.5010,-0.1012,0.5000,151.8527,-0.0209,-0.2892,-102.9435,6.6052,39.0230,130.3732,68.3074
12647,-27.7051,-0.1026,0.5000,151.6946,-0.0220,-0.2888,-100.7612,6.7167,38.8985,128.6558,69.5636
12649,-27.9124,-0.1042,0.5000,151.5352,-0.0232,-0.2884,-98.4853,6.8304,38.7726,126.9387,70.8624
12651,-28.1230,-0.1060,0.5000,151.3737,-0.0246,-0.2880,-96.1189,6.9466,38.6450,125.2211,72.2076
12653,-28.3375,-0.1080,0.5000,151.2096,-0.0259,-0.2875,-93.6663,7.0653,38.5155,123.5023,73.6031
12655,-28.5560,-0.1101,0.5000,151.0423,-0.0274,-0.2871,-91.1319,7.1870,38.3838,121.7816,75.0530
12657,-28.7790,-0.1124,0.5000,150.8713,-0.0289,-0.2865,-88.5209,7.3117,38.2497,120.0585,76.5618
12659,-29.0069,-0.1149,0.5000,150.6960,-0.0307,-0.2860,-85.8389,7.4397,38.1130,118.3322,78.1341
12661,-29.2399,-0.1175,0.5000,150.5159,-0.0325,-0.2854,-83.0926,7.5714,37.9734,116.6022,79.7748
12663,-29.4783,-0.1203,0.5000,150.3305,-0.0344,-0.2848,-80.2891,7.7068,37.8306,114.8679,81.4891
12665,-29.7226,-0.1233,0.5000,150.1392,-0.0365,-0.2842,-77.4352,7.8463,37.6845,113.1289,83.2825
12667,-29.9730,-0.1264,0.5000,149.9416,-0.0388,-0.2835,-74.5393,7.9901,37.5348,111.3847,85.1608
12669,-30.2298,-0.1297,0.5000,149.7372,-0.0412,-0.2828,-71.6109,8.1385,37.3813,109.6349,87.1301
12671,-30.4934,-0.1331,0.5000,149.5256,-0.0438,-0.2821,-68.6576,8.2916,37.2237,107.8792,89.1970
12673,-30.7640,-0.1367,0.5000,149.3063,-0.0467,-0.2813,-65.6902,8.4498,37.0618,106.1172,91.3684
12675,-31.0420,-0.1404,0.5000,149.0790,-0.0498,-0.2804,-62.7175,8.6132,36.8954,104.3487,93.6516
12677,-31.3275,-0.1442,0.5000,148.8433,-0.0532,-0.2795,-59.7480,8.7821,36.7241,102.5734,96.0545
12679,-31.6210,-0.1482,0.5000,148.5988,-0.0568,-0.2785,-56.7939,8.9565,36.5479,100.7912,98.5853
12681,-31.9226,-0.1524,0.5000,148.3452,-0.0607,-0.2774,-53.8643,9.1368,36.3665,99.0021,101.2530
12683,-32.2326,-0.1566,0.5000,148.0822,-0.0650,-0.2762,-50.9660,9.3230,36.1796,97.2058,104.0672
12685,-32.5513,-0.1610,0.5000,147.8095,-0.0698,-0.2750,-48.1128,9.5153,35.9870,95.4025,107.0381
12687,-32.8790,-0.1655,0.5000,147.5270,-0.0751,-0.2736,-45.3118,9.7136,35.7885,93.5921,110.1766
12689,-33.2159,-0.1702,0.5000,147.2343,-0.0805,-0.2722,-42.5668,9.9180,35.5838,91.7746,113.4946
12691,-33.5623,-0.1750,0.5000,146.9313,-0.0864,-0.2706,-39.8933,10.1285,35.3728,89.9501,117.0053
12693,-33.9184,-0.1799,0.5000,146.6179,-0.0932,-0.2689,-37.2946,10.3449,35.1551,88.1188,120.7222
12695,-34.2845,-0.1850,0.5000,146.2939,-0.1006,-0.2670,-34.7764,10.5670,34.9305,86.2807,124.6608
12697,-34.6610,-0.1902,0.5000,145.9594,-0.1085,-0.2650,-32.3459,10.7946,34.6988,84.4360,128.8376
12699,-35.0481,-0.1956,0.5000,145.6141,-0.1171,-0.2628,-30.0056,11.0272,34.4596,82.5848,133.2708
12701,-35.4462,-0.2012,0.5000,145.2582,-0.1269,-0.2604,-27.7605,11.2643,34.2127,80.7273,137.9806
12703,-35.8557,-0.2069,0.5000,144.8916,-0.1374,-0.2578,-25.6142,11.5052,33.9579,78.8636,142.9890
12705,-36.2769,-0.2128,0.5000,144.5145,-0.1487,-0.2550,-23.5687,11.7491,33.6946,76.9938,148.3205
12707,-36.7103,-0.2190,0.5000,144.1268,-0.1611,-0.2519,-21.6248,11.9950,33.4226,75.1181,154.0024
12709,-37.1563,-0.2254,0.5000,143.7288,-0.1747,-0.2485,-19.7831,12.2417,33.1415,73.2364,160.0651
12711,-37.6155,-0.2321,0.5000,143.3205,-0.1897,-0.2448,-18.0438,12.4876,32.8508,71.3489,166.5425
12713,-38.0885,-0.2391,0.5000,142.9021,-0.2060,-0.2408,-16.4060,12.7309,32.5501,69.4554,173.4729
12715,-38.5759,-0.2465,0.5000,142.4739,-0.2237,-0.2364,-14.8684,12.9698,32.2388,67.5561,180.8993
12717,-39.0785,-0.2542,0.5000,142.0361,-0.2431,-0.2316,-13.4291,13.2016,31.9164,65.6506,188.8706
12719,-39.5971,-0.2624,0.5000,141.5890,-0.2643,-0.2265,-12.0858,13.4238,31.5821,63.7389,197.4421
12721,-40.1327,-0.2711,0.5000,141.1327,-0.2874,-0.2209,-10.8360,13.6329,31.2353,61.8206,206.6774
12723,-40.6862,-0.2803,0.5000,140.6677,-0.3125,-0.2148,-9.6767,13.8257,30.8751,59.8955,216.6483
12725,-41.2589,-0.2901,0.5000,140.1942,-0.3397,-0.2082,-8.6039,13.9977,30.5006,57.9630,227.4390
12727,-41.8521,-0.3006,0.5000,139.7125,-0.3694,-0.2012,-7.6162,14.1445,30.1107,56.0224,239.1459
12729,-42.4673,-0.3119,0.5000,139.2231,-0.4014,-0.1936,-6.7082,14.2611,29.7043,54.0731,251.8813
12731,-43.1063,-0.3241,0.5000,138.7263,-0.4360,-0.1855,-5.8773,14.3418,29.2800,52.1142,265.7768
12733,-43.7710,-0.3374,0.5000,138.2224,-0.4733,-0.1770,-5.1197,14.3807,28.8363,50.1445,280.9869
12735,-44.4636,-0.3519,0.5000,137.7118,-0.5134,-0.1679,-4.4318,14.3712,28.3714,48.1626,297.6957
12737,-45.1869,-0.3677,0.5000,137.1950,-0.5562,-0.1584,-3.8100,14.3070,27.8834,46.1671,316.1195
12739,-45.9438,-0.3851,0.5000,136.6724,-0.6016,-0.1485,-3.2504,14.1812,27.3699,44.1561,336.5187
12741,-46.7379,-0.4044,0.5000,136.1442,-0.6496,-0.1382,-2.7481,13.9866,26.8284,42.1271,359.2132
12743,-47.5732,-0.4259,0.5000,135.6111,-0.6844,-0.1310,-2.4383,13.8099,26.4386,40.7221,376.3229
12745,-48.4547,-0.4500,0.5000,135.0733,-0.7565,-0.1163,-1.8888,13.3426,25.6107,37.8789,414.9355
12747,-49.3880,-0.4771,0.5000,134.5312,-0.7938,-0.1088,-1.6499,13.0485,25.1696,36.4380,436.8133
12749,-50.3802,-0.5080,0.5000,133.9854,-0.8695,-0.0940,-1.2344,12.3327,24.2258,33.5103,486.8757
12751,-51.4395,-0.5433,0.5000,133.4362,-0.9072,-0.0867,-1.0540,11.9094,23.7192,32.0196,515.6556
12753,-52.5762,-0.5841,0.5000,132.8840,-0.9448,-0.0794,-0.8952,11.4424,23.1865,30.5080,547.4241
12755,-53.8026,-0.6316,0.5000,132.3293,-1.0194,-0.0648,-0.6160,10.3242,21.9735,27.2607,625.7850
12757,-55.1343,-0.6876,0.5000,131.7724,-1.0638,-0.0556,-0.4666,9.4793,21.0803,25.0240,689.1001
12759,-56.5906,-0.7540,0.5000,131.2139,-1.1017,-0.0469,-0.3446,8.5634,20.1062,22.7171,763.7733
12761,-58.1959,-0.8337,0.5000,130.6540,-1.1315,-0.0388,-0.2470,7.5875,19.0369,20.3263,852.5941
12763,-59.9809,-0.9301,0.5000,130.0932,-1.1477,-0.0326,-0.1819,6.7365,18.0571,18.2525,940.1343
12765,-61.9841,-1.0474,0.5000,129.5319,-1.1549,-0.0257,-0.1207,5.6851,16.7521,15.6460,1065.1352
12767,-64.2527,-1.1898,0.5000,128.9706,-1.1457,-0.0196,-0.0762,4.6289,15.2843,12.9039,1214.9167
12769,-66.8402,-1.3594,0.5000,128.4095,-1.1162,-0.0145,-0.0455,3.6087,13.6371,10.0381,1388.6957
12771,-69.7945,-1.5492,0.5000,127.8492,-1.0510,-0.0098,-0.0233,2.5574,11.5564,6.6997,1599.4032
12773,-73.1221,-1.7275,0.5000,127.2901,-0.9550,-0.0067,-0.0121,1.7548,9.5170,3.6985,1763.8244
12775,-76.7079,-1.8131,0.5000,126.7324,-0.8026,-0.0044,-0.0055,1.0528,7.1296,0.4967,1834.8770
12777,-80.2168,-1.6864,0.5000,126.1766,-0.6262,-0.0030,-0.0025,0.5627,4.7866,-2.3167,1674.1196
12779,-83.1536,-1.3126,0.5000,125.6229,-0.4905,-0.0024,-0.0012,0.2822,2.9060,-4.2833,1289.0630
12781,-85.1937,-0.8469,0.5000,125.0715,-0.4134,-0.0022,-0.0007,0.1262,1.5009,-5.4535,797.6356
12783,-86.3977,-0.4730,0.5000,124.5225,-0.3976,-0.0022,-0.0005,0.0619,0.7865,-5.7962,463.0311
12785,-87.0344,-0.2421,0.5000,123.9760,-0.4130,-0.0024,-0.0004,0.0314,0.4091,-5.7432,257.2755
12787,-87.3514,-0.1186,0.5000,123.4322,-0.4469,-0.0027,-0.0004,0.0169,0.2206,-5.4871,144.9865
12789,-87.5050,-0.0572,0.5000,122.8912,-0.4880,-0.0030,-0.0004,0.0104,0.1341,-5.1639,90.7070
12791,-87.5792,-0.0277,0.5000,122.3532,-0.5337,-0.0034,-0.0004,0.0072,0.0914,-4.8117,63.1231
12793,-87.6156,-0.0138,0.5000,121.8183,-0.5855,-0.0039,-0.0004,0.0055,0.0689,-4.4241,48.4112
12795,-87.6343,-0.0072,0.5000,121.2867,-0.6233,-0.0042,-0.0004,0.0048,0.0603,-4.1480,42.7430
12797,-87.6446,-0.0042,0.5000,120.7585,-0.6814,-0.0048,-0.0004,0.0043,0.0528,-3.7335,37.8645
12799,-87.6509,-0.0027,0.5000,120.2338,-0.7177,-0.0051,-0.0004,0.0041,0.0497,-3.4793,35.9251
12801,-87.6553,-0.0020,0.5000,119.7127,-0.7521,-0.0055,-0.0004,0.0039,0.0475,-3.2419,34.4998
12803,-87.6588,-0.0016,0.5000,119.1953,-0.7945,-0.0059,-0.0004,0.0037,0.0452,-2.9533,32.9764
12805,-87.6617,-0.0014,0.5000,118.6818,-0.8192,-0.0062,-0.0004,0.0036,0.0439,-2.7872,32.1546
12807,-87.6645,-0.0013,0.5000,118.1721,-0.8651,-0.0068,-0.0004,0.0035,0.0416,-2.4824,30.6195
12809,-87.6670,-0.0013,0.5000,117.6663,-0.8866,-0.0071,-0.0004,0.0034,0.0405,-2.3427,29.9210
12811,-87.6695,-0.0012,0.5000,117.1645,-0.9068,-0.0074,-0.0004,0.0033,0.0395,-2.2109,29.2354
12813,-87.6718,-0.0012,0.5000,116.6668,-0.9446,-0.0079,-0.0004,0.0032,0.0376,-1.9692,27.9094
12815,-87.6740,-0.0011,0.5000,116.1731,-0.9626,-0.0082,-0.0004,0.0031,0.0367,-1.8585,27.2765
12817,-87.6762,-0.0011,0.5000,115.6834,-0.9789,-0.0085,-0.0004,0.0030,0.0358,-1.7540,26.6595
12819,-87.6783,-0.0010,0.5000,115.1980,-1.0099,-0.0090,-0.0004,0.0029,0.0340,-1.5624,25.4613
12821,-87.6804,-0.0010,0.5000,114.7166,-1.0255,-0.0093,-0.0004,0.0028,0.0332,-1.4746,24.8815
12823,-87.6824,-0.0010,0.5000,114.2394,-1.0379,-0.0095,-0.0004,0.0028,0.0324,-1.3917,24.3170
12825,-87.6843,-0.0010,0.5000,113.7664,-1.0631,-0.0100,-0.0004,0.0026,0.0308,-1.2399,23.2205
12827,-87.6862,-0.0009,0.5000,113.2975,-1.0763,-0.0103,-0.0004,0.0026,0.0301,-1.1703,22.6873
12829,-87.6880,-0.0009,0.5000,112.8329,-1.0860,-0.0105,-0.0004,0.0025,0.0293,-1.1046,22.1663
12831,-87.6898,-0.0009,0.5000,112.3724,-1.1069,-0.0111,-0.0004,0.0024,0.0279,-0.9843,21.1547
12833,-87.6915,-0.0009,0.5000,111.9160,-1.1187,-0.0113,-0.0004,0.0023,0.0272,-0.9291,20.6606
12835,-87.6932,-0.0008,0.5000,111.4638,-1.1283,-0.0116,-0.0004,0.0023,0.0265,-0.8771,20.1766
12837,-87.6949,-0.0008,0.5000,111.0158,-1.1441,-0.0121,-0.0004,0.0022,0.0252,-0.7817,19.2377
12839,-87.6965,-0.0008,0.5000,110.5719,-1.1554,-0.0123,-0.0004,0.0021,0.0246,-0.7380,18.7758
12841,-87.6981,-0.0008,0.5000,110.1322,-1.1589,-0.0125,-0.0004,0.0021,0.0239,-0.6968,18.3308
12843,-87.6996,-0.0008,0.5000,109.6965,-1.1740,-0.0130,-0.0004,0.0020,0.0229,-0.6307,17.5651
12845,-87.7011,-0.0007,0.5000,109.2649,-1.1814,-0.0132,-0.0004,0.0019,0.0222,-0.5929,17.1015
12847,-87.7026,-0.0007,0.5000,108.8374,-1.1880,-0.0135,-0.0004,0.0019,0.0216,-0.5574,16.6460
12849,-87.7040,-0.0007,0.5000,108.4139,-1.1980,-0.0139,-0.0004,0.0018,0.0207,-0.5082,15.9776
12851,-87.7055,-0.0007,0.5000,107.9945,-1.2033,-0.0141,-0.0004,0.0018,0.0201,-0.4804,15.5794
12853,-87.7068,-0.0007,0.5000,107.5790,-1.2131,-0.0145,-0.0004,0.0017,0.0191,-0.4294,14.8001
12855,-87.7082,-0.0007,0.5000,107.1675,-1.2185,-0.0148,-0.0004,0.0016,0.0185,-0.4061,14.4184
12857,-87.7095,-0.0007,0.5000,106.7600,-1.2249,-0.0151,-0.0004,0.0016,0.0178,-0.3765,13.9104
12859,-87.7108,-0.0006,0.5000,106.3563,-1.2307,-0.0154,-0.0004,0.0015,0.0172,-0.3491,13.4119
12861,-87.7121,-0.0006,0.5000,105.9565,-1.2362,-0.0157,-0.0004,0.0015,0.0165,-0.3237,12.9228
12863,-87.7134,-0.0006,0.5000,105.5606,-1.2413,-0.0160,-0.0004,0.0014,0.0159,-0.3003,12.4427
12865,-87.7146,-0.0006,0.5000,105.1685,-1.2461,-0.0162,-0.0004,0.0014,0.0152,-0.2786,11.9710
12867,-87.7158,-0.0006,0.5000,104.7802,-1.2506,-0.0165,-0.0004,0.0013,0.0146,-0.2585,11.5076
12869,-87.7170,-0.0006,0.5000,104.3957,-1.2548,-0.0168,-0.0004,0.0013,0.0140,-0.2399,11.0522
12871,-87.7182,-0.0006,0.5000,104.0148,-1.2588,-0.0171,-0.0004,0.0012,0.0134,-0.2227,10.6044
12873,-87.7194,-0.0006,0.5000,103.6377,-1.2625,-0.0174,-0.0004,0.0012,0.0128,-0.2067,10.1642
12875,-87.7205,-0.0006,0.5000,103.2642,-1.2659,-0.0176,-0.0004,0.0011,0.0123,-0.1920,9.7312
12877,-87.7216,-0.0006,0.5000,102.8944,-1.2692,-0.0179,-0.0004,0.0011,0.0117,-0.1784,9.3052
12879,-87.7227,-0.0005,0.5000,102.5281,-1.2722,-0.0182,-0.0004,0.0010,0.0111,-0.1658,8.8861
12881,-87.7238,-0.0005,0.5000,102.1654,-1.2751,-0.0185,-0.0004,0.0010,0.0106,-0.1541,8.4736
12883,-87.7249,-0.0005,0.5000,101.8063,-1.2778,-0.0187,-0.0004,0.0009,0.0101,-0.1433,8.0675
12885,-87.7259,-0.0005,0.5000,101.4506,-1.2803,-0.0190,-0.0004,0.0009,0.0096,-0.1333,7.6676
12887,-87.7269,-0.0005,0.5000,101.0984,-1.2826,-0.0192,-0.0004,0.0008,0.0090,-0.1240,7.2739
12889,-87.7279,-0.0005,0.5000,100.7496,-1.2848,-0.0195,-0.0004,0.0008,0.0085,-0.1154,6.8861
12891,-87.7289,-0.0005,0.5000,100.4043,-1.2869,-0.0198,-0.0004,0.0007,0.0081,-0.1075,6.5041
12893,-87.7299,-0.0005,0.5000,100.0623,-1.2888,-0.0200,-0.0004,0.0007,0.0076,-0.1002,6.1277
12895,-87.7309,-0.0005,0.5000,99.7236,-1.2906,-0.0203,-0.0004,0.0007,0.0071,-0.0934,5.7569
12897,-87.7319,-0.0005,0.5000,99.3882,-1.2923,-0.0205,-0.0004,0.0006,0.0066,-0.0871,5.3914
12899,-87.7328,-0.0005,0.5000,99.0561,-1.2939,-0.0208,-0.0004,0.0006,0.0062,-0.0813,5.0311
12901,-87.7337,-0.0005,0.5000,98.7272,-1.2954,-0.0210,-0.0004,0.0005,0.0057,-0.0759,4.6760
12903,-87.7346,-0.0005,0.5000,98.4015,-1.2968,-0.0213,-0.0004,0.0005,0.0053,-0.0709,4.3259
12905,-87.7355,-0.0004,0.5000,98.0790,-1.2981,-0.0215,-0.0004,0.0005,0.0049,-0.0663,3.9806
12907,-87.7364,-0.0004,0.5000,97.7596,-1.2993,-0.0217,-0.0004,0.0004,0.0044,-0.0621,3.6402
12909,-87.7373,-0.0004,0.5000,97.4434,-1.3005,-0.0220,-0.0004,0.0004,0.0040,-0.0581,3.3045
12911,-87.7382,-0.0004,0.5000,97.1302,-1.3015,-0.0222,-0.0004,0.0003,0.0036,-0.0545,2.9734
12913,-87.7390,-0.0004,0.5000,96.8200,-1.3025,-0.0224,-0.0004,0.0003,0.0032,-0.0511,2.6468
12915,-87.7399,-0.0004,0.5000,96.5128,-1.3034,-0.0227,-0.0004,0.0003,0.0028,-0.0480,2.3246
12917,-87.7407,-0.0004,0.5000,96.2087,-1.3043,-0.0229,-0.0004,0.0002,0.0024,-0.0451,2.0067
12919,-87.7415,-0.0004,0.5000,95.9074,-1.3051,-0.0231,-0.0004,0.0002,0.0020,-0.0424,1.6930
12921,-87.7423,-0.0004,0.5000,95.6091,-1.3059,-0.0233,-0.0004,0.0002,0.0017,-0.0399,1.3836
12923,-87.7431,-0.0004,0.5000,95.3137,-1.3066,-0.0236,-0.0004,0.0001,0.0013,-0.0376,1.0782
12925,-87.7439,-0.0004,0.5000,95.0212,-1.3072,-0.0238,-0.0004,0.0001,0.0009,-0.0355,0.7768
12927,-87.7447,-0.0004,0.5000,94.7314,-1.3078,-0.0240,-0.0004,0.0001,0.0006,-0.0335,0.4794
12929,-87.7455,-0.0004,0.5000,94.4445,-1.3084,-0.0242,-0.0004,0.0000,0.0002,-0.0317,0.1859
12931,-87.7462,-0.0004,0.5000,94.1603,-1.3089,-0.0244,-0.0004,-0.0000,-0.0001,-0.0300,-0.1039
12933,-87.7470,-0.0004,0.5000,93.8789,-1.3094,-0.0246,-0.0004,-0.0000,-0.0005,-0.0284,-0.3899
12935,-87.7477,-0.0004,0.5000,93.6002,-1.3099,-0.0248,-0.0004,-0.0001,-0.0008,-0.0270,-0.6723
12937,-87.7484,-0.0004,0.5000,93.3242,-1.3103,-0.0250,-0.0004,-0.0001,-0.0011,-0.0257,-0.9510
12939,-87.7492,-0.0004,0.5000,93.0508,-1.3107,-0.0252,-0.0004,-0.0001,-0.0014,-0.0244,-1.2262
12941,-87.7499,-0.0004,0.5000,92.7801,-1.3110,-0.0255,-0.0004,-0.0002,-0.0018,-0.0233,-1.4979
12943,-87.7506,-0.0003,0.5000,92.5120,-1.3114,-0.0257,-0.0004,-0.0002,-0.0021,-0.0222,-1.7662
12945,-87.7513,-0.0003,0.5000,92.2464,-1.3117,-0.0259,-0.0004,-0.0002,-0.0024,-0.0212,-2.0310
12947,-87.7519,-0.0003,0.5000,91.9834,-1.3119,-0.0260,-0.0004,-0.0003,-0.0027,-0.0203,-2.2926
12949,-87.7526,-0.0003,0.5000,91.7229,-1.3122,-0.0262,-0.0004,-0.0003,-0.0030,-0.0195,-2.5509
12951,-87.7533,-0.0003,0.5000,91.4649,-1.3124,-0.0264,-0.0004,-0.0003,-0.0033,-0.0187,-2.8060
12953,-87.7539,-0.0003,0.5000,91.2094,-1.3127,-0.0266,-0.0004,-0.0004,-0.0036,-0.0180,-3.0579
12955,-87.7546,-0.0003,0.5000,90.9564,-1.3129,-0.0268,-0.0004,-0.0004,-0.0038,-0.0173,-3.3067
12957,-87.7552,-0.0003,0.5000,90.7057,-1.3130,-0.0270,-0.0004,-0.0004,-0.0041,-0.0167,-3.5524
12959,-87.7559,-0.0003,0.5000,90.4575,-1.3132,-0.0272,-0.0004,-0.0004,-0.0044,-0.0161,-3.7950
12961,-87.7565,-0.0003,0.5000,90.2116,-1.3134,-0.0274,-0.0004,-0.0005,-0.0047,-0.0156,-4.0347
12963,-87.7571,-0.0003,0.5000,89.9680,-1.3135,-0.0276,-0.0004,-0.0005,-0.0049,-0.0151,-4.2715
12965,-87.7577,-0.0003,0.5000,89.7268,-1.3136,-0.0278,-0.0004,-0.0005,-0.0052,-0.0146,-4.5054
12967,-87.7583,-0.0003,0.5000,89.4879,-1.3137,-0.0279,-0.0004,-0.0005,-0.0054,-0.0142,-4.7364
12969,-87.7589,-0.0003,0.5000,89.2513,-1.3138,-0.0281,-0.0004,-0.0006,-0.0057,-0.0138,-4.9646
12971,-87.7595,-0.0003,0.5000,89.0169,-1.3139,-0.0283,-0.0004,-0.0006,-0.0059,-0.0134,-5.1901
12973,-87.7601,-0.0003,0.5000,88.7847,-1.3140,-0.0285,-0.0004,-0.0006,-0.0062,-0.0131,-5.4128
12975,-87.7607,-0.0003,0.5000,88.5547,-1.3140,-0.0286,-0.0004,-0.0006,-0.0064,-0.0128,-5.6328
12977,-87.7612,-0.0003,0.5000,88.3270,-1.3141,-0.0288,-0.0004,-0.0007,-0.0066,-0.0125,-5.8502
12979,-87.7618,-0.0003,0.5000,88.1013,-1.3141,-0.0290,-0.0004,-0.0007,-0.0069,-0.0122,-6.0649
12981,-87.7623,-0.0003,0.5000,87.8779,-1.3142,-0.0292,-0.0004,-0.0007,-0.0071,-0.0120,-6.2771
12983,-87.7629,-0.0003,0.5000,87.6565,-1.3142,-0.0293,-0.0004,-0.0007,-0.0073,-0.0117,-6.4868
12985,-87.7634,-0.0003,0.5000,87.4372,-1.3142,-0.0295,-0.0004,-0.0008,-0.0075,-0.0115,-6.6939
12987,-87.7640,-0.0003,0.5000,87.2201,-1.3143,-0.0297,-0.0004,-0.0008,-0.0078,-0.0113,-6.8986
12989,-87.7645,-0.0003,0.5000,87.0049,-1.3143,-0.0298,-0.0004,-0.0008,-0.0080,-0.0111,-7.1008
12991,-87.7650,-0.0003,0.5000,86.7918,-1.3143,-0.0300,-0.0004,-0.0008,-0.0082,-0.0110,-7.3007
12993,-87.7655,-0.0003,0.5000,86.5807,-1.3143,-0.0301,-0.0004,-0.0009,-0.0084,-0.0108,-7.4982
12995,-87.7660,-0.0003,0.5000,86.3716,-1.3143,-0.0303,-0.0004,-0.0009,-0.0086,-0.0106,-7.6933
12997,-87.7666,-0.0003,0.5000,86.1645,-1.3143,-0.0305,-0.0004,-0.0009,-0.0088,-0.0105,-7.8861
12999,-87.7670,-0.0002,0.5000,85.9593,-1.3142,-0.0306,-0.0004,-0.0009,-0.0090,-0.0104,-8.0767
13001,-87.7675,-0.0002,0.5000,85.7560,-1.3142,-0.0308,-0.0004,-0.0010,-0.0092,-0.0103,-8.2650
13003,-87.7680,-0.0002,0.5000,85.5547,-1.3142,-0.0309,-0.0004,-0.0010,-0.0094,-0.0101,-8.4511
13005,-87.7685,-0.0002,0.5000,85.3553,-1.3142,-0.0311,-0.0004,-0.0010,-0.0095,-0.0100,-8.6350
13007,-87.7690,-0.0002,0.5000,85.1577,-1.3142,-0.0312,-0.0004,-0.0010,-0.0097,-0.0099,-8.8168
13009,-87.7695,-0.0002,0.5000,84.9620,-1.3141,-0.0314,-0.0004,-0.0010,-0.0099,-0.0098,-8.9965
13011,-87.7699,-0.0002,0.5000,84.7681,-1.3141,-0.0315,-0.0004,-0.0011,-0.0101,-0.0098,-9.1740
13013,-87.7704,-0.0002,0.5000,84.5761,-1.3141,-0.0317,-0.0004,-0.0011,-0.0103,-0.0097,-9.3495
13015,-87.7708,-0.0002,0.5000,84.3858,-1.3140,-0.0318,-0.0004,-0.0011,-0.0104,-0.0096,-9.5230
13017,-87.7713,-0.0002,0.5000,84.1973,-1.3140,-0.0320,-0.0004,-0.0011,-0.0106,-0.0095,-9.6944
13019,-87.7717,-0.0002,0.5000,84.0106,-1.3139,-0.0321,-0.0004,-0.0011,-0.0108,-0.0095,-9.8638
13021,-87.7722,-0.0002,0.5000,83.8257,-1.3139,-0.0322,-0.0004,-0.0012,-0.0109,-0.0094,-10.0313
13023,-87.7726,-0.0002,0.5000,83.6424,-1.3138,-0.0324,-0.0004,-0.0012,-0.0111,-0.0093,-10.1969
13025,-87.7730,-0.0002,0.5000,83.4609,-1.3138,-0.0325,-0.0004,-0.0012,-0.0112,-0.0093,-10.3605
13027,-87.7734,-0.0002,0.5000,83.2811,-1.3137,-0.0327,-0.0004,-0.0012,-0.0114,-0.0092,-10.5223
13029,-87.7739,-0.0002,0.5000,83.1030,-1.3137,-0.0328,-0.0004,-0.0012,-0.0115,-0.0092,-10.6821
13031,-87.7743,-0.0002,0.5000,82.9265,-1.3136,-0.0329,-0.0004,-0.0013,-0.0117,-0.0092,-10.8402
13033,-87.7747,-0.0002,0.5000,82.7517,-1.3136,-0.0331,-0.0004,-0.0013,-0.0118,-0.0091,-10.9964
13035,-87.7751,-0.0002,0.5000,82.5785,-1.3135,-0.0332,-0.0004,-0.0013,-0.0120,-0.0091,-11.1509
13037,-87.7755,-0.0002,0.5000,82.4069,-1.3135,-0.0333,-0.0004,-0.0013,-0.0121,-0.0090,-11.3036
13039,-87.7759,-0.0002,0.5000,82.2369,-1.3134,-0.0335,-0.0004,-0.0013,-0.0123,-0.0090,-11.4545
13041,-87.7763,-0.0002,0.5000,82.0685,-1.3133,-0.0336,-0.0004,-0.0013,-0.0124,-0.0090,-11.6037
13043,-87.7767,-0.0002,0.5000,81.9017,-1.3133,-0.0337,-0.0004,-0.0014,-0.0125,-0.0089,-11.7513
13045,-87.7770,-0.0002,0.5000,81.7364,-1.3132,-0.0339,-0.0004,-0.0014,-0.0127,-0.0089,-11.8971
13047,-87.7774,-0.0002,0.5000,81.5727,-1.3132,-0.0340,-0.0004,-0.0014,-0.0128,-0.0089,-12.0413
13049,-87.7778,-0.0002,0.5000,81.4104,-1.3131,-0.0341,-0.0004,-0.0014,-0.0129,-0.0088,-12.1838
13051,-87.7782,-0.0002,0.5000,81.2497,-1.3130,-0.0342,-0.0004,-0.0014,-0.0130,-0.0088,-12.3248
13053,-87.7785,-0.0002,0.5000,81.0905,-1.3130,-0.0343,-0.0004,-0.0015,-0.0132,-0.0088,-12.4641
13055,-87.7789,-0.0002,0.5000,80.9328,-1.3129,-0.0345,-0.0004,-0.0015,-0.0133,-0.0088,-12.6018
13057,-87.7792,-0.0002,0.5000,80.7765,-1.3129,-0.0346,-0.0004,-0.0015,-0.0134,-0.0087,-12.7381
13059,-87.7796,-0.0002,0.5000,80.6217,-1.3128,-0.0347,-0.0004,-0.0015,-0.0135,-0.0087,-12.8727
13061,-87.7799,-0.0002,0.5000,80.4683,-1.3127,-0.0348,-0.0004,-0.0015,-0.0136,-0.0087,-13.0059
13063,-87.7803,-0.0002,0.5000,80.3164,-1.3127,-0.0349,-0.0004,-0.0015,-0.0137,-0.0087,-13.1375
13065,-87.7806,-0.0002,0.5000,80.1658,-1.3126,-0.0351,-0.0004,-0.0015,-0.0139,-0.0087,-13.2677
13067,-87.7810,-0.0002,0.5000,80.0167,-1.3125,-0.0352,-0.0004,-0.0016,-0.0140,-0.0086,-13.3964
13069,-87.7813,-0.0002,0.5000,79.8689,-1.3125,-0.0353,-0.0004,-0.0016,-0.0141,-0.0086,-13.5237
13071,-87.7816,-0.0002,0.5000,79.7226,-1.3124,-0.0354,-0.0004,-0.0016,-0.0142,-0.0086,-13.6495
13073,-87.7819,-0.0002,0.5000,79.5775,-1.3124,-0.0355,-0.0004,-0.0016,-0.0143,-0.0086,-13.7740
13075,-87.7823,-0.0002,0.5000,79.4338,-1.3123,-0.0356,-0.0004,-0.0016,-0.0144,-0.0086,-13.8970
13077,-87.7826,-0.0002,0.5000,79.2915,-1.3122,-0.0357,-0.0004,-0.0016,-0.0145,-0.0086,-14.0187
13079,-87.7829,-0.0002,0.5000,79.1504,-1.3122,-0.0359,-0.0004,-0.0017,-0.0146,-0.0085,-14.1390
13081,-87.7832,-0.0002,0.5000,79.0107,-1.3121,-0.0360,-0.0004,-0.0017,-0.0147,-0.0085,-14.2580
13083,-87.7835,-0.0002,0.5000,78.8723,-1.3121,-0.0361,-0.0004,-0.0017,-0.0148,-0.0085,-14.3757
13085,-87.7838,-0.0002,0.5000,78.7351,-1.3120,-0.0362,-0.0004,-0.0017,-0.0149,-0.0085,-14.4920
13087,-87.7841,-0.0002,0.5000,78.5993,-1.3119,-0.0363,-0.0004,-0.0017,-0.0149,-0.0085,-14.6071
13089,-87.7844,-0.0001,0.5000,78.4646,-1.3119,-0.0364,-0.0004,-0.0017,-0.0150,-0.0085,-14.7208
13091,-87.7847,-0.0001,0.5000,78.3313,-1.3118,-0.0365,-0.0004,-0.0017,-0.0151,-0.0085,-14.8334
13093,-87.7850,-0.0001,0.5000,78.1991,-1.3118,-0.0366,-0.0004,-0.0018,-0.0152,-0.0085,-14.9446
13095,-87.7853,-0.0001,0.5000,78.0682,-1.3117,-0.0367,-0.0004,-0.0018,-0.0153,-0.0084,-15.0547
13097,-87.7856,-0.0001,0.5000,77.9385,-1.3116,-0.0368,-0.0004,-0.0018,-0.0154,-0.0084,-15.1635
13099,-87.7859,-0.0001,0.5000,77.8100,-1.3116,-0.0369,-0.0004,-0.0018,-0.0154,-0.0084,-15.2712
13101,-87.7862,-0.0001,0.5000,77.6827,-1.3115,-0.0370,-0.0004,-0.0018,-0.0155,-0.0084,-15.3776
13103,-87.7864,-0.0001,0.5000,77.5566,-1.3115,-0.0371,-0.0004,-0.0018,-0.0156,-0.0084,-15.4829
13105,-87.7867,-0.0001,0.5000,77.4316,-1.3114,-0.0372,-0.0004,-0.0018,-0.0157,-0.0084,-15.5870
13107,-87.7870,-0.0001,0.5000,77.3078,-1.3113,-0.0373,-0.0004,-0.0018,-0.0158,-0.0084,-15.6900
13109,-87.7872,-0.0001,0.5000,77.1851,-1.3113,-0.0374,-0.0004,-0.0019,-0.0158,-0.0084,-15.7918
13111,-87.7875,-0.0001,0.5000,77.0636,-1.3112,-0.0375,-0.0004,-0.0019,-0.0159,-0.0083,-15.8925
13113,-87.7878,-0.0001,0.5000,76.9432,-1.3112,-0.0376,-0.0004,-0.0019,-0.0160,-0.0083,-15.9921
13115,-87.7880,-0.0001,0.5000,76.8239,-1.3111,-0.0377,-0.0004,-0.0019,-0.0160,-0.0083,-16.0907
13117,-87.7883,-0.0001,0.5000,76.7057,-1.3111,-0.0378,-0.0004,-0.0019,-0.0161,-0.0083,-16.1881
13119,-87.7885,-0.0001,0.5000,76.5886,-1.3110,-0.0379,-0.0004,-0.0019,-0.0162,-0.0083,-16.2845
13121,-87.7888,-0.0001,0.5000,76.4726,-1.3110,-0.0380,-0.0004,-0.0019,-0.0162,-0.0083,-16.3798
13123,-87.7890,-0.0001,0.5000,76.3577,-1.3109,-0.0380,-0.0004,-0.0019,-0.0163,-0.0083,-16.4741
13125,-87.7893,-0.0001,0.5000,76.2438,-1.3108,-0.0381,-0.0004,-0.0019,-0.0164,-0.0083,-16.5674
13127,-87.7895,-0.0001,0.5000,76.1310,-1.3108,-0.0382,-0.0004,-0.0020,-0.0164,-0.0083,-16.6596
13129,-87.7898,-0.0001,0.5000,76.0193,-1.3107,-0.0383,-0.0004,-0.0020,-0.0165,-0.0083,-16.7509
13131,-87.7900,-0.0001,0.5000,75.9085,-1.3107,-0.0384,-0.0004,-0.0020,-0.0165,-0.0082,-16.8411
13133,-87.7902,-0.0001,0.5000,75.7988,-1.3106,-0.0385,-0.0004,-0.0020,-0.0166,-0.0082,-16.9304
13135,-87.7905,-0.0001,0.5000,75.6902,-1.3106,-0.0386,-0.0004,-0.0020,-0.0167,-0.0082,-17.0187
13137,-87.7907,-0.0001,0.5000,75.5825,-1.3105,-0.0387,-0.0004,-0.0020,-0.0167,-0.0082,-17.1061
13139,-87.7909,-0.0001,0.5000,75.4758,-1.3105,-0.0387,-0.0004,-0.0020,-0.0168,-0.0082,-17.1924
13141,-87.7911,-0.0001,0.5000,75.3701,-1.3104,-0.0388,-0.0004,-0.0020,-0.0168,-0.0082,-17.2779
13143,-87.7914,-0.0001,0.5000,75.2654,-1.3104,-0.0389,-0.0004,-0.0020,-0.0169,-0.0082,-17.3624
13145,-87.7916,-0.0001,0.5000,75.1617,-1.3103,-0.0390,-0.0004,-0.0021,-0.0169,-0.0082,-17.4461
13147,-87.7918,-0.0001,0.5000,75.0589,-1.3103,-0.0391,-0.0004,-0.0021,-0.0170,-0.0082,-17.5288
13149,-87.7920,-0.0001,0.5000,74.9571,-1.3102,-0.0392,-0.0004,-0.0021,-0.0170,-0.0082,-17.6106
13151,-87.7922,-0.0001,0.5000,74.8562,-1.3102,-0.0392,-0.0004,-0.0021,-0.0171,-0.0081,-17.6915
13153,-87.7924,-0.0001,0.5000,74.7563,-1.3101,-0.0393,-0.0004,-0.0021,-0.0171,-0.0081,-17.7716
13155,-87.7927,-0.0001,0.5000,74.6573,-1.3101,-0.0394,-0.0004,-0.0021,-0.0172,-0.0081,-17.8508
13157,-87.7929,-0.0001,0.5000,74.5592,-1.3101,-0.0395,-0.0004,-0.0021,-0.0172,-0.0081,-17.9291
13159,-87.7931,-0.0001,0.5000,74.4621,-1.3100,-0.0396,-0.0004,-0.0021,-0.0172,-0.0081,-18.0066
13161,-87.7933,-0.0001,0.5000,74.3658,-1.3100,-0.0396,-0.0004,-0.0021,-0.0173,-0.0081,-18.0833
13163,-87.7935,-0.0001,0.5000,74.2704,-1.3099,-0.0397,-0.0004,-0.0021,-0.0173,-0.0081,-18.1591
13165,-87.7937,-0.0001,0.5000,74.1760,-1.3099,-0.0398,-0.0004,-0.0022,-0.0174,-0.0081,-18.2341
13167,-87.7939,-0.0001,0.5000,74.0824,-1.3098,-0.0399,-0.0004,-0.0022,-0.0174,-0.0081,-18.3083
13169,-87.7941,-0.0001,0.5000,73.9897,-1.3098,-0.0399,-0.0004,-0.0022,-0.0174,-0.0081,-18.3817
13171,-87.7942,-0.0001,0.5000,73.8978,-1.3097,-0.0400,-0.0004,-0.0022,-0.0175,-0.0081,-18.4544
13173,-87.7944,-0.0001,0.5000,73.8068,-1.3097,-0.0401,-0.0004,-0.0022,-0.0175,-0.0080,-18.5262
13175,-87.7946,-0.0001,0.5000,73.7166,-1.3097,-0.0402,-0.0004,-0.0022,-0.0175,-0.0080,-18.5973
13177,-87.7948,-0.0001,0.5000,73.6273,-1.3096,-0.0402,-0.0004,-0.0022,-0.0176,-0.0080,-18.6676
13179,-87.7950,-0.0001,0.5000,73.5389,-1.3096,-0.0403,-0.0004,-0.0022,-0.0176,-0.0080,-18.7372
13181,-87.7952,-0.0001,0.5000,73.4512,-1.3095,-0.0404,-0.0004,-0.0022,-0.0176,-0.0080,-18.8060
13183,-87.7953,-0.0001,0.5000,73.3644,-1.3095,-0.0404,-0.0004,-0.0022,-0.0177,-0.0080,-18.8740
13185,-87.7955,-0.0001,0.5000,73.2784,-1.3094,-0.0405,-0.0004,-0.0022,-0.0177,-0.0080,-18.9414
13187,-87.7957,-0.0001,0.5000,73.1932,-1.3094,-0.0406,-0.0004,-0.0023,-0.0177,-0.0080,-19.0080
13189,-87.7959,-0.0001,0.5000,73.1088,-1.3094,-0.0406,-0.0004,-0.0023,-0.0178,-0.0080,-19.0739
13191,-87.7961,-0.0001,0.5000,73.0251,-1.3093,-0.0407,-0.0004,-0.0023,-0.0178,-0.0080,-19.1391
13193,-87.7962,-0.0001,0.5000,72.9423,-1.3093,-0.0408,-0.0004,-0.0023,-0.0178,-0.0080,-19.2036
13195,-87.7964,-0.0001,0.5000,72.8603,-1.3093,-0.0409,-0.0004,-0.0023,-0.0179,-0.0079,-19.2674
13197,-87.7966,-0.0001,0.5000,72.7790,-1.3092,-0.0409,-0.0004,-0.0023,-0.0179,-0.0079,-19.3305
13199,-87.7967,-0.0001,0.5000,72.6985,-1.3092,-0.0410,-0.0004,-0.0023,-0.0179,-0.0079,-19.3930
13201,-87.7969,-0.0001,0.5000,72.6187,-1.3091,-0.0410,-0.0004,-0.0023,-0.0179,-0.0079,-19.4548
13203,-87.7970,-0.0001,0.5000,72.5397,-1.3091,-0.0411,-0.0004,-0.0023,-0.0180,-0.0079,-19.5159
13205,-87.7972,-0.0001,0.5000,72.4614,-1.3091,-0.0412,-0.0004,-0.0023,-0.0180,-0.0079,-19.5764
13207,-87.7974,-0.0001,0.5000,72.3839,-1.3090,-0.0412,-0.0004,-0.0023,-0.0180,-0.0079,-19.6362
13209,-87.7975,-0.0001,0.5000,72.3071,-1.3090,-0.0413,-0.0004,-0.0023,-0.0180,-0.0079,-19.6954
13211,-87.7977,-0.0001,0.5000,72.2310,-1.3090,-0.0414,-0.0004,-0.0023,-0.0180,-0.0079,-19.7539
13213,-87.7978,-0.0001,0.5000,72.1557,-1.3089,-0.0414,-0.0004,-0.0024,-0.0181,-0.0079,-19.8119
13215,-87.7980,-0.0001,0.5000,72.0811,-1.3089,-0.0415,-0.0004,-0.0024,-0.0181,-0.0079,-19.8692
13217,-87.7981,-0.0001,0.5000,72.0071,-1.3089,-0.0416,-0.0004,-0.0024,-0.0181,-0.0078,-19.9259
13219,-87.7983,-0.0001,0.5000,71.9339,-1.3088,-0.0416,-0.0004,-0.0024,-0.0181,-0.0078,-19.9820
13221,-87.7984,-0.0001,0.5000,71.8614,-1.3088,-0.0417,-0.0004,-0.0024,-0.0181,-0.0078,-20.0374
13223,-87.7986,-0.0001,0.5000,71.7895,-1.3088,-0.0417,-0.0004,-0.0024,-0.0182,-0.0078,-20.0923
13225,-87.7987,-0.0001,0.5000,71.7183,-1.3087,-0.0418,-0.0004,-0.0024,-0.0182,-0.0078,-20.1467
13227,-87.7989,-0.0001,0.5000,71.6479,-1.3087,-0.0419,-0.0004,-0.0024,-0.0182,-0.0078,-20.2004
13229,-87.7990,-0.0001,0.5000,71.5780,-1.3087,-0.0419,-0.0004,-0.0024,-0.0182,-0.0078,-20.2535
13231,-87.7991,-0.0001,0.5000,71.5089,-1.3086,-0.0420,-0.0004,-0.0024,-0.0182,-0.0078,-20.3061
13233,-87.7993,-0.0001,0.5000,71.4404,-1.3086,-0.0420,-0.0004,-0.0024,-0.0182,-0.0078,-20.3581
13235,-87.7994,-0.0001,0.5000,71.3726,-1.3086,-0.0421,-0.0004,-0.0024,-0.0183,-0.0078,-20.4096
13237,-87.7996,-0.0001,0.5000,71.3054,-1.3085,-0.0421,-0.0004,-0.0024,-0.0183,-0.0078,-20.4605
13239,-87.7997,-0.0001,0.5000,71.2388,-1.3085,-0.0422,-0.0004,-0.0024,-0.0183,-0.0078,-20.5109
13241,-87.7998,-0.0001,0.5000,71.1729,-1.3085,-0.0422,-0.0004,-0.0025,-0.0183,-0.0077,-20.5607
13243,-87.8000,-0.0001,0.5000,71.1076,-1.3084,-0.0423,-0.0004,-0.0025,-0.0183,-0.0077,-20.6100
13245,-87.8001,-0.0001,0.5000,71.0430,-1.3084,-0.0424,-0.0004,-0.0025,-0.0183,-0.0077,-20.6588
13247,-87.8002,-0.0001,0.5000,70.9789,-1.3084,-0.0424,-0.0004,-0.0025,-0.0183,-0.0077,-20.7071
13249,-87.8003,-0.0001,0.5000,70.9155,-1.3084,-0.0425,-0.0004,-0.0025,-0.0183,-0.0077,-20.7548
13251,-87.8005,-0.0001,0.5000,70.8527,-1.3083,-0.0425,-0.0004,-0.0025,-0.0183,-0.0077,-20.8020
13253,-87.8006,-0.0001,0.5000,70.7905,-1.3083,-0.0426,-0.0004,-0.0025,-0.0183,-0.0077,-20.8487
13255,-87.8007,-0.0001,0.5000,70.7289,-1.3083,-0.0426,-0.0004,-0.0025,-0.0184,-0.0077,-20.8949
13257,-87.8008,-0.0001,0.5000,70.6679,-1.3082,-0.0427,-0.0004,-0.0025,-0.0184,-0.0077,-20.9407
13259,-87.8010,-0.0001,0.5000,70.6075,-1.3082,-0.0427,-0.0004,-0.0025,-0.0184,-0.0077,-20.9859
13261,-87.8011,-0.0001,0.5000,70.5476,-1.3082,-0.0428,-0.0004,-0.0025,-0.0184,-0.0077,-21.0306
13263,-87.8012,-0.0001,0.5000,70.4884,-1.3082,-0.0428,-0.0004,-0.0025,-0.0184,-0.0077,-21.0749
13265,-87.8013,-0.0001,0.5000,70.4297,-1.3081,-0.0429,-0.0004,-0.0025,-0.0184,-0.0076,-21.1187
13267,-87.8014,-0.0001,0.5000,70.3716,-1.3081,-0.0429,-0.0004,-0.0025,-0.0184,-0.0076,-21.1620
13269,-87.8015,-0.0001,0.5000,70.3141,-1.3081,-0.0430,-0.0004,-0.0025,-0.0184,-0.0076,-21.2048
13271,-87.8017,-0.0001,0.5000,70.2571,-1.3081,-0.0430,-0.0004,-0.0025,-0.0184,-0.0076,-21.2472
13273,-87.8018,-0.0001,0.5000,70.2007,-1.3080,-0.0431,-0.0004,-0.0025,-0.0184,-0.0076,-21.2892
13275,-87.8019,-0.0001,0.5000,70.1448,-1.3080,-0.0431,-0.0004,-0.0026,-0.0184,-0.0076,-21.3306
13277,-87.8020,-0.0001,0.5000,70.0894,-1.3080,-0.0432,-0.0004,-0.0026,-0.0184,-0.0076,-21.3717
13279,-87.8021,-0.0001,0.5000,70.0347,-1.3080,-0.0432,-0.0004,-0.0026,-0.0184,-0.0076,-21.4123
13281,-87.8022,-0.0001,0.5000,69.9804,-1.3079,-0.0433,-0.0004,-0.0026,-0.0184,-0.0076,-21.4524
13283,-87.8023,-0.0001,0.5000,69.9267,-1.3079,-0.0433,-0.0004,-0.0026,-0.0184,-0.0076,-21.4921
13285,-87.8024,-0.0001,0.5000,69.8735,-1.3079,-0.0434,-0.0004,-0.0026,-0.0184,-0.0076,-21.5314
13287,-87.8025,-0.0001,0.5000,69.8208,-1.3079,-0.0434,-0.0004,-0.0026,-0.0184,-0.0076,-21.5703
13289,-87.8026,-0.0001,0.5000,69.7687,-1.3078,-0.0435,-0.0004,-0.0026,-0.0184,-0.0076,-21.6087
13291,-87.8027,-0.0001,0.5000,69.7171,-1.3078,-0.0435,-0.0004,-0.0026,-0.0184,-0.0075,-21.6468
13293,-87.8028,-0.0001,0.5000,69.6659,-1.3078,-0.0435,-0.0004,-0.0026,-0.0184,-0.0075,-21.6844
13295,-87.8029,-0.0000,0.5000,69.6153,-1.3078,-0.0436,-0.0004,-0.0026,-0.0184,-0.0075,-21.7216
13297,-87.8030,-0.0000,0.5000,69.5652,-1.3077,-0.0436,-0.0004,-0.0026,-0.0184,-0.0075,-21.7584
13299,-87.8031,-0.0000,0.5000,69.5156,-1.3077,-0.0437,-0.0004,-0.0026,-0.0184,-0.0075,-21.7948
13301,-87.8032,-0.0000,0.5000,69.4665,-1.3077,-0.0437,-0.0004,-0.0026,-0.0184,-0.0075,-21.8308
13303,-87.8033,-0.0000,0.5000,69.4179,-1.3077,-0.0438,-0.0004,-0.0026,-0.0184,-0.0075,-21.8664
13305,-87.8034,-0.0000,0.5000,69.3697,-1.3077,-0.0438,-0.0004,-0.0026,-0.0184,-0.0075,-21.9016
13307,-87.8035,-0.0000,0.5000,69.3220,-1.3076,-0.0438,-0.0004,-0.0026,-0.0184,-0.0075,-21.9365
13309,-87.8036,-0.0000,0.5000,69.2749,-1.3076,-0.0439,-0.0004,-0.0026,-0.0184,-0.0075,-21.9709
13311,-87.8037,-0.0000,0.5000,69.2282,-1.3076,-0.0439,-0.0004,-0.0026,-0.0184,-0.0075,-22.0050
13313,-87.8038,-0.0000,0.5000,69.1819,-1.3076,-0.0440,-0.0004,-0.0027,-0.0184,-0.0075,-22.0387
13315,-87.8039,-0.0000,0.5000,69.1361,-1.3075,-0.0440,-0.0004,-0.0027,-0.0184,-0.0075,-22.0721
13317,-87.8040,-0.0000,0.5000,69.0908,-1.3075,-0.0441,-0.0004,-0.0027,-0.0184,-0.0074,-22.1051
13319,-87.8041,-0.0000,0.5000,69.0460,-1.3075,-0.0441,-0.0004,-0.0027,-0.0184,-0.0074,-22.1377
13321,-87.8041,-0.0000,0.5000,69.0016,-1.3075,-0.0441,-0.0004,-0.0027,-0.0184,-0.0074,-22.1699
13323,-87.8042,-0.0000,0.5000,68.9576,-1.3075,-0.0442,-0.0004,-0.0027,-0.0184,-0.0074,-22.2018
13325,-87.8043,-0.0000,0.5000,68.9141,-1.3075,-0.0442,-0.0004,-0.0027,-0.0184,-0.0074,-22.2334
13327,-87.8044,-0.0000,0.5000,68.8710,-1.3074,-0.0443,-0.0004,-0.0027,-0.0184,-0.0074,-22.2646
13329,-87.8045,-0.0000,0.5000,68.8284,-1.3074,-0.0443,-0.0004,-0.0027,-0.0184,-0.0074,-22.2954
13331,-87.8046,-0.0000,0.5000,68.7862,-1.3074,-0.0443,-0.0004,-0.0027,-0.0184,-0.0074,-22.3259
13333,-87.8046,-0.0000,0.5000,68.7445,-1.3074,-0.0444,-0.0004,-0.0027,-0.0183,-0.0074,-22.3561
13335,-87.8047,-0.0000,0.5000,68.7032,-1.3074,-0.0444,-0.0004,-0.0027,-0.0183,-0.0074,-22.3860
13337,-87.8048,-0.0000,0.5000,68.6623,-1.3073,-0.0444,-0.0004,-0.0027,-0.0183,-0.0074,-22.4155
13339,-87.8049,-0.0000,0.5000,68.6218,-1.3073,-0.0445,-0.0004,-0.0027,-0.0183,-0.0074,-22.4447
13341,-87.8050,-0.0000,0.5000,68.5817,-1.3073,-0.0445,-0.0004,-0.0027,-0.0183,-0.0074,-22.4735
13343,-87.8050,-0.0000,0.5000,68.5421,-1.3073,-0.0446,-0.0004,-0.0027,-0.0183,-0.0073,-22.5020
13345,-87.8051,-0.0000,0.5000,68.5028,-1.3073,-0.0446,-0.0004,-0.0027,-0.0183,-0.0073,-22.5303
13347,-87.8052,-0.0000,0.5000,68.4640,-1.3073,-0.0446,-0.0004,-0.0027,-0.0183,-0.0073,-22.5582
13349,-87.8053,-0.0000,0.5000,68.4256,-1.3072,-0.0447,-0.0004,-0.0027,-0.0183,-0.0073,-22.5857
13351,-87.8053,-0.0000,0.5000,68.3876,-1.3072,-0.0447,-0.0004,-0.0027,-0.0183,-0.0073,-22.6130
13353,-87.8054,-0.0000,0.5000,68.3499,-1.3072,-0.0447,-0.0004,-0.0027,-0.0183,-0.0073,-22.6400
13355,-87.8055,-0.0000,0.5000,68.3127,-1.3072,-0.0448,-0.0004,-0.0027,-0.0182,-0.0073,-22.6666
13357,-87.8056,-0.0000,0.5000,68.2759,-1.3072,-0.0448,-0.0004,-0.0027,-0.0182,-0.0073,-22.6930
13359,-87.8056,-0.0000,0.5000,68.2394,-1.3072,-0.0448,-0.0004,-0.0027,-0.0182,-0.0073,-22.7191
13361,-87.8057,-0.0000,0.5000,68.2034,-1.3071,-0.0449,-0.0004,-0.0028,-0.0182,-0.0073,-22.7448
13363,-87.8058,-0.0000,0.5000,68.1677,-1.3071,-0.0449,-0.0004,-0.0028,-0.0182,-0.0073,-22.7703
13365,-87.8058,-0.0000,0.5000,68.1324,-1.3071,-0.0450,-0.0004,-0.0028,-0.0182,-0.0073,-22.7955
13367,-87.8059,-0.0000,0.5000,68.0974,-1.3071,-0.0450,-0.0004,-0.0028,-0.0182,-0.0073,-22.8204
13369,-87.8060,-0.0000,0.5000,68.0629,-1.3071,-0.0450,-0.0004,-0.0028,-0.0182,-0.0072,-22.8450
13371,-87.8060,-0.0000,0.5000,68.0287,-1.3071,-0.0451,-0.0004,-0.0028,-0.0182,-0.0072,-22.8693
13373,-87.8061,-0.0000,0.5000,67.9949,-1.3070,-0.0451,-0.0004,-0.0028,-0.0181,-0.0072,-22.8934
13375,-87.8062,-0.0000,0.5000,67.9614,-1.3070,-0.0451,-0.0004,-0.0028,-0.0181,-0.0072,-22.9172
13377,-87.8062,-0.0000,0.5000,67.9283,-1.3070,-0.0451,-0.0004,-0.0028,-0.0181,-0.0072,-22.9407
13379,-87.8063,-0.0000,0.5000,67.8956,-1.3070,-0.0452,-0.0004,-0.0028,-0.0181,-0.0072,-22.9639
13381,-87.8064,-0.0000,0.5000,67.8632,-1.3070,-0.0452,-0.0004,-0.0028,-0.0181,-0.0072,-22.9869
13383,-87.8064,-0.0000,0.5000,67.8312,-1.3070,-0.0452,-0.0004,-0.0028,-0.0181,-0.0072,-23.0096
13385,-87.8065,-0.0000,0.5000,67.7995,-1.3070,-0.0453,-0.0004,-0.0028,-0.0181,-0.0072,-23.0320
13387,-87.8066,-0.0000,0.5000,67.7681,-1.3070,-0.0453,-0.0004,-0.0028,-0.0181,-0.0072,-23.0542
13389,-87.8066,-0.0000,0.5000,67.7372,-1.3069,-0.0453,-0.0004,-0.0028,-0.0180,-0.0072,-23.0761
13391,-87.8067,-0.0000,0.5000,67.7065,-1.3069,-0.0454,-0.0004,-0.0028,-0.0180,-0.0072,-23.0977
13393,-87.8067,-0.0000,0.5000,67.6762,-1.3069,-0.0454,-0.0004,-0.0028,-0.0180,-0.0072,-23.1191
13395,-87.8068,-0.0000,0.5000,67.6462,-1.3069,-0.0454,-0.0004,-0.0028,-0.0180,-0.0072,-23.1403
13397,-87.8069,-0.0000,0.5000,67.6165,-1.3069,-0.0455,-0.0004,-0.0028,-0.0180,-0.0071,-23.1612
13399,-87.8069,-0.0000,0.5000,67.5872,-1.3069,-0.0455,-0.0004,-0.0028,-0.0180,-0.0071,-23.1818
13401,-87.8070,-0.0000,0.5000,67.5582,-1.3069,-0.0455,-0.0004,-0.0028,-0.0180,-0.0071,-23.2022
13403,-87.8070,-0.0000,0.5000,67.5296,-1.3069,-0.0456,-0.0004,-0.0028,-0.0179,-0.0071,-23.2224
13405,-87.8071,-0.0000,0.5000,67.5012,-1.3068,-0.0456,-0.0004,-0.0028,-0.0179,-0.0071,-23.2423
13407,-87.8071,-0.0000,0.5000,67.4732,-1.3068,-0.0456,-0.0004,-0.0028,-0.0179,-0.0071,-23.2620
13409,-87.8072,-0.0000,0.5000,67.4455,-1.3068,-0.0456,-0.0004,-0.0028,-0.0179,-0.0071,-23.2815
13411,-87.8072,-0.0000,0.5000,67.4181,-1.3068,-0.0457,-0.0004,-0.0028,-0.0179,-0.0071,-23.3007
13413,-87.8073,-0.0000,0.5000,67.3910,-1.3068,-0.0457,-0.0004,-0.0028,-0.0179,-0.0071,-23.3197
13415,-87.8073,-0.0000,0.5000,67.3642,-1.3068,-0.0457,-0.0004,-0.0028,-0.0178,-0.0071,-23.3384
13417,-87.8074,-0.0000,0.5000,67.3377,-1.3068,-0.0458,-0.0004,-0.0028,-0.0178,-0.0071,-23.3569
13419,-87.8074,-0.0000,0.5000,67.3116,-1.3068,-0.0458,-0.0004,-0.0028,-0.0178,-0.0071,-23.3752
13421,-87.8075,-0.0000,0.5000,67.2857,-1.3067,-0.0458,-0.0004,-0.0028,-0.0178,-0.0071,-23.3933
13423,-87.8076,-0.0000,0.5000,67.2601,-1.3067,-0.0458,-0.0004,-0.0029,-0.0178,-0.0071,-23.4112
13425,-87.8076,-0.0000,0.5000,67.2349,-1.3067,-0.0459,-0.0004,-0.0029,-0.0178,-0.0070,-23.4288
13427,-87.8076,-0.0000,0.5000,67.2099,-1.3067,-0.0459,-0.0004,-0.0029,-0.0177,-0.0070,-23.4462
13429,-87.8077,-0.0000,0.5000,67.1852,-1.3067,-0.0459,-0.0004,-0.0029,-0.0177,-0.0070,-23.4634
13431,-87.8077,-0.0000,0.5000,67.1608,-1.3067,-0.0459,-0.0004,-0.0029,-0.0177,-0.0070,-23.4804
13433,-87.8078,-0.0000,0.5000,67.1367,-1.3067,-0.0460,-0.0004,-0.0029,-0.0177,-0.0070,-23.4972
13435,-87.8078,-0.0000,0.5000,67.1129,-1.3067,-0.0460,-0.0004,-0.0029,-0.0177,-0.0070,-23.5138
13437,-87.8079,-0.0000,0.5000,67.0893,-1.3067,-0.0460,-0.0004,-0.0029,-0.0177,-0.0070,-23.5301
13439,-87.8079,-0.0000,0.5000,67.0661,-1.3067,-0.0460,-0.0004,-0.0029,-0.0176,-0.0070,-23.5463
13441,-87.8080,-0.0000,0.5000,67.0431,-1.3066,-0.0461,-0.0004,-0.0029,-0.0176,-0.0070,-23.5622
13443,-87.8080,-0.0000,0.5000,67.0204,-1.3066,-0.0461,-0.0004,-0.0029,-0.0176,-0.0070,-23.5780
13445,-87.8081,-0.0000,0.5000,66.9979,-1.3066,-0.0461,-0.0004,-0.0029,-0.0176,-0.0070,-23.5935
13447,-87.8081,-0.0000,0.5000,66.9758,-1.3066,-0.0461,-0.0004,-0.0029,-0.0176,-0.0070,-23.6089
13449,-87.8082,-0.0000,0.5000,66.9539,-1.3066,-0.0462,-0.0004,-0.0029,-0.0175,-0.0070,-23.6240
13451,-87.8082,-0.0000,0.5000,66.9322,-1.3066,-0.0462,-0.0004,-0.0029,-0.0175,-0.0070,-23.6390
13453,-87.8082,-0.0000,0.5000,66.9109,-1.3066,-0.0462,-0.0004,-0.0029,-0.0175,-0.0069,-23.6538
13455,-87.8083,-0.0000,0.5000,66.8898,-1.3066,-0.0462,-0.0004,-0.0029,-0.0175,-0.0069,-23.6683
13457,-87.8083,-0.0000,0.5000,66.8689,-1.3066,-0.0463,-0.0004,-0.0029,-0.0175,-0.0069,-23.6827
13459,-87.8084,-0.0000,0.5000,66.8483,-1.3066,-0.0463,-0.0004,-0.0029,-0.0175,-0.0069,-23.6969
13461,-87.8084,-0.0000,0.5000,66.8280,-1.3066,-0.0463,-0.0004,-0.0029,-0.0174,-0.0069,-23.7109
13463,-87.8084,-0.0000,0.5000,66.8079,-1.3065,-0.0463,-0.0004,-0.0029,-0.0174,-0.0069,-23.7247
13465,-87.8085,-0.0000,0.5000,66.7881,-1.3065,-0.0464,-0.0004,-0.0029,-0.0174,-0.0069,-23.7384
13467,-87.8085,-0.0000,0.5000,66.7685,-1.3065,-0.0464,-0.0004,-0.0029,-0.0174,-0.0069,-23.7518
13469,-87.8086,-0.0000,0.5000,66.7492,-1.3065,-0.0464,-0.0004,-0.0029,-0.0174,-0.0069,-23.7651
13471,-87.8086,-0.0000,0.5000,66.7301,-1.3065,-0.0464,-0.0004,-0.0029,-0.0173,-0.0069,-23.7782
13473,-87.8086,-0.0000,0.5000,66.7113,-1.3065,-0.0465,-0.0004,-0.0029,-0.0173,-0.0069,-23.7911
13475,-87.8087,-0.0000,0.5000,66.6927,-1.3065,-0.0465,-0.0004,-0.0029,-0.0173,-0.0069,-23.8039
13477,-87.8087,-0.0000,0.5000,66.6744,-1.3065,-0.0465,-0.0004,-0.0029,-0.0173,-0.0069,-23.8165
13479,-87.8087,-0.0000,0.5000,66.6563,-1.3065,-0.0465,-0.0004,-0.0029,-0.0173,-0.0069,-23.8289
13481,-87.8088,-0.0000,0.5000,66.6384,-1.3065,-0.0465,-0.0004,-0.0029,-0.0172,-0.0068,-23.8411
13483,-87.8088,-0.0000,0.5000,66.6207,-1.3065,-0.0466,-0.0004,-0.0029,-0.0172,-0.0068,-23.8532
13485,-87.8088,-0.0000,0.5000,66.6033,-1.3065,-0.0466,-0.0004,-0.0029,-0.0172,-0.0068,-23.8650
13487,-87.8089,-0.0000,0.5000,66.5862,-1.3065,-0.0466,-0.0004,-0.0029,-0.0172,-0.0068,-23.8768
13489,-87.8089,-0.0000,0.5000,66.5692,-1.3065,-0.0466,-0.0004,-0.0029,-0.0172,-0.0068,-23.8883
13491,-87.8090,-0.0000,0.5000,66.5525,-1.3064,-0.0467,-0.0004,-0.0029,-0.0171,-0.0068,-23.8997
13493,-87.8090,-0.0000,0.5000,66.5360,-1.3064,-0.0467,-0.0004,-0.0029,-0.0171,-0.0068,-23.9110
13495,-87.8090,-0.0000,0.5000,66.5197,-1.3064,-0.0467,-0.0004,-0.0029,-0.0171,-0.0068,-23.9221
13497,-87.8090,-0.0000,0.5000,66.5037,-1.3064,-0.0467,-0.0004,-0.0029,-0.0171,-0.0068,-23.9330
13499,-87.8091,-0.0000,0.5000,66.4878,-1.3064,-0.0467,-0.0004,-0.0029,-0.0170,-0.0068,-23.9437
13501,-87.8091,-0.0000,0.5000,66.4722,-1.3064,-0.0468,-0.0004,-0.0029,-0.0170,-0.0068,-23.9543
13503,-87.8091,-0.0000,0.5000,66.4568,-1.3064,-0.0468,-0.0004,-0.0029,-0.0170,-0.0068,-23.9648
13505,-87.8092,-0.0000,0.5000,66.4417,-1.3064,-0.0468,-0.0004,-0.0029,-0.0170,-0.0068,-23.9751
13507,-87.8092,-0.0000,0.5000,66.4267,-1.3064,-0.0468,-0.0004,-0.0029,-0.0170,-0.0068,-23.9852
13509,-87.8092,-0.0000,0.5000,66.4119,-1.3064,-0.0468,-0.0004,-0.0029,-0.0169,-0.0068,-23.9952
13511,-87.8093,-0.0000,0.5000,66.3974,-1.3064,-0.0469,-0.0004,-0.0029,-0.0169,-0.0067,-24.0050
13513,-87.8093,-0.0000,0.5000,66.3830,-1.3064,-0.0469,-0.0004,-0.0029,-0.0169,-0.0067,-24.0147
13515,-87.8093,-0.0000,0.5000,66.3689,-1.3064,-0.0469,-0.0004,-0.0030,-0.0169,-0.0067,-24.0243
13517,-87.8094,-0.0000,0.5000,66.3550,-1.3064,-0.0469,-0.0004,-0.0030,-0.0169,-0.0067,-24.0337
13519,-87.8094,-0.0000,0.5000,66.3413,-1.3064,-0.0469,-0.0004,-0.0030,-0.0168,-0.0067,-24.0429
13521,-87.8094,-0.0000,0.5000,66.3277,-1.3064,-0.0470,-0.0004,-0.0030,-0.0168,-0.0067,-24.0520
13523,-87.8094,-0.0000,0.5000,66.3144,-1.3063,-0.0470,-0.0004,-0.0030,-0.0168,-0.0067,-24.0610
13525,-87.8095,-0.0000,0.5000,66.3013,-1.3063,-0.0470,-0.0004,-0.0030,-0.0168,-0.0067,-24.0698
13527,-87.8095,-0.0000,0.5000,66.2884,-1.3063,-0.0470,-0.0004,-0.0030,-0.0167,-0.0067,-24.0785
13529,-87.8095,-0.0000,0.5000,66.2756,-1.3063,-0.0470,-0.0004,-0.0030,-0.0167,-0.0067,-24.0871
13531,-87.8095,-0.0000,0.5000,66.2631,-1.3063,-0.0471,-0.0004,-0.0030,-0.0167,-0.0067,-24.0955
13533,-87.8096,-0.0000,0.5000,66.2507,-1.3063,-0.0471,-0.0004,-0.0030,-0.0167,-0.0067,-24.1038
13535,-87.8096,-0.0000,0.5000,66.2386,-1.3063,-0.0471,-0.0004,-0.0030,-0.0167,-0.0067,-24.1119
13537,-87.8096,-0.0000,0.5000,66.2266,-1.3063,-0.0471,-0.0004,-0.0030,-0.0166,-0.0067,-24.1199
13539,-87.8096,-0.0000,0.5000,66.2148,-1.3063,-0.0471,-0.0004,-0.0030,-0.0166,-0.0067,-24.1278
13541,-87.8097,-0.0000,0.5000,66.2032,-1.3063,-0.0472,-0.0004,-0.0030,-0.0166,-0.0066,-24.1355
13543,-87.8097,-0.0000,0.5000,66.1918,-1.3063,-0.0472,-0.0004,-0.0030,-0.0166,-0.0066,-24.1431
13545,-87.8097,-0.0000,0.5000,66.1806,-1.3063,-0.0472,-0.0004,-0.0030,-0.0165,-0.0066,-24.1506
13547,-87.8097,-0.0000,0.5000,66.1695,-1.3063,-0.0472,-0.0004,-0.0030,-0.0165,-0.0066,-24.1580
13549,-87.8098,-0.0000,0.5000,66.1587,-1.3063,-0.0472,-0.0004,-0.0030,-0.0165,-0.0066,-24.1652
13551,-87.8098,-0.0000,0.5000,66.1480,-1.3063,-0.0472,-0.0004,-0.0030,-0.0165,-0.0066,-24.1723
13553,-87.8098,-0.0000,0.5000,66.1375,-1.3063,-0.0473,-0.0004,-0.0030,-0.0164,-0.0066,-24.1793
13555,-87.8098,-0.0000,0.5000,66.1271,-1.3063,-0.0473,-0.0004,-0.0030,-0.0164,-0.0066,-24.1861
13557,-87.8098,-0.0000,0.5000,66.1170,-1.3063,-0.0473,-0.0004,-0.0030,-0.0164,-0.0066,-24.1928
13559,-87.8099,-0.0000,0.5000,66.1070,-1.3063,-0.0473,-0.0004,-0.0030,-0.0164,-0.0066,-24.1995
13561,-87.8099,-0.0000,0.5000,66.0972,-1.3063,-0.0473,-0.0004,-0.0030,-0.0164,-0.0066,-24.2059
13563,-87.8099,-0.0000,0.5000,66.0875,-1.3063,-0.0473,-0.0004,-0.0030,-0.0163,-0.0066,-24.2123
13565,-87.8099,-0.0000,0.5000,66.0780,-1.3063,-0.0474,-0.0004,-0.0030,-0.0163,-0.0066,-24.2185
13567,-87.8099,-0.0000,0.5000,66.0687,-1.3063,-0.0474,-0.0004,-0.0030,-0.0163,-0.0066,-24.2247
13569,-87.8100,-0.0000,0.5000,66.0596,-1.3063,-0.0474,-0.0004,-0.0030,-0.0163,-0.0066,-24.2307
13571,-87.8100,-0.0000,0.5000,66.0506,-1.3062,-0.0474,-0.0004,-0.0030,-0.0162,-0.0066,-24.2366
13573,-87.8100,-0.0000,0.5000,66.0418,-1.3062,-0.0474,-0.0004,-0.0030,-0.0162,-0.0065,-24.2424
13575,-87.8100,-0.0000,0.5000,66.0331,-1.3062,-0.0474,-0.0004,-0.0030,-0.0162,-0.0065,-24.2480
13577,-87.8100,-0.0000,0.5000,66.0246,-1.3062,-0.0475,-0.0004,-0.0030,-0.0162,-0.0065,-24.2536
13579,-87.8101,-0.0000,0.5000,66.0163,-1.3062,-0.0475,-0.0004,-0.0030,-0.0161,-0.0065,-24.2590
13581,-87.8101,-0.0000,0.5000,66.0081,-1.3062,-0.0475,-0.0004,-0.0030,-0.0161,-0.0065,-24.2643
13583,-87.8101,-0.0000,0.5000,66.0001,-1.3062,-0.0475,-0.0004,-0.0030,-0.0161,-0.0065,-24.2696
13585,-87.8101,-0.0000,0.5000,65.9922,-1.3062,-0.0475,-0.0004,-0.0030,-0.0161,-0.0065,-24.2747
13587,-87.8101,-0.0000,0.5000,65.9845,-1.3062,-0.0475,-0.0004,-0.0030,-0.0161,-0.0065,-24.2797
13589,-87.8101,-0.0000,0.5000,65.9770,-1.3062,-0.0476,-0.0004,-0.0030,-0.0160,-0.0065,-24.2846
13591,-87.8102,-0.0000,0.5000,65.9696,-1.3062,-0.0476,-0.0004,-0.0030,-0.0160,-0.0065,-24.2894
13593,-87.8102,-0.0000,0.5000,65.9623,-1.3062,-0.0476,-0.0004,-0.0030,-0.0160,-0.0065,-24.2940
13595,-87.8102,-0.0000,0.5000,65.9552,-1.3062,-0.0476,-0.0004,-0.0030,-0.0160,-0.0065,-24.2986
13597,-87.8102,-0.0000,0.5000,65.9483,-1.3062,-0.0476,-0.0004,-0.0030,-0.0159,-0.0065,-24.3031
13599,-87.8102,-0.0000,0.5000,65.9415,-1.3062,-0.0476,-0.0004,-0.0030,-0.0159,-0.0065,-24.3075
13601,-87.8102,-0.0000,0.5000,65.9348,-1.3062,-0.0476,-0.0004,-0.0030,-0.0159,-0.0065,-24.3117
13603,-87.8103,-0.0000,0.5000,65.9283,-1.3062,-0.0477,-0.0004,-0.0030,-0.0159,-0.0065,-24.3159
13605,-87.8103,-0.0000,0.5000,65.9219,-1.3062,-0.0477,-0.0004,-0.0030,-0.0158,-0.0064,-24.3199
13607,-87.8103,-0.0000,0.5000,65.9157,-1.3062,-0.0477,-0.0004,-0.0030,-0.0158,-0.0064,-24.3239
13609,-87.8103,-0.0000,0.5000,65.9096,-1.3062,-0.0477,-0.0004,-0.0030,-0.0158,-0.0064,-24.3278
13611,-87.8103,-0.0000,0.5000,65.9037,-1.3062,-0.0477,-0.0004,-0.0030,-0.0158,-0.0064,-24.3315
13613,-87.8103,-0.0000,0.5000,65.8979,-1.3062,-0.0477,-0.0004,-0.0030,-0.0157,-0.0064,-24.3352
13615,-87.8103,-0.0000,0.5000,65.8922,-1.3062,-0.0477,-0.0004,-0.0030,-0.0157,-0.0064,-24.3388
13617,-87.8104,-0.0000,0.5000,65.8867,-1.3062,-0.0478,-0.0004,-0.0030,-0.0157,-0.0064,-24.3423
13619,-87.8104,-0.0000,0.5000,65.8813,-1.3062,-0.0478,-0.0004,-0.0030,-0.0157,-0.0064,-24.3457
13621,-87.8104,-0.0000,0.5000,65.8760,-1.3062,-0.0478,-0.0004,-0.0030,-0.0157,-0.0064,-24.3489
13623,-87.8104,-0.0000,0.5000,65.8709,-1.3062,-0.0478,-0.0004,-0.0030,-0.0156,-0.0064,-24.3521
13625,-87.8104,-0.0000,0.5000,65.8659,-1.3062,-0.0478,-0.0004,-0.0030,-0.0156,-0.0064,-24.3552
13627,-87.8104,-0.0000,0.5000,65.8611,-1.3062,-0.0478,-0.0004,-0.0030,-0.0156,-0.0064,-24.3583
13629,-87.8104,-0.0000,0.5000,65.8563,-1.3062,-0.0478,-0.0004,-0.0030,-0.0156,-0.0064,-24.3612
13631,-87.8104,-0.0000,0.5000,65.8517,-1.3062,-0.0479,-0.0004,-0.0030,-0.0155,-0.0064,-24.3640
13633,-87.8105,-0.0000,0.5000,65.8473,-1.3062,-0.0479,-0.0004,-0.0030,-0.0155,-0.0064,-24.3667
13635,-87.8105,-0.0000,0.5000,65.8429,-1.3062,-0.0479,-0.0004,-0.0030,-0.0155,-0.0064,-24.3694
13637,-87.8105,-0.0000,0.5000,65.8387,-1.3062,-0.0479,-0.0004,-0.0030,-0.0155,-0.0063,-24.3720
13639,-87.8105,-0.0000,0.5000,65.8346,-1.3062,-0.0479,-0.0004,-0.0030,-0.0154,-0.0063,-24.3744
13641,-87.8105,-0.0000,0.5000,65.8306,-1.3062,-0.0479,-0.0004,-0.0030,-0.0154,-0.0063,-24.3768
13643,-87.8105,-0.0000,0.5000,65.8268,-1.3062,-0.0479,-0.0004,-0.0030,-0.0154,-0.0063,-24.3791
13645,-87.8105,-0.0000,0.5000,65.8231,-1.3062,-0.0480,-0.0004,-0.0030,-0.0154,-0.0063,-24.3813
13647,-87.8105,-0.0000,0.5000,65.8195,-1.3062,-0.0480,-0.0004,-0.0030,-0.0153,-0.0063,-24.3835
13649,-87.8105,-0.0000,0.5000,65.8160,-1.3062,-0.0480,-0.0004,-0.0030,-0.0153,-0.0063,-24.3855
13651,-87.8105,-0.0000,0.5000,65.8126,-1.3062,-0.0480,-0.0004,-0.0030,-0.0153,-0.0063,-24.3875
13653,-87.8106,-0.0000,0.5000,65.8094,-1.3062,-0.0480,-0.0004,-0.0030,-0.0153,-0.0063,-24.3894
13655,-87.8106,-0.0000,0.5000,65.8063,-1.3062,-0.0480,-0.0004,-0.0030,-0.0152,-0.0063,-24.3912
13657,-87.8106,-0.0000,0.5000,65.8033,-1.3062,-0.0480,-0.0004,-0.0030,-0.0152,-0.0063,-24.3929
13659,-87.8106,-0.0000,0.5000,65.8004,-1.3062,-0.0480,-0.0004,-0.0030,-0.0152,-0.0063,-24.3945
13661,-87.8106,-0.0000,0.5000,65.7976,-1.3062,-0.0481,-0.0004,-0.0030,-0.0152,-0.0063,-24.3961
13663,-87.8106,-0.0000,0.5000,65.7949,-1.3062,-0.0481,-0.0004,-0.0030,-0.0151,-0.0063,-24.3976
13665,-87.8106,-0.0000,0.5000,65.7924,-1.3062,-0.0481,-0.0004,-0.0030,-0.0151,-0.0063,-24.3990
13667,-87.8106,-0.0000,0.5000,65.7900,-1.3062,-0.0481,-0.0004,-0.0030,-0.0151,-0.0063,-24.4003
13669,-87.8106,-0.0000,0.5000,65.7876,-1.3062,-0.0481,-0.0004,-0.0030,-0.0151,-0.0062,-24.4016
13671,-87.8106,-0.0000,0.5000,65.7854,-1.3062,-0.0481,-0.0004,-0.0030,-0.0150,-0.0062,-24.4027
13673,-87.8106,-0.0000,0.5000,65.7833,-1.3062,-0.0481,-0.0004,-0.0030,-0.0150,-0.0062,-24.4038
13675,-87.8106,-0.0000,0.5000,65.7813,-1.3062,-0.0481,-0.0004,-0.0030,-0.0150,-0.0062,-24.4048
13677,-87.8106,-0.0000,0.5000,65.7794,-1.3062,-0.0482,-0.0004,-0.0030,-0.0150,-0.0062,-24.4058
13679,-87.8107,-0.0000,0.5000,65.7777,-1.3062,-0.0482,-0.0004,-0.0030,-0.0150,-0.0062,-24.4067
13681,-87.8107,-0.0000,0.5000,65.7760,-1.3062,-0.0482,-0.0004,-0.0030,-0.0149,-0.0062,-24.4075
13683,-87.8107,-0.0000,0.5000,65.7744,-1.3062,-0.0482,-0.0004,-0.0030,-0.0149,-0.0062,-24.4082
13685,-87.8107,-0.0000,0.5000,65.7730,-1.3062,-0.0482,-0.0004,-0.0030,-0.0149,-0.0062,-24.4088
13687,-87.8107,-0.0000,0.5000,65.7716,-1.3062,-0.0482,-0.0004,-0.0030,-0.0149,-0.0062,-24.4094
13689,-87.8107,-0.0000,0.5000,65.7703,-1.3062,-0.0482,-0.0004,-0.0030,-0.0148,-0.0062,-24.4099
13691,-87.8107,-0.0000,0.5000,65.7692,-1.3062,-0.0482,-0.0004,-0.0030,-0.0148,-0.0062,-24.4104
13693,-87.8107,-0.0000,0.5000,65.7681,-1.3062,-0.0482,-0.0004,-0.0030,-0.0148,-0.0062,-24.4107
13695,-87.8107,-0.0000,0.5000,65.7672,-1.3062,-0.0483,-0.0004,-0.0030,-0.0148,-0.0062,-24.4110
13697,-87.8107,-0.0000,0.5000,65.7663,-1.3062,-0.0483,-0.0004,-0.0030,-0.0147,-0.0062,-24.4112
13699,-87.8107,-0.0000,0.5000,65.7656,-1.3062,-0.0483,-0.0004,-0.0030,-0.0147,-0.0062,-24.4114
13701,-87.8107,-0.0000,0.5000,65.7649,-1.3062,-0.0483,-0.0004,-0.0030,-0.0147,-0.0062,-24.4115
13703,-87.8107,-0.0000,0.5000,65.7643,-1.3062,-0.0483,-0.0004,-0.0030,-0.0147,-0.0061,-24.4115
13705,-87.8107,-0.0000,0.5000,65.7639,-1.3062,-0.0483,-0.0004,-0.0030,-0.0146,-0.0061,-24.4115
13707,-87.8107,-0.0000,0.5000,65.7635,-1.3062,-0.0483,-0.0004,-0.0030,-0.0146,-0.0061,-24.4114
13709,-87.8107,-0.0000,0.5000,65.7632,-1.3062,-0.0483,-0.0004,-0.0030,-0.0146,-0.0061,-24.4112
13711,-87.8107,-0.0000,0.5000,65.7631,-1.3062,-0.0483,-0.0004,-0.0031,-0.0146,-0.0061,-24.4110
13713,-87.8107,-0.0000,0.5000,65.7630,-1.3062,-0.0484,-0.0004,-0.0031,-0.0145,-0.0061,-24.4107
13715,-87.8107,-0.0000,0.5000,65.7630,-1.3062,-0.0484,-0.0004,-0.0031,-0.0145,-0.0061,-24.4103
13717,-87.8107,-0.0000,0.5000,65.7631,-1.3062,-0.0484,-0.0004,-0.0031,-0.0145,-0.0061,-24.4099
13719,-87.8107,-0.0000,0.5000,65.7633,-1.3062,-0.0484,-0.0004,-0.0031,-0.0145,-0.0061,-24.4094
13721,-87.8107,-0.0000,0.5000,65.7635,-1.3062,-0.0484,-0.0004,-0.0031,-0.0144,-0.0061,-24.4088
13723,-87.8107,-0.0000,0.5000,65.7639,-1.3062,-0.0484,-0.0004,-0.0031,-0.0144,-0.0061,-24.4082
13725,-87.8108,-0.0000,0.5000,65.7644,-1.3062,-0.0484,-0.0004,-0.0031,-0.0144,-0.0061,-24.4075
13727,-87.8108,-0.0000,0.5000,65.7649,-1.3062,-0.0484,-0.0004,-0.0031,-0.0144,-0.0061,-24.4068
13729,-87.8108,-0.0000,0.5000,65.7655,-1.3062,-0.0484,-0.0004,-0.0031,-0.0143,-0.0061,-24.4060
13731,-87.8108,-0.0000,0.5000,65.7663,-1.3062,-0.0485,-0.0004,-0.0031,-0.0143,-0.0061,-24.4051
13733,-87.8108,-0.0000,0.5000,65.7671,-1.3062,-0.0485,-0.0004,-0.0031,-0.0143,-0.0061,-24.4042
13735,-87.8108,-0.0000,0.5000,65.7680,-1.3062,-0.0485,-0.0004,-0.0031,-0.0143,-0.0061,-24.4032
13737,-87.8108,-0.0000,0.5000,65.7689,-1.3062,-0.0485,-0.0004,-0.0031,-0.0142,-0.0060,-24.4022
13739,-87.8108,-0.0000,0.5000,65.7700,-1.3062,-0.0485,-0.0004,-0.0031,-0.0142,-0.0060,-24.4011
13741,-87.8108,-0.0000,0.5000,65.7711,-1.3062,-0.0485,-0.0004,-0.0031,-0.0142,-0.0060,-24.3999
13743,-87.8108,-0.0000,0.5000,65.7724,-1.3062,-0.0485,-0.0004,-0.0031,-0.0142,-0.0060,-24.3987
13745,-87.8108,-0.0000,0.5000,65.7737,-1.3062,-0.0485,-0.0004,-0.0031,-0.0142,-0.0060,-24.3974
13747,-87.8108,-0.0000,0.5000,65.7751,-1.3062,-0.0485,-0.0004,-0.0031,-0.0141,-0.0060,-24.3961
13749,-87.8108,-0.0000,0.5000,65.7765,-1.3062,-0.0485,-0.0004,-0.0031,-0.0141,-0.0060,-24.3947
13751,-87.8108,-0.0000,0.5000,65.7781,-1.3062,-0.0486,-0.0004,-0.0031,-0.0141,-0.0060,-24.3933
13753,-87.8108,-0.0000,0.5000,65.7797,-1.3062,-0.0486,-0.0004,-0.0031,-0.0141,-0.0060,-24.3918
13755,-87.8108,-0.0000,0.5000,65.7814,-1.3062,-0.0486,-0.0004,-0.0031,-0.0140,-0.0060,-24.3903
13757,-87.8108,-0.0000,0.5000,65.7832,-1.3062,-0.0486,-0.0004,-0.0031,-0.0140,-0.0060,-24.3887
13759,-87.8108,0.0000,0.5000,65.7851,-1.3062,-0.0486,-0.0004,-0.0031,-0.0140,-0.0060,-24.3870
13761,-87.8108,0.0000,0.5000,65.7870,-1.3062,-0.0486,-0.0004,-0.0031,-0.0140,-0.0060,-24.3853
13763,-87.8108,0.0000,0.5000,65.7890,-1.3062,-0.0486,-0.0004,-0.0031,-0.0139,-0.0060,-24.3835
13765,-87.8108,0.0000,0.5000,65.7911,-1.3062,-0.0486,-0.0004,-0.0031,-0.0139,-0.0060,-24.3817
13767,-87.8108,0.0000,0.5000,65.7933,-1.3062,-0.0486,-0.0004,-0.0031,-0.0139,-0.0060,-24.3799
13769,-87.8108,0.0000,0.5000,65.7955,-1.3062,-0.0486,-0.0004,-0.0031,-0.0139,-0.0060,-24.3780
13771,-87.8108,0.0000,0.5000,65.7978,-1.3062,-0.0486,-0.0004,-0.0031,-0.0138,-0.0060,-24.3760
13773,-87.8108,0.0000,0.5000,65.8002,-1.3062,-0.0487,-0.0004,-0.0031,-0.0138,-0.0059,-24.3740
13775,-87.8108,0.0000,0.5000,65.8027,-1.3062,-0.0487,-0.0004,-0.0031,-0.0138,-0.0059,-24.3719
13777,-87.8108,0.0000,0.5000,65.8052,-1.3062,-0.0487,-0.0004,-0.0031,-0.0138,-0.0059,-24.3698
13779,-87.8108,0.0000,0.5000,65.8078,-1.3062,-0.0487,-0.0004,-0.0031,-0.0137,-0.0059,-24.3676
13781,-87.8108,0.0000,0.5000,65.8105,-1.3062,-0.0487,-0.0004,-0.0031,-0.0137,-0.0059,-24.3654
13783,-87.8108,0.0000,0.5000,65.8132,-1.3062,-0.0487,-0.0004,-0.0031,-0.0137,-0.0059,-24.3631
13785,-87.8108,0.0000,0.5000,65.8160,-1.3062,-0.0487,-0.0004,-0.0031,-0.0137,-0.0059,-24.3608
13787,-87.8108,0.0000,0.5000,65.8189,-1.3062,-0.0487,-0.0004,-0.0031,-0.0137,-0.0059,-24.3585
13789,-87.8108,0.0000,0.5000,65.8219,-1.3062,-0.0487,-0.0004,-0.0031,-0.0136,-0.0059,-24.3561
13791,-87.8108,0.0000,0.5000,65.8249,-1.3062,-0.0487,-0.0004,-0.0031,-0.0136,-0.0059,-24.3536
13793,-87.8107,0.0000,0.5000,65.8280,-1.3062,-0.0487,-0.0004,-0.0031,-0.0136,-0.0059,-24.3511
13795,-87.8107,0.0000,0.5000,65.8311,-1.3062,-0.0488,-0.0004,-0.0031,-0.0136,-0.0059,-24.3486
13797,-87.8107,0.0000,0.5000,65.8343,-1.3062,-0.0488,-0.0004,-0.0031,-0.0135,-0.0059,-24.3460
13799,-87.8107,0.0000,0.5000,65.8376,-1.3062,-0.0488,-0.0004,-0.0031,-0.0135,-0.0059,-24.3433
13801,-87.8107,0.0000,0.5000,65.8410,-1.3062,-0.0488,-0.0004,-0.0031,-0.0135,-0.0059,-24.3406
13803,-87.8107,0.0000,0.5000,65.8444,-1.3062,-0.0488,-0.0004,-0.0031,-0.0135,-0.0059,-24.3379
13805,-87.8107,0.0000,0.5000,65.8478,-1.3062,-0.0488,-0.0004,-0.0031,-0.0134,-0.0059,-24.3351
13807,-87.8107,0.0000,0.5000,65.8514,-1.3062,-0.0488,-0.0004,-0.0031,-0.0134,-0.0059,-24.3323
13809,-87.8107,0.0000,0.5000,65.8550,-1.3062,-0.0488,-0.0004,-0.0031,-0.0134,-0.0058,-24.3294
13811,-87.8107,0.0000,0.5000,65.8586,-1.3062,-0.0488,-0.0004,-0.0031,-0.0134,-0.0058,-24.3265
13813,-87.8107,0.0000,0.5000,65.8624,-1.3062,-0.0488,-0.0004,-0.0031,-0.0133,-0.0058,-24.3236
13815,-87.8107,0.0000,0.5000,65.8662,-1.3062,-0.0488,-0.0004,-0.0031,-0.0133,-0.0058,-24.3206
13817,-87.8107,0.0000,0.5000,65.8700,-1.3062,-0.0488,-0.0004,-0.0031,-0.0133,-0.0058,-24.3176
13819,-87.8107,0.0000,0.5000,65.8739,-1.3062,-0.0489,-0.0004,-0.0031,-0.0133,-0.0058,-24.3145
13821,-87.8107,0.0000,0.5000,65.8779,-1.3062,-0.0489,-0.0004,-0.0031,-0.0133,-0.0058,-24.3114
13823,-87.8107,0.0000,0.5000,65.8819,-1.3062,-0.0489,-0.0004,-0.0031,-0.0132,-0.0058,-24.3082
13825,-87.8107,0.0000,0.5000,65.8860,-1.3062,-0.0489,-0.0004,-0.0031,-0.0132,-0.0058,-24.3050
13827,-87.8107,0.0000,0.5000,65.8902,-1.3062,-0.0489,-0.0004,-0.0031,-0.0132,-0.0058,-24.3018
13829,-87.8107,0.0000,0.5000,65.8944,-1.3062,-0.0489,-0.0004,-0.0031,-0.0132,-0.0058,-24.2985
13831,-87.8107,0.0000,0.5000,65.8986,-1.3062,-0.0489,-0.0004,-0.0031,-0.0131,-0.0058,-24.2952
13833,-87.8107,0.0000,0.5000,65.9029,-1.3063,-0.0489,-0.0004,-0.0031,-0.0131,-0.0058,-24.2918
13835,-87.8107,0.0000,0.5000,65.9073,-1.3063,-0.0489,-0.0004,-0.0031,-0.0131,-0.0058,-24.2884
13837,-87.8107,0.0000,0.5000,65.9118,-1.3063,-0.0489,-0.0004,-0.0031,-0.0131,-0.0058,-24.2850
13839,-87.8107,0.0000,0.5000,65.9162,-1.3063,-0.0489,-0.0004,-0.0031,-0.0130,-0.0058,-24.2815
13841,-87.8107,0.0000,0.5000,65.9208,-1.3063,-0.0489,-0.0004,-0.0031,-0.0130,-0.0058,-24.2780
13843,-87.8107,0.0000,0.5000,65.9254,-1.3063,-0.0489,-0.0004,-0.0031,-0.0130,-0.0058,-24.2744
13845,-87.8107,0.0000,0.5000,65.9300,-1.3063,-0.0490,-0.0004,-0.0031,-0.0130,-0.0057,-24.2708
13847,-87.8106,0.0000,0.5000,65.9347,-1.3063,-0.0490,-0.0004,-0.0031,-0.0129,-0.0057,-24.2672
13849,-87.8106,0.0000,0.5000,65.9395,-1.3063,-0.0490,-0.0004,-0.0031,-0.0129,-0.0057,-24.2635
13851,-87.8106,0.0000,0.5000,65.9443,-1.3063,-0.0490,-0.0004,-0.0031,-0.0129,-0.0057,-24.2598
13853,-87.8106,0.0000,0.5000,65.9492,-1.3063,-0.0490,-0.0004,-0.0031,-0.0129,-0.0057,-24.2561
13855,-87.8106,0.0000,0.5000,65.9541,-1.3063,-0.0490,-0.0004,-0.0031,-0.0129,-0.0057,-24.2523
13857,-87.8106,0.0000,0.5000,65.9590,-1.3063,-0.0490,-0.0004,-0.0031,-0.0128,-0.0057,-24.2485
13859,-87.8106,0.0000,0.5000,65.9641,-1.3063,-0.0490,-0.0004,-0.0031,-0.0128,-0.0057,-24.2446
13861,-87.8106,0.0000,0.5000,65.9691,-1.3063,-0.0490,-0.0004,-0.0031,-0.0128,-0.0057,-24.2407
13863,-87.8106,0.0000,0.5000,65.9743,-1.3063,-0.0490,-0.0004,-0.0031,-0.0128,-0.0057,-24.2368
13865,-87.8106,0.0000,0.5000,65.9794,-1.3063,-0.0490,-0.0004,-0.0031,-0.0127,-0.0057,-24.2329
13867,-87.8106,0.0000,0.5000,65.9846,-1.3063,-0.0490,-0.0004,-0.0031,-0.0127,-0.0057,-24.2289
13869,-87.8106,0.0000,0.5000,65.9899,-1.3063,-0.0490,-0.0004,-0.0031,-0.0127,-0.0057,-24.2248
13871,-87.8106,0.0000,0.5000,65.9952,-1.3063,-0.0491,-0.0004,-0.0031,-0.0127,-0.0057,-24.2208
13873,-87.8106,0.0000,0.5000,66.0006,-1.3063,-0.0491,-0.0004,-0.0031,-0.0127,-0.0057,-24.2167
13875,-87.8106,0.0000,0.5000,66.0060,-1.3063,-0.0491,-0.0004,-0.0031,-0.0126,-0.0057,-24.2126
13877,-87.8106,0.0000,0.5000,66.0115,-1.3063,-0.0491,-0.0004,-0.0031,-0.0126,-0.0057,-24.2084
13879,-87.8105,0.0000,0.5000,66.0170,-1.3063,-0.0491,-0.0004,-0.0031,-0.0126,-0.0057,-24.2042
13881,-87.8105,0.0000,0.5000,66.0225,-1.3063,-0.0491,-0.0004,-0.0031,-0.0126,-0.0056,-24.2000
13883,-87.8105,0.0000,0.5000,66.0281,-1.3063,-0.0491,-0.0004,-0.0031,-0.0125,-0.0056,-24.1957
13885,-87.8105,0.0000,0.5000,66.0338,-1.3063,-0.0491,-0.0004,-0.0031,-0.0125,-0.0056,-24.1914
13887,-87.8105,0.0000,0.5000,66.0394,-1.3063,-0.0491,-0.0004,-0.0031,-0.0125,-0.0056,-24.1871
13889,-87.8105,0.0000,0.5000,66.0452,-1.3063,-0.0491,-0.0004,-0.0031,-0.0125,-0.0056,-24.1828
13891,-87.8105,0.0000,0.5000,66.0510,-1.3063,-0.0491,-0.0004,-0.0031,-0.0124,-0.0056,-24.1784
13893,-87.8105,0.0000,0.5000,66.0568,-1.3063,-0.0491,-0.0004,-0.0031,-0.0124,-0.0056,-24.1740
13895,-87.8105,0.0000,0.5000,66.0626,-1.3063,-0.0491,-0.0004,-0.0031,-0.0124,-0.0056,-24.1695
13897,-87.8105,0.0000,0.5000,66.0685,-1.3063,-0.0491,-0.0004,-0.0031,-0.0124,-0.0056,-24.1650
13899,-87.8105,0.0000,0.5000,66.0745,-1.3063,-0.0492,-0.0004,-0.0031,-0.0124,-0.0056,-24.1605
13901,-87.8105,0.0000,0.5000,66.0805,-1.3063,-0.0492,-0.0004,-0.0031,-0.0123,-0.0056,-24.1560
13903,-87.8105,0.0000,0.5000,66.0865,-1.3063,-0.0492,-0.0004,-0.0031,-0.0123,-0.0056,-24.1514
13905,-87.8105,0.0000,0.5000,66.0926,-1.3064,-0.0492,-0.0004,-0.0031,-0.0123,-0.0056,-24.1468
13907,-87.8104,0.0000,0.5000,66.0987,-1.3064,-0.0492,-0.0004,-0.0031,-0.0123,-0.0056,-24.1422
13909,-87.8104,0.0000,0.5000,66.1049,-1.3064,-0.0492,-0.0004,-0.0031,-0.0122,-0.0056,-24.1375
13911,-87.8104,0.0000,0.5000,66.1111,-1.3064,-0.0492,-0.0004,-0.0031,-0.0122,-0.0056,-24.1329
13913,-87.8104,0.0000,0.5000,66.1173,-1.3064,-0.0492,-0.0004,-0.0031,-0.0122,-0.0056,-24.1281
13915,-87.8104,0.0000,0.5000,66.1236,-1.3064,-0.0492,-0.0004,-0.0031,-0.0122,-0.0056,-24.1234
13917,-87.8104,0.0000,0.5000,66.1299,-1.3064,-0.0492,-0.0004,-0.0031,-0.0122,-0.0056,-24.1186
13919,-87.8104,0.0000,0.5000,66.1363,-1.3064,-0.0492,-0.0004,-0.0031,-0.0121,-0.0055,-24.1138
13921,-87.8104,0.0000,0.5000,66.1427,-1.3064,-0.0492,-0.0004,-0.0031,-0.0121,-0.0055,-24.1090
13923,-87.8104,0.0000,0.5000,66.1492,-1.3064,-0.0492,-0.0004,-0.0031,-0.0121,-0.0055,-24.1041
13925,-87.8104,0.0000,0.5000,66.1556,-1.3064,-0.0492,-0.0004,-0.0031,-0.0121,-0.0055,-24.0993
13927,-87.8104,0.0000,0.5000,66.1621,-1.3064,-0.0492,-0.0004,-0.0031,-0.0120,-0.0055,-24.0944
13929,-87.8104,0.0000,0.5000,66.1687,-1.3064,-0.0493,-0.0004,-0.0031,-0.0120,-0.0055,-24.0894
13931,-87.8104,0.0000,0.5000,66.1753,-1.3064,-0.0493,-0.0004,-0.0031,-0.0120,-0.0055,-24.0845
13933,-87.8103,0.0000,0.5000,66.1819,-1.3064,-0.0493,-0.0004,-0.0031,-0.0120,-0.0055,-24.0795
13935,-87.8103,0.0000,0.5000,66.1886,-1.3064,-0.0493,-0.0004,-0.0031,-0.0120,-0.0055,-24.0745
13937,-87.8103,0.0000,0.5000,66.1953,-1.3064,-0.0493,-0.0004,-0.0031,-0.0119,-0.0055,-24.0694
13939,-87.8103,0.0000,0.5000,66.2020,-1.3064,-0.0493,-0.0004,-0.0031,-0.0119,-0.0055,-24.0643
13941,-87.8103,0.0000,0.5000,66.2088,-1.3064,-0.0493,-0.0004,-0.0031,-0.0119,-0.0055,-24.0593
13943,-87.8103,0.0000,0.5000,66.2156,-1.3064,-0.0493,-0.0004,-0.0031,-0.0119,-0.0055,-24.0541
13945,-87.8103,0.0000,0.5000,66.2225,-1.3064,-0.0493,-0.0004,-0.0031,-0.0118,-0.0055,-24.0490
13947,-87.8103,0.0000,0.5000,66.2293,-1.3064,-0.0493,-0.0004,-0.0031,-0.0118,-0.0055,-24.0438
13949,-87.8103,0.0000,0.5000,66.2363,-1.3064,-0.0493,-0.0004,-0.0031,-0.0118,-0.0055,-24.0386
13951,-87.8103,0.0000,0.5000,66.2432,-1.3064,-0.0493,-0.0004,-0.0031,-0.0118,-0.0055,-24.0334
13953,-87.8103,0.0000,0.5000,66.2502,-1.3064,-0.0493,-0.0004,-0.0031,-0.0118,-0.0055,-24.0282
13955,-87.8102,0.0000,0.5000,66.2572,-1.3064,-0.0493,-0.0004,-0.0031,-0.0117,-0.0055,-24.0229
13957,-87.8102,0.0000,0.5000,66.2643,-1.3064,-0.0493,-0.0004,-0.0031,-0.0117,-0.0055,-24.0176
13959,-87.8102,0.0000,0.5000,66.2713,-1.3064,-0.0493,-0.0004,-0.0031,-0.0117,-0.0054,-24.0123
13961,-87.8102,0.0000,0.5000,66.2784,-1.3064,-0.0494,-0.0004,-0.0031,-0.0117,-0.0054,-24.0070
13963,-87.8102,0.0000,0.5000,66.2856,-1.3064,-0.0494,-0.0004,-0.0031,-0.0117,-0.0054,-24.0016
13965,-87.8102,0.0000,0.5000,66.2928,-1.3065,-0.0494,-0.0004,-0.0031,-0.0116,-0.0054,-23.9962
13967,-87.8102,0.0000,0.5000,66.3000,-1.3065,-0.0494,-0.0004,-0.0031,-0.0116,-0.0054,-23.9908
13969,-87.8102,0.0000,0.5000,66.3072,-1.3065,-0.0494,-0.0004,-0.0031,-0.0116,-0.0054,-23.9854
13971,-87.8102,0.0000,0.5000,66.3145,-1.3065,-0.0494,-0.0004,-0.0031,-0.0116,-0.0054,-23.9800
13973,-87.8102,0.0000,0.5000,66.3218,-1.3065,-0.0494,-0.0004,-0.0031,-0.0115,-0.0054,-23.9745
13975,-87.8101,0.0000,0.5000,66.3291,-1.3065,-0.0494,-0.0004,-0.0031,-0.0115,-0.0054,-23.9690
13977,-87.8101,0.0000,0.5000,66.3365,-1.3065,-0.0494,-0.0004,-0.0031,-0.0115,-0.0054,-23.9635
13979,-87.8101,0.0000,0.5000,66.3439,-1.3065,-0.0494,-0.0004,-0.0031,-0.0115,-0.0054,-23.9579
13981,-87.8101,0.0000,0.5000,66.3513,-1.3065,-0.0494,-0.0004,-0.0031,-0.0115,-0.0054,-23.9524
13983,-87.8101,0.0000,0.5000,66.3588,-1.3065,-0.0494,-0.0004,-0.0031,-0.0114,-0.0054,-23.9468
13985,-87.8101,0.0000,0.5000,66.3663,-1.3065,-0.0494,-0.0004,-0.0030,-0.0114,-0.0054,-23.9412
13987,-87.8101,0.0000,0.5000,66.3738,-1.3065,-0.0494,-0.0004,-0.0030,-0.0114,-0.0054,-23.9356
13989,-87.8101,0.0000,0.5000,66.3813,-1.3065,-0.0494,-0.0004,-0.0030,-0.0114,-0.0054,-23.9299
13991,-87.8101,0.0000,0.5000,66.3889,-1.3065,-0.0494,-0.0004,-0.0030,-0.0114,-0.0054,-23.9243
13993,-87.8101,0.0000,0.5000,66.3965,-1.3065,-0.0494,-0.0004,-0.0030,-0.0113,-0.0054,-23.9186
13995,-87.8100,0.0000,0.5000,66.4041,-1.3065,-0.0494,-0.0004,-0.0030,-0.0113,-0.0054,-23.9129
13997,-87.8100,0.0000,0.5000,66.4118,-1.3065,-0.0495,-0.0004,-0.0030,-0.0113,-0.0053,-23.9071
13999,-87.8100,0.0000,0.5000,66.4195,-1.3065,-0.0495,-0.0004,-0.0030,-0.0113,-0.0053,-23.9014
14001,-87.8100,0.0000,0.5000,66.4272,-1.3065,-0.0495,-0.0004,-0.0030,-0.0113,-0.0053,-23.8956
14003,-87.8100,0.0000,0.5000,66.4349,-1.3065,-0.0495,-0.0004,-0.0030,-0.0112,-0.0053,-23.8899
14005,-87.8100,0.0000,0.5000,66.4427,-1.3065,-0.0495,-0.0004,-0.0030,-0.0112,-0.0053,-23.8855
14007,-87.8100,0.0000,0.5000,66.4505,-1.3065,-0.0495,-0.0004,-0.0030,-0.0112,-0.0053,-23.8797
14009,-87.8100,0.0000,0.5000,66.4583,-1.3065,-0.0495,-0.0004,-0.0030,-0.0112,-0.0053,-23.8738
14011,-48.3617,78.8960,0.5000,66.4654,-791.9551,-7.5639,-0.1758,4.4035,6.6369,0.0166,393.3193
14013,20.8518,11.2652,0.5000,66.6847,-3807.5918,-82.3488,-6994.4125,712.2329,13.0024,0.8522,0.7414
14015,33.0416,3.1310,0.5000,80.9754,-791.5421,-60.8700,-3753.5237,1843.1546,33.1698,3.5186,0.2296
14017,33.6169,-0.6915,0.5000,151.1320,-244.1656,-59.3426,-1295.0560,1896.3104,57.2198,6.9388,0.2183
14019,32.7156,-0.1285,0.5000,265.4511,-92.7321,-60.0253,-1826.9088,1583.5044,73.9961,10.2535,0.2381
14021,33.2919,0.4699,0.5000,380.0476,-35.6441,-58.6787,-2190.9217,1297.8582,84.6962,13.7777,0.2239
14023,34.5177,0.6700,0.5000,481.0712,-14.8958,-56.6898,-2269.6678,1107.2714,90.0189,17.2253,0.1996
14025,36.0176,0.7585,0.5000,555.2941,-5.6595,-54.2951,-2312.4522,955.5360,92.6485,21.2652,0.1716
14027,37.3797,0.6269,0.5000,606.9648,-2.0468,-52.0434,-2148.5804,835.3605,93.1928,25.7717,0.1492
14029,38.4531,0.4852,0.5000,645.8469,-0.8852,-50.5327,-2008.6497,754.2567,92.7679,29.6384,0.1362
14031,39.2747,0.3696,0.5000,676.0254,-0.3059,-48.9929,-1853.6716,667.8713,91.6946,34.6852,0.1248
14033,39.8975,0.2794,0.5000,699.7404,-0.1291,-47.9832,-1746.5356,608.3058,90.6183,38.8694,0.1183
14035,40.3655,0.2089,0.5000,718.4128,-0.0439,-46.9515,-1632.0975,544.4568,89.1855,44.1657,0.1125
14037,40.7120,0.1534,0.5000,733.0334,-0.0184,-46.2635,-1552.2987,499.8663,88.0267,48.4726,0.1092
14039,40.9619,0.1091,0.5000,744.3339,-0.0065,-45.5689,-1468.0291,452.8567,86.6773,53.6653,0.1065
14041,41.1340,0.0731,0.5000,752.8769,-0.0027,-45.0777,-1405.5642,418.1655,85.6063,57.9962,0.1049
14043,41.2425,0.0436,0.5000,759.1076,-0.0010,-44.5724,-1338.1517,380.9821,84.3969,63.1805,0.1038
14045,41.2984,0.0191,0.5000,763.3861,-0.0004,-44.2089,-1287.2049,353.1298,83.4554,67.4789,0.1033
14047,41.3105,-0.0014,0.5000,766.0083,-0.0001,-43.8291,-1231.3052,322.8955,82.4048,72.5989,0.1032
14049,41.2853,-0.0189,0.5000,767.2201,-0.0001,-43.5519,-1188.4520,300.0035,81.5928,76.8264,0.1034
14051,41.2282,-0.0340,0.5000,767.2278,-0.0000,-43.2586,-1140.8671,274.9361,80.6906,81.8443,0.1041
14053,41.1437,-0.0470,0.5000,766.2059,-0.0000,-43.0387,-1103.4477,255.5290,79.9843,86.0401,0.1049
14055,41.0350,-0.0585,0.5000,764.3026,-0.0000,-42.8145,-1063.4848,235.1448,79.2363,90.7743,0.1061
14057,40.9052,-0.0686,0.5000,761.6452,-0.0000,-42.6153,-1026.2095,216.4965,78.5471,95.4358,0.1075
14059,40.7564,-0.0777,0.5000,758.3425,-0.0000,-42.3495,-973.4424,190.7822,77.5897,102.4587,0.1102
14061,40.5907,-0.0858,0.5000,754.4879,-0.0000,-42.2325,-948.9249,179.1440,77.1534,105.8989,0.1117
14063,40.4097,-0.0932,0.5000,750.1623,-0.0000,-42.1246,-925.5290,168.2354,76.7425,109.2901,0.1134
14065,40.2147,-0.1000,0.5000,745.4357,-0.0000,-42.0251,-903.1822,158.0105,76.3555,112.6314,0.1151
14067,40.0069,-0.1062,0.5000,740.3689,-0.0000,-41.8481,-861.3693,139.4322,75.6458,119.1623,0.1191
14069,39.7874,-0.1119,0.5000,735.0148,-0.0000,-41.7692,-841.7864,130.9972,75.3201,122.3509,0.1212
14071,39.5571,-0.1171,0.5000,729.4194,-0.0000,-41.6961,-823.0170,123.0829,75.0120,125.4878,0.1235
14073,39.3166,-0.1220,0.5000,723.6228,-0.0000,-41.6282,-805.0152,115.6560,74.7201,128.5729,0.1259
14075,39.0668,-0.1266,0.5000,717.6599,-0.0000,-41.5062,-771.1479,102.1441,74.1801,134.5873,0.1310
14077,38.8083,-0.1308,0.5000,711.5613,-0.0000,-41.4514,-755.2076,96.0035,73.9300,137.5167,0.1338
14079,38.5416,-0.1348,0.5000,705.3537,-0.0000,-41.3884,-736.3162,88.9174,73.6364,141.0733,0.1373
14081,38.2673,-0.1385,0.5000,699.0604,-0.0000,-41.3304,-718.3124,82.3648,73.3593,144.5511,0.1411
14083,37.9858,-0.1420,0.5000,692.7018,-0.0000,-41.2768,-701.1425,76.3051,73.0971,147.9505,0.1451
14085,37.6977,-0.1453,0.5000,686.2959,-0.0000,-41.2270,-684.7575,70.7011,72.8483,151.2724,0.1493
14087,37.4034,-0.1483,0.5000,679.8584,-0.0000,-41.1805,-669.1119,65.5186,72.6117,154.5175,0.1537
14089,37.1032,-0.1511,0.5000,673.4029,-0.0000,-41.1370,-654.1633,60.7255,72.3860,157.6867,0.1583
14091,36.7976,-0.1538,0.5000,666.9414,-0.0000,-41.0959,-639.8728,56.2923,72.1701,160.7809,0.1631
14093,36.4868,-0.1563,0.5000,660.4844,-0.0000,-41.0569,-626.2046,52.1919,71.9629,163.8014,0.1682
14095,36.1713,-0.1586,0.5000,654.0410,-0.0000,-41.0197,-613.1248,48.3992,71.7637,166.7491,0.1735
14097,35.8515,-0.1607,0.5000,647.6193,-0.0000,-40.9838,-600.6021,44.8908,71.5716,169.6253,0.1790
14099,35.5275,-0.1627,0.5000,641.2261,-0.0000,-40.9609,-592.7039,42.7410,71.4495,171.4672,0.1827
14101,35.1997,-0.1646,0.5000,634.8675,-0.0000,-40.9281,-581.5328,39.7847,71.2751,174.1102,0.1884
14103,34.8685,-0.1662,0.5000,628.5488,-0.0000,-40.8980,-571.5265,37.2220,71.1169,176.5160,0.1939
14105,34.5340,-0.1678,0.5000,622.2745,-0.0000,-40.8629,-560.2306,34.4273,70.9356,179.2768,0.2006
14107,34.1967,-0.1692,0.5000,616.0485,-0.0000,-40.8305,-550.2407,32.0437,70.7724,181.7591,0.2071
14109,33.8566,-0.1705,0.5000,609.8743,-0.0000,-40.7989,-540.8962,29.8901,70.6168,184.1167,0.2136
14111,33.5142,-0.1716,0.5000,603.7547,-0.0000,-40.7667,-531.8617,27.8783,70.4633,186.4298,0.2204
14113,33.1696,-0.1727,0.5000,597.6921,-0.0000,-40.7316,-522.5432,25.8765,70.3013,188.8514,0.2280
14115,32.8230,-0.1736,0.5000,591.6886,-0.0000,-40.6967,-513.8568,24.0783,70.1465,191.1423,0.2357
14117,32.4748,-0.1744,0.5000,585.7460,-0.0000,-40.6582,-504.9232,22.2975,69.9828,193.5335,0.2443
14119,32.1251,-0.1751,0.5000,579.8656,-0.0000,-40.6183,-496.3562,20.6558,69.8211,195.8608,0.2532
14121,31.7741,-0.1757,0.5000,574.0487,-0.0000,-40.5770,-488.1382,19.1419,69.6611,198.1260,0.2624
14123,31.4220,-0.1762,0.5000,568.2961,-0.0000,-40.5340,-480.2528,17.7458,69.5023,200.3308,0.2721
14125,31.0691,-0.1766,0.5000,562.6087,-0.0000,-40.4891,-472.6842,16.4581,69.3448,202.4766,0.2821
14127,30.7155,-0.1769,0.5000,556.9869,-0.0000,-40.4541,-467.2065,15.5581,69.2272,204.0484,0.2898
14129,30.3614,-0.1771,0.5000,551.4311,-0.0000,-40.3806,-456.7374,13.9130,68.9931,207.0981,0.3060
14131,30.0069,-0.1773,0.5000,545.9416,-0.0000,-40.3420,-451.7349,13.1619,68.8765,208.5772,0.3144
14133,29.6523,-0.1773,0.5000,540.5183,-0.0000,-40.2912,-445.6223,12.2745,68.7295,210.4046,0.3254
14135,29.2976,-0.1773,0.5000,535.1615,-0.0000,-40.2383,-439.7357,11.4519,68.5827,212.1860,0.3368
14137,28.9431,-0.1772,0.5000,529.8709,-0.0000,-40.1831,-434.0656,10.6891,68.4360,213.9226,0.3485
14139,28.5889,-0.1771,0.5000,524.6463,-0.0000,-40.1256,-428.6030,9.9814,68.2894,215.6156,0.3607
14141,28.2350,-0.1768,0.5000,519.4874,-0.0000,-40.0658,-423.3391,9.3249,68.1428,217.2663,0.3732
14143,27.8817,-0.1766,0.5000,514.3940,-0.0000,-40.0035,-418.2660,8.7156,67.9961,218.8757,0.3862
14145,27.5290,-0.1762,0.5000,509.3655,-0.0000,-39.9388,-413.3759,8.1500,67.8494,220.4451,0.3996
14147,27.1770,-0.1758,0.5000,504.4016,-0.0000,-39.8716,-408.6614,7.6249,67.7024,221.9756,0.4134
14149,26.8260,-0.1754,0.5000,499.5018,-0.0000,-39.8019,-404.1156,7.1373,67.5553,223.4681,0.4276
14151,26.4759,-0.1749,0.5000,494.6655,-0.0000,-39.7297,-399.7319,6.6842,67.4081,224.9238,0.4423
14153,26.1268,-0.1743,0.5000,489.8921,-0.0000,-39.6549,-395.5039,6.2632,67.2606,226.3437,0.4574
14155,25.7789,-0.1737,0.5000,485.1811,-0.0000,-39.5776,-391.4258,5.8719,67.1129,227.7288,0.4730
14157,25.4322,-0.1731,0.5000,480.5318,-0.0000,-39.5232,-388.7143,5.6197,67.0115,228.6585,0.4840
14159,25.0869,-0.1724,0.5000,475.9435,-0.0000,-39.4108,-383.4875,5.1514,66.8086,230.4713,0.5066
14161,24.7429,-0.1717,0.5000,471.4156,-0.0000,-39.3521,-380.9377,4.9314,66.7057,231.3661,0.5184
14163,24.4004,-0.1710,0.5000,466.9475,-0.0000,-39.2758,-377.7923,4.6675,66.5749,232.4797,0.5337
14165,24.0594,-0.1702,0.5000,462.5383,-0.0000,-39.1773,-373.9782,4.3588,66.4104,233.8453,0.5534
14167,23.7199,-0.1694,0.5000,458.1875,-0.0000,-39.0758,-370.3152,4.0737,66.2458,235.1734,0.5738
14169,23.3821,-0.1686,0.5000,453.8943,-0.0000,-38.9687,-366.7089,3.8038,66.0770,236.4979,0.5953
14171,23.0460,-0.1677,0.5000,449.6579,-0.0000,-38.8947,-364.3571,3.6336,65.9630,237.3713,0.6102
14173,22.7116,-0.1669,0.5000,445.4777,-0.0000,-38.7425,-359.8430,3.3192,65.7347,239.0702,0.6409
14175,22.3790,-0.1660,0.5000,441.3529,-0.0000,-38.6643,-357.6776,3.1742,65.6205,239.8965,0.6567
14177,22.0482,-0.1651,0.5000,437.2828,-0.0000,-38.5600,-354.9339,2.9958,65.4711,240.9546,0.6779
14179,21.7192,-0.1641,0.5000,433.2667,-0.0000,-38.4534,-352.2880,2.8292,65.3216,241.9875,0.6996
14181,21.3922,-0.1632,0.5000,429.3039,-0.0000,-38.3446,-349.7368,2.6738,65.1721,242.9960,0.7219
14183,21.0670,-0.1622,0.5000,425.3936,-0.0000,-38.2335,-347.2774,2.5286,65.0226,243.9806,0.7448
14185,20.7439,-0.1612,0.5000,421.5351,-0.0000,-38.1203,-344.9068,2.3930,64.8732,244.9418,0.7682
14187,20.4227,-0.1602,0.5000,417.7277,-0.0000,-38.0050,-342.6225,2.2663,64.7239,245.8804,0.7922
14189,20.1035,-0.1592,0.5000,413.9706,-0.0000,-37.8876,-340.4217,2.1478,64.5745,246.7968,0.8168
14191,19.7863,-0.1582,0.5000,410.2633,-0.0000,-37.7682,-338.3020,2.0371,64.4254,247.6915,0.8420
14193,19.4713,-0.1572,0.5000,406.6049,-0.0000,-37.6467,-336.2608,1.9334,64.2764,248.5651,0.8678
14195,19.1582,-0.1561,0.5000,402.9948,-0.0000,-37.5234,-334.2959,1.8365,64.1276,249.4181,0.8942
14197,18.8473,-0.1551,0.5000,399.4323,-0.0000,-37.3981,-332.4048,1.7457,63.9790,250.2509,0.9212
14199,18.5385,-0.1540,0.5000,395.9168,-0.0000,-37.3156,-331.2134,1.6898,63.8824,250.7820,0.9391
14201,18.2318,-0.1530,0.5000,392.4474,-0.0000,-37.1484,-328.9191,1.5850,63.6897,251.8197,0.9756
14203,17.9272,-0.1519,0.5000,389.0237,-0.0000,-37.0636,-327.8149,1.5358,63.5935,252.3265,0.9943
14205,17.6248,-0.1508,0.5000,385.6448,-0.0000,-36.8912,-325.6805,1.4430,63.4007,253.3210,1.0326
14207,17.3245,-0.1497,0.5000,382.3102,-0.0000,-36.7707,-324.2728,1.3835,63.2682,253.9882,1.0597
14209,17.0264,-0.1487,0.5000,379.0192,-0.0000,-36.6620,-323.0581,1.3332,63.1501,254.5718,1.0842
14211,16.7304,-0.1476,0.5000,375.7713,-0.0000,-36.5320,-321.6699,1.2770,63.0106,255.2481,1.1139
14213,16.4366,-0.1465,0.5000,372.5656,-0.0000,-36.3804,-320.1342,1.2163,62.8502,256.0086,1.1488
14215,16.1449,-0.1454,0.5000,369.4017,-0.0000,-36.2253,-318.6496,1.1590,62.6886,256.7570,1.1849
14217,15.8554,-0.1443,0.5000,366.2789,-0.0000,-36.0967,-317.4803,1.1150,62.5564,257.3560,1.2151
14219,15.5681,-0.1433,0.5000,363.1967,-0.0000,-35.8965,-315.7633,1.0520,62.3536,258.2520,1.2627
14221,15.2829,-0.1422,0.5000,360.1544,-0.0000,-35.7954,-314.9406,1.0225,62.2526,258.6884,1.2870
14223,14.9998,-0.1411,0.5000,357.1515,-0.0000,-35.5914,-313.3648,0.9668,62.0514,259.5382,1.3366
14225,14.7189,-0.1401,0.5000,354.1873,-0.0000,-35.4885,-312.6102,0.9401,61.9511,259.9518,1.3619
14227,14.4402,-0.1390,0.5000,351.2613,-0.0000,-35.3850,-311.8767,0.9136,61.8512,260.3579,1.3875
14229,14.1635,-0.1379,0.5000,348.3729,-0.0000,-35.1816,-310.5043,0.8587,61.6571,261.1291,1.4385
14231,13.8890,-0.1369,0.5000,345.5217,-0.0000,-35.0817,-309.8622,0.8304,61.5629,261.4949,1.4638
14233,13.6165,-0.1358,0.5000,342.7069,-0.0000,-34.8806,-308.6273,0.7740,61.3753,262.2073,1.5153
14235,13.3462,-0.1348,0.5000,339.9282,-0.0000,-34.7794,-308.0332,0.7469,61.2820,262.5540,1.5415
14237,13.0779,-0.1337,0.5000,337.1849,-0.0000,-34.5758,-306.8891,0.6961,61.0961,263.2286,1.5949
14239,12.8117,-0.1327,0.5000,334.4766,-0.0000,-34.4734,-306.3378,0.6728,61.0036,263.5565,1.6221
14241,12.5475,-0.1317,0.5000,331.8027,-0.0000,-34.2157,-305.0152,0.6198,60.7735,264.3500,1.6914
14243,12.2853,-0.1307,0.5000,329.1628,-0.0000,-34.0600,-304.2568,0.5913,60.6364,264.8079,1.7340
14245,12.0250,-0.1298,0.5000,326.5563,-0.0000,-33.9036,-303.5227,0.5651,60.4999,265.2522,1.7773
14247,11.7667,-0.1288,0.5000,323.9827,-0.0000,-33.7466,-302.8107,0.5409,60.3641,265.6830,1.8213
14249,11.5103,-0.1279,0.5000,321.4416,-0.0000,-33.5890,-302.1190,0.5188,60.2291,266.1004,1.8661
14251,11.2558,-0.1269,0.5000,318.9324,-0.0000,-33.4308,-301.4454,0.4984,60.0947,266.5044,1.9116
14253,11.0030,-0.1260,0.5000,316.4548,-0.0000,-33.2721,-300.7880,0.4798,59.9611,266.8951,1.9579
14255,10.7521,-0.1251,0.5000,314.0082,-0.0000,-33.1129,-300.1449,0.4628,59.8282,267.2725,2.0050
14257,10.5029,-0.1243,0.5000,311.5922,-0.0000,-32.9534,-299.5139,0.4473,59.6960,267.6366,2.0528
14259,10.2555,-0.1234,0.5000,309.2064,-0.0000,-32.7935,-298.8931,0.4331,59.5645,267.9875,2.1015
14261,10.0097,-0.1226,0.5000,306.8502,-0.0000,-32.6332,-298.2806,0.4203,59.4337,268.3251,2.1509
14263,9.7655,-0.1218,0.5000,304.5233,-0.0000,-32.4728,-297.6743,0.4087,59.3036,268.6494,2.2012
14265,9.5230,-0.1210,0.5000,302.2253,-0.0000,-32.3120,-297.0723,0.3982,59.1742,268.9604,2.2522
14267,9.2819,-0.1202,0.5000,299.9556,-0.0000,-32.1511,-296.4726,0.3888,59.0454,269.2580,2.3042
14269,9.0424,-0.1195,0.5000,297.7140,-0.0000,-31.9901,-295.8733,0.3803,58.9174,269.5423,2.3570
14271,8.8043,-0.1188,0.5000,295.4999,-0.0000,-31.8290,-295.2723,0.3729,58.7901,269.8130,2.4106
14273,8.5675,-0.1181,0.5000,293.3130,-0.0000,-31.6679,-294.6677,0.3663,58.6634,270.0703,2.4652
14275,8.3322,-0.1175,0.5000,291.1530,-0.0000,-31.5067,-294.0575,0.3605,58.5373,270.3139,2.5207
14277,8.0980,-0.1168,0.5000,289.0193,-0.0000,-31.3456,-293.4398,0.3555,58.4119,270.5438,2.5771
14279,7.8652,-0.1162,0.5000,286.9116,-0.0000,-31.1846,-292.8126,0.3512,58.2871,270.7598,2.6344
14281,7.6334,-0.1157,0.5000,284.8295,-0.0000,-31.0237,-292.1739,0.3476,58.1630,270.9619,2.6927
14283,7.4028,-0.1151,0.5000,282.7728,-0.0000,-30.8630,-291.5218,0.3447,58.0394,271.1499,2.7520
14285,7.1732,-0.1146,0.5000,280.7409,-0.0000,-30.7025,-290.8543,0.3424,57.9164,271.3236,2.8124
14287,6.9446,-0.1141,0.5000,278.7335,-0.0000,-30.5423,-290.1693,0.3407,57.7939,271.4830,2.8738
14289,6.7170,-0.1137,0.5000,276.7503,-0.0000,-30.3823,-289.4648,0.3396,57.6720,271.6277,2.9363
14291,6.4901,-0.1133,0.5000,274.7910,-0.0000,-30.2227,-288.7389,0.3390,57.5505,271.7577,2.9999
14293,6.2641,-0.1129,0.5000,272.8551,-0.0000,-30.0635,-287.9895,0.3389,57.4296,271.8727,3.0646
14295,6.0388,-0.1125,0.5000,270.9424,-0.0000,-29.9047,-287.2144,0.3393,57.3091,271.9725,3.1306
14297,5.8141,-0.1122,0.5000,269.0525,-0.0000,-29.7463,-286.4116,0.3401,57.1891,272.0570,3.1977
14299,5.5899,-0.1120,0.5000,267.1850,-0.0000,-29.5884,-285.5789,0.3414,57.0695,272.1257,3.2661
14301,5.3663,-0.1117,0.5000,265.3397,-0.0000,-29.4310,-284.7142,0.3431,56.9502,272.1786,3.3358
14303,5.1431,-0.1115,0.5000,263.5163,-0.0000,-29.2742,-283.8153,0.3453,56.8313,272.2153,3.4069
14305,4.9202,-0.1114,0.5000,261.7143,-0.0000,-29.1180,-282.8798,0.3478,56.7127,272.2356,3.4794
14307,4.6975,-0.1113,0.5000,259.9336,-0.0000,-28.9624,-281.9056,0.3508,56.5944,272.2391,3.5534
14309,4.4750,-0.1112,0.5000,258.1738,-0.0000,-28.8075,-280.8901,0.3541,56.4764,272.2256,3.6288
14311,4.2526,-0.1112,0.5000,256.4346,-0.0000,-28.6532,-279.8310,0.3578,56.3586,272.1946,3.7059
14313,4.0302,-0.1112,0.5000,254.7157,-0.0000,-28.4998,-278.7258,0.3619,56.2409,272.1459,3.7845
14315,3.8077,-0.1113,0.5000,253.0169,-0.0000,-28.3471,-277.5719,0.3663,56.1234,272.0791,3.8649
14317,3.5850,-0.1114,0.5000,251.3378,-0.0000,-28.1952,-276.3667,0.3710,56.0060,271.9938,3.9471
14319,3.3620,-0.1116,0.5000,249.6781,-0.0000,-28.0441,-275.1075,0.3762,55.8886,271.8895,4.0312
14321,3.1386,-0.1118,0.5000,248.0377,-0.0000,-27.8940,-273.7915,0.3816,55.7713,271.7660,4.1171
14323,2.9147,-0.1121,0.5000,246.4162,-0.0000,-27.7447,-272.4157,0.3874,55.6539,271.6227,4.2052
14325,2.6902,-0.1124,0.5000,244.8133,-0.0000,-27.5964,-270.9775,0.3936,55.5365,271.4591,4.2953
14327,2.4650,-0.1128,0.5000,243.2288,-0.0000,-27.4491,-269.4734,0.4001,55.4189,271.2749,4.3877
14329,2.2390,-0.1132,0.5000,241.6624,-0.0000,-27.3027,-267.9005,0.4069,55.3011,271.0694,4.4825
14331,2.0120,-0.1137,0.5000,240.1139,-0.0000,-27.1575,-266.2556,0.4141,55.1832,270.8421,4.5797
14333,1.7839,-0.1142,0.5000,238.5831,-0.0000,-27.0133,-264.5354,0.4216,55.0649,270.5924,4.6795
14335,1.5547,-0.1149,0.5000,237.0696,-0.0000,-26.8703,-262.7364,0.4295,54.9463,270.3199,4.7820
14337,1.3241,-0.1156,0.5000,235.5732,-0.0000,-26.7283,-260.8554,0.4378,54.8272,270.0238,4.8874
14339,1.0921,-0.1163,0.5000,234.0937,-0.0000,-26.5876,-258.8881,0.4464,54.7077,269.7036,4.9958
14341,0.8584,-0.1171,0.5000,232.6309,-0.0000,-26.4481,-256.8320,0.4554,54.5877,269.3585,5.1075
14343,0.6230,-0.1180,0.5000,231.1845,-0.0000,-26.3099,-254.6829,0.4648,54.4670,268.9878,5.2224
14345,0.3858,-0.1190,0.5000,229.7543,-0.0000,-26.1730,-252.4373,0.4746,54.3457,268.5909,5.3410
14347,0.1465,-0.1201,0.5000,228.3401,-0.0000,-26.0373,-250.0916,0.4848,54.2236,268.1669,5.4633
14349,-0.0951,-0.1212,0.5000,226.9416,-0.0000,-25.9031,-247.6425,0.4954,54.1007,267.7152,5.5896
14351,-0.3390,-0.1224,0.5000,225.5587,-0.0000,-25.7702,-245.0864,0.5065,53.9769,267.2348,5.7200
14353,-0.5854,-0.1237,0.5000,224.1910,-0.0000,-25.6388,-242.4200,0.5180,53.8521,266.7249,5.8550
14355,-0.8345,-0.1251,0.5000,222.8384,-0.0000,-25.5088,-239.6406,0.5301,53.7261,266.1847,5.9947
14357,-1.0865,-0.1266,0.5000,221.5007,-0.0000,-25.3803,-236.7453,0.5426,53.5991,265.6133,6.1394
14359,-1.3415,-0.1281,0.5000,220.1776,-0.0000,-25.2534,-233.7319,0.5556,53.4707,265.0097,6.2894
14361,-1.5998,-0.1298,0.5000,218.8690,-0.0000,-25.1279,-230.5999,0.5692,53.3410,264.3730,6.4450
14363,-1.8615,-0.1315,0.5000,217.5746,-0.0000,-25.0041,-227.3445,0.5834,53.2097,263.7023,6.6067
14365,-2.1267,-0.1333,0.5000,216.2943,-0.0000,-24.8819,-223.9705,0.5982,53.0769,262.9965,6.7746
14367,-2.3958,-0.1352,0.5000,215.0278,-0.0000,-24.7613,-220.4727,0.6136,52.9425,262.2548,6.9494
14369,-2.6687,-0.1372,0.5000,213.7749,-0.0000,-24.6424,-216.8568,0.6297,52.8062,261.4761,7.1312
14371,-2.9458,-0.1393,0.5000,212.5354,-0.0000,-24.5251,-213.1256,0.6465,52.6680,260.6596,7.3207
14373,-3.2272,-0.1415,0.5000,211.3091,-0.0000,-24.4095,-209.2831,0.6641,52.5278,259.8042,7.5182
14375,-3.5130,-0.1437,0.5000,210.0959,-0.0000,-24.2956,-205.3355,0.6824,52.3854,258.9091,7.7242
14377,-3.8033,-0.1460,0.5000,208.8954,-0.0000,-24.1834,-201.2912,0.7016,52.2408,257.9735,7.9392
14379,-4.0983,-0.1484,0.5000,207.7076,-0.0000,-24.1151,-198.7626,0.7138,52.1506,257.3772,8.0762
14381,-4.3982,-0.1508,0.5000,206.5323,-0.0000,-23.9806,-193.6116,0.7393,51.9674,256.1370,8.3615
14383,-4.7028,-0.1532,0.5000,205.3691,-0.0000,-23.9142,-191.0000,0.7526,51.8744,255.4928,8.5100
14385,-5.0124,-0.1557,0.5000,204.2180,-0.0000,-23.7834,-185.7270,0.7804,51.6853,254.1557,8.8195
14387,-5.3268,-0.1581,0.5000,203.0788,-0.0000,-23.7189,-183.0746,0.7948,51.5892,253.4626,8.9807
14389,-5.6461,-0.1606,0.5000,201.9512,-0.0000,-23.6178,-178.8704,0.8186,51.4349,252.3313,9.2452
14391,-5.9702,-0.1629,0.5000,200.8351,-0.0000,-23.5182,-174.6820,0.8435,51.2777,251.1588,9.5214
14393,-6.2989,-0.1652,0.5000,199.7303,-0.0000,-23.3230,-166.4667,0.8968,50.9551,248.6910,10.1104
14395,-6.6320,-0.1673,0.5000,198.6367,-0.0000,-23.2271,-162.5070,0.9253,50.7895,247.3969,10.4240
14397,-6.9692,-0.1694,0.5000,197.5541,-0.0000,-23.1323,-158.6928,0.9551,50.6211,246.0637,10.7508
14399,-7.3102,-0.1712,0.5000,196.4823,-0.0000,-23.0384,-155.0649,0.9862,50.4499,244.6927,11.0910
14401,-7.6546,-0.1728,0.5000,195.4212,-0.0001,-22.9453,-151.6664,1.0187,50.2759,243.2855,11.4446
14403,-8.0018,-0.1741,0.5000,194.3706,-0.0001,-22.8528,-148.5422,1.0527,50.0993,241.8439,11.8117
14405,-8.3511,-0.1750,0.5000,193.3306,-0.0001,-22.7607,-145.7393,1.0881,49.9201,240.3704,12.1920
14407,-8.7020,-0.1756,0.5000,192.3009,-0.0001,-22.6689,-143.3061,1.1249,49.7387,238.8674,12.5853
14409,-9.0536,-0.1758,0.5000,191.2815,-0.0001,-22.5771,-141.2918,1.1632,49.5551,237.3383,12.9910
14411,-9.4050,-0.1755,0.5000,190.2724,-0.0001,-22.4852,-139.7459,1.2030,49.3698,235.7863,13.4084
14413,-9.7551,-0.1747,0.5000,189.2735,-0.0001,-22.3928,-138.7172,1.2441,49.1829,234.2154,13.8364
14415,-10.1029,-0.1733,0.5000,188.2848,-0.0001,-22.2999,-138.2528,1.2867,48.9950,232.6299,14.2739
14417,-10.4472,-0.1713,0.5000,187.3065,-0.0001,-22.2061,-138.3977,1.3306,48.8064,231.0344,14.7191
14419,-10.7866,-0.1687,0.5000,186.3384,-0.0001,-22.1112,-139.1928,1.3757,48.6176,229.4340,15.1703
14421,-11.1199,-0.1653,0.5000,185.3809,-0.0002,-22.0149,-140.6743,1.4219,48.4293,227.8341,15.6254
14423,-11.4455,-0.1612,0.5000,184.4340,-0.0002,-21.9171,-142.8724,1.4690,48.2419,226.2403,16.0816
14425,-11.7619,-0.1563,0.5000,183.4979,-0.0002,-21.8175,-145.8095,1.5169,48.0562,224.6584,16.5364
14427,-12.0677,-0.1507,0.5000,182.5729,-0.0002,-21.7158,-149.4949,1.5655,47.8729,223.0946,16.9865
14429,-12.3611,-0.1443,0.5000,181.6594,-0.0002,-21.6119,-153.9411,1.6143,47.6928,221.5551,17.4286
14431,-12.6408,-0.1371,0.5000,180.7576,-0.0002,-21.5056,-159.1370,1.6633,47.5165,220.0461,17.8591
14433,-12.9050,-0.1291,0.5000,179.8680,-0.0003,-21.3968,-165.0627,1.7120,47.3450,218.5737,18.2742
14435,-13.1524,-0.1204,0.5000,178.9911,-0.0003,-21.2852,-171.6866,1.7603,47.1789,217.1440,18.6702
14437,-13.3816,-0.1110,0.5000,178.1275,-0.0003,-21.1708,-178.9647,1.8076,47.0193,215.7627,19.0432
14439,-13.5911,-0.1010,0.5000,177.2776,-0.0003,-21.0536,-186.8414,1.8538,46.8667,214.4352,19.3895
14441,-13.7800,-0.0904,0.5000,176.4422,-0.0004,-20.9334,-195.2498,1.8984,46.7222,213.1666,19.7056
14443,-13.9471,-0.0794,0.5000,175.6220,-0.0004,-20.8103,-204.1115,1.9411,46.5863,211.9613,19.9882
14445,-14.0917,-0.0680,0.5000,174.8176,-0.0004,-20.6844,-213.3464,1.9815,46.4597,210.8232,20.2346
14447,-14.2130,-0.0563,0.5000,174.0300,-0.0004,-20.5556,-222.8596,2.0192,46.3432,209.7557,20.4423
14449,-14.3108,-0.0444,0.5000,173.2600,-0.0004,-20.4240,-232.5599,2.0539,46.2372,208.7618,20.6094
14451,-14.3847,-0.0325,0.5000,172.5083,-0.0005,-20.2412,-245.8595,2.0958,46.1108,207.5324,20.7695
14453,-14.4348,-0.0206,0.5000,171.7758,-0.0005,-20.1480,-252.4842,2.1143,46.0556,206.9707,20.8202
14455,-14.4615,-0.0090,0.5000,171.0634,-0.0005,-19.9586,-265.5627,2.1460,45.9612,205.9538,20.8634
14457,-14.4651,0.0025,0.5000,170.3720,-0.0005,-19.8624,-271.9613,2.1591,45.9222,205.4986,20.8562
14459,-14.4462,0.0135,0.5000,169.7025,-0.0005,-19.6673,-284.2912,2.1796,45.8605,204.6930,20.7868
14461,-14.4059,0.0241,0.5000,169.0555,-0.0005,-19.5686,-290.2039,2.1870,45.8378,204.3416,20.7257
14463,-14.3451,0.0341,0.5000,168.4318,-0.0005,-19.3691,-301.3247,2.1961,45.8083,203.7382,20.5546
14465,-14.2652,0.0434,0.5000,167.8323,-0.0005,-19.2684,-306.5222,2.1979,45.8014,203.4844,20.4466
14467,-14.1674,0.0520,0.5000,167.2573,-0.0005,-19.0657,-316.0163,2.1959,45.8026,203.0676,20.1903
14469,-14.0535,0.0598,0.5000,166.7076,-0.0004,-18.9638,-320.3211,2.1923,45.8104,202.9019,20.0445
14471,-13.9251,0.0667,0.5000,166.1836,-0.0004,-18.7592,-327.8939,2.1801,45.8397,202.6502,19.7229
14473,-13.7839,0.0728,0.5000,165.6855,-0.0004,-18.6567,-331.1673,2.1718,45.8607,202.5607,19.5497
14475,-13.6319,0.0778,0.5000,165.2135,-0.0004,-18.4516,-336.6084,2.1509,45.9145,202.4480,19.1842
14477,-13.4709,0.0819,0.5000,164.7678,-0.0004,-18.3492,-338.7808,2.1386,45.9467,202.4211,18.9944
14479,-13.3030,0.0851,0.5000,164.3482,-0.0004,-18.1450,-341.9953,2.1109,46.0209,202.4182,18.6063
14481,-13.1300,0.0872,0.5000,163.9545,-0.0003,-18.0434,-343.0414,2.0957,46.0622,202.4387,18.4101
14483,-12.9539,0.0884,0.5000,163.5865,-0.0003,-17.8414,-344.0510,2.0630,46.1522,202.5152,18.0185
14485,-12.7765,0.0887,0.5000,163.2435,-0.0003,-17.7411,-344.0243,2.0459,46.2002,202.5678,17.8250
14487,-12.5997,0.0881,0.5000,162.9251,-0.0003,-17.5426,-342.9668,2.0104,46.3012,202.6933,17.4465
14489,-12.4253,0.0866,0.5000,162.6304,-0.0003,-17.4443,-341.9639,1.9923,46.3536,202.7630,17.2631
14491,-12.2547,0.0844,0.5000,162.3585,-0.0003,-17.2011,-338.1779,1.9467,46.4885,202.9462,16.8243
14493,-12.0894,0.0815,0.5000,162.1086,-0.0002,-17.0575,-335.1186,1.9195,46.5708,203.0549,16.5780
14495,-11.9308,0.0779,0.5000,161.8794,-0.0002,-16.9160,-331.5481,1.8929,46.6529,203.1570,16.3466
14497,-11.7800,0.0738,0.5000,161.6700,-0.0002,-16.7768,-327.5401,1.8671,46.7340,203.2485,16.1311
14499,-11.6380,0.0692,0.5000,161.4790,-0.0002,-16.6400,-323.1628,1.8423,46.8135,203.3258,15.9324
14501,-11.5057,0.0643,0.5000,161.3052,-0.0002,-16.5056,-318.4779,1.8188,46.8906,203.3858,15.7509
14503,-11.3837,0.0590,0.5000,161.1472,-0.0002,-16.3737,-313.5515,1.7966,46.9648,203.4258,15.5869
14505,-11.2726,0.0535,0.5000,161.0039,-0.0002,-16.2444,-308.4454,1.7759,47.0355,203.4434,15.4405
14507,-11.1728,0.0478,0.5000,160.8738,-0.0002,-16.1175,-303.2133,1.7567,47.1022,203.4368,15.3117
14509,-11.0845,0.0420,0.5000,160.7557,-0.0002,-15.9932,-297.9059,1.7392,47.1646,203.4043,15.2002
14511,-11.0078,0.0361,0.5000,160.6482,-0.0002,-15.8714,-292.5686,1.7233,47.2223,203.3449,15.1058
14513,-10.9428,0.0303,0.5000,160.5503,-0.0002,-15.7521,-287.2392,1.7092,47.2751,203.2574,15.0281
14515,-10.8894,0.0245,0.5000,160.4606,-0.0002,-15.6353,-281.9514,1.6967,47.3226,203.1414,14.9667
14517,-10.8475,0.0188,0.5000,160.3780,-0.0002,-15.5208,-276.7344,1.6859,47.3648,202.9963,14.9211
14519,-10.8169,0.0132,0.5000,160.3016,-0.0002,-15.4087,-271.6089,1.6768,47.4015,202.8221,14.8908
14521,-10.7972,0.0078,0.5000,160.2303,-0.0002,-15.2989,-266.5939,1.6694,47.4326,202.6187,14.8753
14523,-10.7882,0.0025,0.5000,160.1631,-0.0002,-15.1912,-261.7049,1.6635,47.4582,202.3861,14.8741
14525,-10.7895,-0.0025,0.5000,160.0993,-0.0002,-15.0858,-256.9503,1.6593,47.4783,202.1248,14.8867
14527,-10.8007,-0.0074,0.5000,160.0380,-0.0002,-14.9824,-252.3386,1.6565,47.4930,201.8349,14.9124
14529,-10.8215,-0.0121,0.5000,159.9785,-0.0002,-14.8810,-247.8755,1.6552,47.5022,201.5170,14.9510
14531,-10.8514,-0.0166,0.5000,159.9203,-0.0002,-14.7815,-243.5618,1.6553,47.5062,201.1716,15.0018
14533,-10.8900,-0.0209,0.5000,159.8627,-0.0002,-14.6840,-239.4006,1.6568,47.5050,200.7992,15.0644
14535,-10.9368,-0.0249,0.5000,159.8053,-0.0002,-14.5881,-235.3914,1.6597,47.4988,200.4005,15.1383
14537,-10.9916,-0.0288,0.5000,159.7476,-0.0002,-14.4941,-231.5330,1.6638,47.4878,199.9760,15.2233
14539,-11.0537,-0.0324,0.5000,159.6892,-0.0002,-14.4017,-227.8243,1.6692,47.4721,199.5265,15.3187
14541,-11.1229,-0.0359,0.5000,159.6298,-0.0002,-14.3110,-224.2632,1.6758,47.4520,199.0526,15.4243
14543,-11.1988,-0.0391,0.5000,159.5692,-0.0002,-14.2217,-220.8481,1.6835,47.4275,198.5551,15.5396
14545,-11.2808,-0.0422,0.5000,159.5072,-0.0002,-14.1339,-217.5765,1.6924,47.3989,198.0347,15.6643
14547,-11.3687,-0.0450,0.5000,159.4435,-0.0002,-14.0699,-215.2492,1.6996,47.3752,197.6357,15.7624
14549,-11.4621,-0.0477,0.5000,159.3780,-0.0002,-14.0066,-212.9988,1.7075,47.3495,197.2249,15.8652
14551,-11.5605,-0.0501,0.5000,159.3107,-0.0002,-13.9441,-210.8245,1.7159,47.3218,196.8026,15.9727
14553,-11.6636,-0.0524,0.5000,159.2415,-0.0002,-13.8211,-206.7027,1.7343,47.2607,195.9248,16.2011
14555,-11.7710,-0.0545,0.5000,159.1704,-0.0002,-13.7394,-204.0849,1.7479,47.2153,195.3072,16.3652
14557,-11.8824,-0.0564,0.5000,159.0973,-0.0002,-13.6588,-201.6032,1.7625,47.1670,194.6712,16.5368
14559,-11.9974,-0.0581,0.5000,159.0223,-0.0002,-13.5793,-199.2571,1.7780,47.1158,194.0177,16.7154
14561,-12.1157,-0.0597,0.5000,158.9455,-0.0002,-13.5009,-197.0462,1.7943,47.0620,193.3475,16.9007
14563,-12.2369,-0.0611,0.5000,158.8668,-0.0002,-13.4234,-194.9704,1.8115,47.0058,192.6617,17.0923
14565,-12.3606,-0.0623,0.5000,158.7866,-0.0002,-13.3468,-193.0293,1.8294,46.9473,191.9610,17.2899
14567,-12.4866,-0.0634,0.5000,158.7048,-0.0002,-13.2712,-191.2228,1.8482,46.8867,191.2464,17.4930
14569,-12.6144,-0.0642,0.5000,158.6216,-0.0003,-13.1964,-189.5507,1.8676,46.8243,190.5189,17.7012
14571,-12.7438,-0.0650,0.5000,158.5371,-0.0003,-13.1223,-188.0125,1.8877,46.7602,189.7794,17.9142
14573,-12.8744,-0.0655,0.5000,158.4516,-0.0003,-13.0491,-186.6077,1.9085,46.6945,189.0290,18.1315
14575,-13.0059,-0.0659,0.5000,158.3652,-0.0003,-12.9765,-185.3355,1.9299,46.6275,188.2686,18.3525
14577,-13.1380,-0.0661,0.5000,158.2781,-0.0003,-12.9047,-184.1949,1.9519,46.5594,187.4992,18.5770
14579,-13.2704,-0.0662,0.5000,158.1906,-0.0003,-12.8334,-183.1844,1.9745,46.4903,186.7219,18.8043
14581,-13.4027,-0.0661,0.5000,158.1029,-0.0003,-12.7628,-182.3024,1.9975,46.4205,185.9377,19.0341
14583,-13.5347,-0.0659,0.5000,158.0151,-0.0003,-12.6928,-181.5468,2.0209,46.3500,185.1476,19.2656
14585,-13.6660,-0.0655,0.5000,157.9277,-0.0004,-12.6233,-180.9152,2.0448,46.2791,184.3526,19.4986
14587,-13.7964,-0.0650,0.5000,157.8407,-0.0004,-12.5543,-180.4049,2.0690,46.2079,183.5537,19.7324
14589,-13.9255,-0.0643,0.5000,157.7546,-0.0004,-12.4858,-180.0128,2.0935,46.1366,182.7520,19.9664
14591,-14.0532,-0.0635,0.5000,157.6695,-0.0004,-12.4178,-179.7356,2.1183,46.0654,181.9485,20.2002
14593,-14.1792,-0.0626,0.5000,157.5858,-0.0004,-12.3502,-179.5695,2.1432,45.9945,181.1441,20.4331
14595,-14.3031,-0.0616,0.5000,157.5037,-0.0004,-12.2831,-179.5109,2.1683,45.9240,180.3398,20.6647
14597,-14.4249,-0.0604,0.5000,157.4236,-0.0005,-12.2163,-179.5556,2.1935,45.8540,179.5366,20.8944
14599,-14.5441,-0.0591,0.5000,157.3456,-0.0005,-12.1499,-179.6996,2.2187,45.7848,178.7353,21.1216
14601,-14.6607,-0.0578,0.5000,157.2702,-0.0005,-12.0838,-179.9387,2.2439,45.7164,177.9370,21.3457
14603,-14.7744,-0.0563,0.5000,157.1975,-0.0005,-12.0181,-180.2689,2.2690,45.6490,177.1425,21.5663
14605,-14.8850,-0.0547,0.5000,157.1279,-0.0005,-11.9527,-180.6860,2.2939,45.5828,176.3525,21.7827
14607,-14.9923,-0.0530,0.5000,157.0617,-0.0006,-11.8876,-181.1862,2.3187,45.5178,175.5681,21.9946
14609,-15.0962,-0.0513,0.5000,156.9992,-0.0006,-11.8228,-181.7657,2.3432,45.4543,174.7900,22.2012
14611,-15.1964,-0.0494,0.5000,156.9405,-0.0006,-11.7583,-182.4209,2.3673,45.3922,174.0189,22.4022
14613,-15.2929,-0.0475,0.5000,156.8860,-0.0006,-11.6940,-183.1488,2.3912,45.3318,173.2557,22.5970
14615,-15.3855,-0.0455,0.5000,156.8359,-0.0006,-11.6299,-183.9462,2.4145,45.2732,172.5011,22.7852
14617,-15.4740,-0.0435,0.5000,156.7905,-0.0006,-11.5661,-184.8105,2.4374,45.2164,171.7557,22.9662
14619,-15.5583,-0.0414,0.5000,156.7500,-0.0007,-11.5025,-185.7394,2.4598,45.1615,171.0204,23.1396
14621,-15.6383,-0.0392,0.5000,156.7146,-0.0007,-11.4391,-186.7308,2.4816,45.1087,170.2957,23.3050
14623,-15.7139,-0.0369,0.5000,156.6846,-0.0007,-11.3758,-187.7830,2.5027,45.0580,169.5823,23.4620
14625,-15.7850,-0.0347,0.5000,156.6601,-0.0007,-11.3128,-188.8945,2.5232,45.0095,168.8810,23.6100
14627,-15.8514,-0.0323,0.5000,156.6414,-0.0007,-11.2499,-190.0642,2.5429,44.9633,168.1922,23.7488
14629,-15.9130,-0.0299,0.5000,156.6286,-0.0008,-11.1871,-191.2909,2.5618,44.9195,167.5166,23.8779
14631,-15.9698,-0.0275,0.5000,156.6218,-0.0008,-11.1245,-192.5739,2.5799,44.8781,166.8548,23.9970
14633,-16.0217,-0.0250,0.5000,156.6213,-0.0008,-11.0621,-193.9125,2.5971,44.8392,166.2075,24.1056
14635,-16.0685,-0.0225,0.5000,156.6271,-0.0008,-10.9997,-195.3063,2.6134,44.8029,165.5750,24.2035
14637,-16.1102,-0.0199,0.5000,156.6394,-0.0008,-10.9375,-196.7546,2.6287,44.7692,164.9582,24.2904
14639,-16.1467,-0.0173,0.5000,156.6584,-0.0008,-10.8753,-198.2572,2.6431,44.7382,164.3574,24.3659
14641,-16.1779,-0.0146,0.5000,156.6841,-0.0008,-10.8133,-199.8134,2.6563,44.7099,163.7732,24.4297
14643,-16.2038,-0.0119,0.5000,156.7166,-0.0008,-10.7513,-201.4229,2.6685,44.6843,163.2062,24.4817
14645,-16.2242,-0.0092,0.5000,156.7560,-0.0008,-10.6894,-203.0851,2.6796,44.6616,162.6568,24.5215
14647,-16.2391,-0.0064,0.5000,156.8023,-0.0008,-10.6276,-204.7992,2.6896,44.6418,162.1256,24.5489
14649,-16.2485,-0.0036,0.5000,156.8558,-0.0009,-10.5658,-206.5645,2.6983,44.6249,161.6132,24.5639
14651,-16.2522,-0.0008,0.5000,156.9163,-0.0009,-10.5040,-208.3801,2.7059,44.6110,161.1198,24.5661
14653,-16.2503,0.0021,0.5000,156.9839,-0.0009,-10.4423,-210.2446,2.7122,44.6000,160.6461,24.5555
14655,-16.2425,0.0049,0.5000,157.0587,-0.0009,-10.3807,-212.1568,2.7173,44.5921,160.1925,24.5320
14657,-16.2290,0.0078,0.5000,157.1407,-0.0009,-10.3190,-214.1149,2.7211,44.5872,159.7594,24.4955
14659,-16.2097,0.0108,0.5000,157.2299,-0.0009,-10.2574,-216.1171,2.7237,44.5854,159.3472,24.4459
14661,-16.1845,0.0137,0.5000,157.3263,-0.0008,-10.1958,-218.1612,2.7249,44.5868,158.9563,24.3834
14663,-16.1534,0.0167,0.5000,157.4300,-0.0008,-10.1342,-220.2447,2.7248,44.5912,158.5872,24.3079
14665,-16.1163,0.0196,0.5000,157.5408,-0.0008,-10.0726,-222.3647,2.7234,44.5988,158.2402,24.2195
14667,-16.0734,0.0226,0.5000,157.6588,-0.0008,-10.0109,-224.5182,2.7207,44.6096,157.9156,24.1184
14669,-16.0245,0.0256,0.5000,157.7839,-0.0008,-9.9493,-226.7015,2.7167,44.6235,157.6137,24.0046
14671,-15.9697,0.0285,0.5000,157.9161,-0.0008,-9.8877,-228.9108,2.7113,44.6406,157.3348,23.8785
14673,-15.9090,0.0315,0.5000,158.0554,-0.0008,-9.8260,-231.1420,2.7046,44.6608,157.0791,23.7402
14675,-15.8424,0.0344,0.5000,158.2016,-0.0008,-9.7643,-233.3904,2.6967,44.6842,156.8469,23.5901
14677,-15.7700,0.0373,0.5000,158.3548,-0.0008,-9.7026,-235.6510,2.6874,44.7108,156.6384,23.4285
14679,-15.6918,0.0402,0.5000,158.5147,-0.0007,-9.6409,-237.9187,2.6769,44.7405,156.4536,23.2557
14681,-15.6078,0.0430,0.5000,158.6813,-0.0007,-9.5792,-240.1876,2.6652,44.7733,156.2928,23.0723
14683,-15.5183,0.0458,0.5000,158.8546,-0.0007,-9.5174,-242.4520,2.6523,44.8091,156.1559,22.8785
14685,-15.4233,0.0485,0.5000,159.0342,-0.0007,-9.4557,-244.7055,2.6382,44.8480,156.0430,22.6750
14687,-15.3228,0.0512,0.5000,159.2203,-0.0007,-9.3939,-246.9418,2.6230,44.8899,155.9540,22.4623
14689,-15.2171,0.0538,0.5000,159.4124,-0.0007,-9.3321,-249.1540,2.6067,44.9347,155.8889,22.2410
14691,-15.1062,0.0564,0.5000,159.6106,-0.0006,-9.2702,-251.3353,2.5894,44.9824,155.8476,22.0116
14693,-14.9904,0.0588,0.5000,159.8145,-0.0006,-9.2084,-253.4789,2.5710,45.0329,155.8298,21.7748
14695,-14.8698,0.0612,0.5000,160.0241,-0.0006,-9.1466,-255.5775,2.5518,45.0862,155.8354,21.5312
14697,-14.7447,0.0634,0.5000,160.2391,-0.0006,-9.0849,-257.6243,2.5317,45.1421,155.8641,21.2816
14699,-14.6151,0.0656,0.5000,160.4592,-0.0005,-9.0231,-259.6123,2.5108,45.2005,155.9156,21.0266
14701,-14.4815,0.0676,0.5000,160.6842,-0.0005,-8.9614,-261.5347,2.4891,45.2614,155.9895,20.7669
14703,-14.3439,0.0695,0.5000,160.9139,-0.0005,-8.8998,-263.3848,2.4667,45.3247,156.0853,20.5033
14705,-14.2027,0.0712,0.5000,161.1480,-0.0005,-8.8382,-265.1564,2.4438,45.3902,156.2026,20.2364
14707,-14.0582,0.0729,0.5000,161.3861,-0.0005,-8.7767,-266.8433,2.4202,45.4578,156.3408,19.9671
14709,-13.9106,0.0744,0.5000,161.6281,-0.0004,-8.7154,-268.4400,2.3963,45.5274,156.4994,19.6959
14711,-13.7602,0.0757,0.5000,161.8735,-0.0004,-8.6541,-269.9411,2.3719,45.5989,156.6778,19.4237
14713,-13.6073,0.0769,0.5000,162.1220,-0.0004,-8.5930,-271.3419,2.3472,45.6720,156.8753,19.1511
14715,-13.4523,0.0779,0.5000,162.3733,-0.0004,-8.5321,-272.6381,2.3222,45.7468,157.0911,18.8788
14717,-13.2955,0.0787,0.5000,162.6271,-0.0004,-8.4714,-273.8259,2.2971,45.8230,157.3246,18.6075
14719,-13.1372,0.0794,0.5000,162.8829,-0.0003,-8.4108,-274.9019,2.2718,45.9005,157.5750,18.3377
14721,-12.9778,0.0799,0.5000,163.1405,-0.0003,-8.3506,-275.8635,2.2465,45.9791,157.8413,18.0701
14723,-12.8175,0.0802,0.5000,163.3993,-0.0003,-8.2905,-276.7084,2.2212,46.0587,158.1229,17.8053
14725,-12.6568,0.0804,0.5000,163.6592,-0.0003,-8.2308,-277.4346,2.1959,46.1390,158.4188,17.5438
14727,-12.4959,0.0804,0.5000,163.9196,-0.0003,-8.1714,-278.0410,2.1708,46.2200,158.7281,17.2861
14729,-12.3352,0.0803,0.5000,164.1801,-0.0003,-8.1123,-278.5267,2.1459,46.3015,159.0500,17.0327
14731,-12.1751,0.0799,0.5000,164.4405,-0.0003,-8.0536,-278.8911,2.1213,46.3833,159.3834,16.7840
14733,-12.0159,0.0794,0.5000,164.7002,-0.0002,-7.9952,-279.1341,2.0969,46.4652,159.7274,16.5404
14735,-11.8579,0.0788,0.5000,164.9590,-0.0002,-7.9373,-279.2560,2.0728,46.5471,160.0811,16.3023
14737,-11.7014,0.0779,0.5000,165.2164,-0.0002,-7.8798,-279.2571,2.0492,46.6289,160.4434,16.0701
14739,-11.5467,0.0769,0.5000,165.4720,-0.0002,-7.8228,-279.1382,2.0259,46.7103,160.8135,15.8441
14741,-11.3942,0.0758,0.5000,165.7255,-0.0002,-7.7662,-278.9004,2.0031,46.7912,161.1902,15.6245
14743,-11.2442,0.0745,0.5000,165.9765,-0.0002,-7.7102,-278.5446,1.9808,46.8714,161.5727,15.4115
14745,-11.0969,0.0731,0.5000,166.2247,-0.0002,-7.6546,-278.0722,1.9590,46.9509,161.9599,15.2055
14747,-10.9526,0.0715,0.5000,166.4697,-0.0002,-7.5996,-277.4846,1.9378,47.0294,162.3508,15.0066
14749,-10.8117,0.0698,0.5000,166.7111,-0.0002,-7.5452,-276.7835,1.9170,47.1068,162.7444,14.8149
14751,-10.6744,0.0680,0.5000,166.9487,-0.0002,-7.4914,-275.9705,1.8969,47.1830,163.1397,14.6307
14753,-10.5409,0.0660,0.5000,167.1820,-0.0001,-7.4381,-275.0475,1.8773,47.2578,163.5357,14.4539
14755,-10.4114,0.0639,0.5000,167.4109,-0.0001,-7.3855,-274.0163,1.8583,47.3311,163.9314,14.2848
14757,-10.2863,0.0617,0.5000,167.6350,-0.0001,-7.3335,-272.8791,1.8400,47.4027,164.3259,14.1235
14759,-10.1658,0.0594,0.5000,167.8540,-0.0001,-7.2821,-271.6380,1.8222,47.4726,164.7182,13.9699
14761,-10.0500,0.0570,0.5000,168.0676,-0.0001,-7.2314,-270.2953,1.8051,47.5406,165.1072,13.8242
14763,-9.9392,0.0545,0.5000,168.2756,-0.0001,-7.1814,-268.8535,1.7886,47.6067,165.4921,13.6864
14765,-9.8335,0.0518,0.5000,168.4778,-0.0001,-7.1320,-267.3152,1.7728,47.6706,165.8719,13.5565
14767,-9.7332,0.0491,0.5000,168.6739,-0.0001,-7.0834,-265.6830,1.7575,47.7323,166.2457,13.4346
14769,-9.6385,0.0463,0.5000,168.8636,-0.0001,-7.0354,-263.9600,1.7429,47.7917,166.6126,13.3206
14771,-9.5493,0.0435,0.5000,169.0468,-0.0001,-6.9881,-262.1491,1.7290,47.8488,166.9716,13.2146
14773,-9.4661,0.0405,0.5000,169.2233,-0.0001,-6.9415,-260.2536,1.7156,47.9033,167.3219,13.1166
14775,-9.3887,0.0375,0.5000,169.3928,-0.0001,-6.8957,-258.2767,1.7030,47.9552,167.6626,13.0266
14777,-9.3175,0.0345,0.5000,169.5553,-0.0001,-6.8505,-256.2221,1.6909,48.0045,167.9929,12.9445
14779,-9.2524,0.0314,0.5000,169.7104,-0.0001,-6.8061,-254.0933,1.6795,48.0511,168.3120,12.8703
14781,-9.1937,0.0282,0.5000,169.8582,-0.0001,-6.7623,-251.8942,1.6687,48.0948,168.6191,12.8041
14783,-9.1413,0.0250,0.5000,169.9984,-0.0001,-6.7193,-249.6286,1.6586,48.1357,168.9134,12.7458
14785,-9.0954,0.0217,0.5000,170.1309,-0.0001,-6.6770,-247.3005,1.6491,48.1736,169.1942,12.6954
14787,-9.0560,0.0185,0.5000,170.2556,-0.0001,-6.6354,-244.9142,1.6403,48.2085,169.4607,12.6529
14789,-9.0231,0.0152,0.5000,170.3724,-0.0001,-6.5945,-242.4739,1.6321,48.2404,169.7123,12.6182
14791,-8.9969,0.0119,0.5000,170.4812,-0.0001,-6.5543,-239.9837,1.6245,48.2692,169.9483,12.5913
14793,-8.9773,0.0085,0.5000,170.5819,-0.0001,-6.5148,-237.4481,1.6177,48.2949,170.1681,12.5722
14795,-8.9644,0.0052,0.5000,170.6745,-0.0001,-6.4760,-234.8715,1.6114,48.3174,170.3711,12.5609
14797,-8.9581,0.0019,0.5000,170.7588,-0.0001,-6.4379,-232.2584,1.6058,48.3366,170.5567,12.5573
14799,-8.9585,-0.0014,0.5000,170.8348,-0.0001,-6.4004,-229.6133,1.6009,48.3527,170.7245,12.5614
14801,-8.9655,-0.0047,0.5000,170.9026,-0.0000,-6.3636,-226.9407,1.5966,48.3655,170.8738,12.5733
14803,-8.9791,-0.0080,0.5000,170.9619,-0.0001,-6.3275,-224.2452,1.5931,48.3750,171.0043,12.5928
14805,-8.9992,-0.0113,0.5000,171.0129,-0.0001,-6.3021,-222.3109,1.5909,48.3798,171.0856,12.6114
14807,-9.0258,-0.0145,0.5000,171.0556,-0.0002,-6.2523,-218.4210,1.5877,48.3843,171.2182,12.6602
14809,-9.0589,-0.0177,0.5000,171.0898,-0.0001,-6.2346,-217.0111,1.5869,48.3843,171.2561,12.6817
14811,-9.0983,-0.0209,0.5000,171.1157,-0.0001,-6.1997,-214.1871,1.5858,48.3816,171.3157,12.7307
14813,-9.1441,-0.0240,0.5000,171.1333,-0.0002,-6.1655,-211.3620,1.5854,48.3755,171.3534,12.7878
14815,-9.1960,-0.0271,0.5000,171.1426,-0.0001,-6.1319,-208.5411,1.5858,48.3659,171.3690,12.8529
14817,-9.2539,-0.0301,0.5000,171.1436,-0.0000,-6.0990,-205.7295,1.5870,48.3528,171.3622,12.9260
14819,-9.3179,-0.0331,0.5000,171.1364,-0.0001,-6.0666,-202.9324,1.5889,48.3362,171.3328,13.0071
14821,-9.3877,-0.0360,0.5000,171.1211,-0.0001,-6.0348,-200.1552,1.5917,48.3163,171.2806,13.0962
14823,-9.4632,-0.0388,0.5000,171.0977,-0.0000,-6.0036,-197.4033,1.5952,48.2930,171.2056,13.1933
14825,-9.5442,-0.0416,0.5000,171.0663,-0.0001,-5.9770,-195.0434,1.5989,48.2700,171.1220,13.2838
14827,-9.6307,-0.0442,0.5000,171.0270,-0.0001,-5.9548,-193.0678,1.6025,48.2487,171.0378,13.3649
14829,-9.7225,-0.0468,0.5000,170.9800,-0.0001,-5.9221,-190.1446,1.6087,48.2134,170.8884,13.4946
14831,-9.8193,-0.0494,0.5000,170.9253,-0.0001,-5.8900,-187.2763,1.6159,48.1742,170.7114,13.6337
14833,-9.9211,-0.0518,0.5000,170.8631,-0.0001,-5.8558,-184.2244,1.6248,48.1273,170.4873,13.7958
14835,-10.0276,-0.0541,0.5000,170.7935,-0.0001,-5.8389,-182.7290,1.6297,48.1022,170.3630,13.8809
14837,-10.1386,-0.0563,0.5000,170.7166,-0.0001,-5.7955,-178.9165,1.6441,48.0312,169.9994,14.1171
14839,-10.2539,-0.0585,0.5000,170.6327,-0.0001,-5.7692,-176.6432,1.6540,47.9837,169.7472,14.2724
14841,-10.3734,-0.0605,0.5000,170.5419,-0.0001,-5.7433,-174.4405,1.6647,47.9336,169.4745,14.4346
14843,-10.4967,-0.0624,0.5000,170.4443,-0.0001,-5.7178,-172.3133,1.6762,47.8809,169.1817,14.6037
14845,-10.6238,-0.0642,0.5000,170.3402,-0.0001,-5.6927,-170.2663,1.6884,47.8257,168.8690,14.7794
14847,-10.7542,-0.0658,0.5000,170.2298,-0.0001,-5.6680,-168.3042,1.7015,47.7682,168.5371,14.9618
14849,-10.8878,-0.0674,0.5000,170.1133,-0.0002,-5.6436,-166.4315,1.7153,47.7084,168.1862,15.1505
14851,-11.0244,-0.0688,0.5000,169.9909,-0.0002,-5.6196,-164.6524,1.7300,47.6464,167.8170,15.3454
14853,-11.1636,-0.0701,0.5000,169.8629,-0.0002,-5.5959,-162.9711,1.7454,47.5823,167.4300,15.5464
14855,-11.3053,-0.0712,0.5000,169.7295,-0.0002,-5.5725,-161.3913,1.7615,47.5163,167.0257,15.7531
14857,-11.4490,-0.0723,0.5000,169.5910,-0.0002,-5.5494,-159.9165,1.7784,47.4485,166.6049,15.9655
14859,-11.5947,-0.0731,0.5000,169.4477,-0.0002,-5.5266,-158.5502,1.7961,47.3790,166.1682,16.1830
14861,-11.7419,-0.0739,0.5000,169.2999,-0.0002,-5.5041,-157.2949,1.8144,47.3079,165.7163,16.4056
14863,-11.8905,-0.0745,0.5000,169.1479,-0.0002,-5.4819,-156.1533,1.8335,47.2353,165.2499,16.6329
14865,-12.0401,-0.0749,0.5000,168.9920,-0.0002,-5.4600,-155.1275,1.8532,47.1615,164.7699,16.8644
14867,-12.1904,-0.0753,0.5000,168.8325,-0.0002,-5.4383,-154.2189,1.8736,47.0866,164.2771,17.1000
14869,-12.3411,-0.0754,0.5000,168.6698,-0.0002,-5.4168,-153.4287,1.8946,47.0106,163.7723,17.3391
14871,-12.4920,-0.0754,0.5000,168.5042,-0.0002,-5.3956,-152.7576,1.9162,46.9338,163.2563,17.5814
14873,-12.6427,-0.0753,0.5000,168.3362,-0.0003,-5.3746,-152.2057,1.9384,46.8563,162.7300,17.8264
14875,-12.7930,-0.0750,0.5000,168.1660,-0.0003,-5.3538,-151.7725,1.9611,46.7782,162.1944,18.0738
14877,-12.9426,-0.0746,0.5000,167.9941,-0.0003,-5.3332,-151.4571,1.9842,46.6998,161.6504,18.3229
14879,-13.0912,-0.0741,0.5000,167.8208,-0.0003,-5.3129,-151.2581,2.0078,46.6211,161.0988,18.5733
14881,-13.2385,-0.0734,0.5000,167.6466,-0.0003,-5.2927,-151.1736,2.0319,46.5424,160.5407,18.8245
14883,-13.3843,-0.0726,0.5000,167.4719,-0.0003,-5.2727,-151.2010,2.0562,46.4637,159.9769,19.0760
14885,-13.5283,-0.0716,0.5000,167.2971,-0.0003,-5.2529,-151.3375,2.0809,46.3853,159.4084,19.3273
14887,-13.6702,-0.0705,0.5000,167.1226,-0.0004,-5.2332,-151.5798,2.1058,46.3073,158.8361,19.5777
14889,-13.8098,-0.0693,0.5000,166.9487,-0.0004,-5.2137,-151.9242,2.1309,46.2299,158.2610,19.8268
14891,-13.9469,-0.0680,0.5000,166.7760,-0.0004,-5.1944,-152.3668,2.1562,46.1532,157.6838,20.0740
14893,-14.0812,-0.0666,0.5000,166.6049,-0.0004,-5.1752,-152.9034,2.1815,46.0773,157.1057,20.3188
14895,-14.2125,-0.0651,0.5000,166.4357,-0.0004,-5.1561,-153.5296,2.2069,46.0025,156.5273,20.5605
14897,-14.3405,-0.0634,0.5000,166.2689,-0.0004,-5.1372,-154.2411,2.2323,45.9287,155.9496,20.7986
14899,-14.4652,-0.0617,0.5000,166.1049,-0.0005,-5.1184,-155.0334,2.2576,45.8563,155.3734,21.0326
14901,-14.5863,-0.0599,0.5000,165.9441,-0.0005,-5.0997,-155.9021,2.2827,45.7853,154.7996,21.2620
14903,-14.7037,-0.0580,0.5000,165.7868,-0.0005,-5.0811,-156.8429,2.3076,45.7158,154.2288,21.4862
14905,-14.8171,-0.0560,0.5000,165.6334,-0.0005,-5.0626,-157.8517,2.3323,45.6479,153.6620,21.7047
14907,-14.9265,-0.0539,0.5000,165.4844,-0.0005,-5.0442,-158.9249,2.3567,45.5819,153.0998,21.9170
14909,-15.0317,-0.0518,0.5000,165.3399,-0.0006,-5.0258,-160.0587,2.3807,45.5177,152.5429,22.1227
14911,-15.1325,-0.0496,0.5000,165.2005,-0.0006,-5.0076,-161.2501,2.4042,45.4555,151.9921,22.3211
14913,-15.2289,-0.0473,0.5000,165.0663,-0.0006,-4.9893,-162.4962,2.4273,45.3953,151.4480,22.5120
14915,-15.3207,-0.0450,0.5000,164.9377,-0.0006,-4.9711,-163.7945,2.4498,45.3374,150.9113,22.6948
14917,-15.4078,-0.0427,0.5000,164.8149,-0.0007,-4.9530,-165.1428,2.4718,45.2816,150.3827,22.8691
14919,-15.4902,-0.0403,0.5000,164.6983,-0.0006,-4.9349,-166.5392,2.4931,45.2282,149.8627,23.0346
14921,-15.5677,-0.0378,0.5000,164.5880,-0.0007,-4.9168,-167.9826,2.5136,45.1772,149.3519,23.1907
14923,-15.6403,-0.0353,0.5000,164.4843,-0.0007,-4.8987,-169.4715,2.5335,45.1287,148.8510,23.3372
14925,-15.7078,-0.0328,0.5000,164.3874,-0.0007,-4.8805,-171.0051,2.5526,45.0827,148.3606,23.4737
14927,-15.7702,-0.0302,0.5000,164.2975,-0.0007,-4.8624,-172.5826,2.5708,45.0393,147.8811,23.5999
14929,-15.8275,-0.0276,0.5000,164.2147,-0.0007,-4.8443,-174.2036,2.5881,44.9985,147.4131,23.7153
14931,-15.8795,-0.0250,0.5000,164.1391,-0.0007,-4.8261,-175.8675,2.6046,44.9605,146.9572,23.8198
14933,-15.9262,-0.0223,0.5000,164.0710,-0.0008,-4.8079,-177.5740,2.6200,44.9252,146.5139,23.9130
14935,-15.9675,-0.0196,0.5000,164.0103,-0.0008,-4.7897,-179.3227,2.6345,44.8926,146.0838,23.9947
14937,-16.0034,-0.0169,0.5000,163.9573,-0.0008,-4.7714,-181.1133,2.6479,44.8630,145.6672,24.0647
14939,-16.0338,-0.0142,0.5000,163.9120,-0.0008,-4.7530,-182.9454,2.6603,44.8362,145.2648,24.1226
14941,-16.0586,-0.0114,0.5000,163.8744,-0.0008,-4.7346,-184.8185,2.6716,44.8123,144.8769,24.1683
14943,-16.0778,-0.0086,0.5000,163.8447,-0.0008,-4.7161,-186.7319,2.6817,44.7914,144.5041,24.2017
14945,-16.0915,-0.0057,0.5000,163.8227,-0.0008,-4.6975,-188.6850,2.6907,44.7734,144.1468,24.2226
14947,-16.0994,-0.0029,0.5000,163.8087,-0.0008,-4.6789,-190.6765,2.6985,44.7585,143.8055,24.2309
14949,-16.1016,-0.0000,0.5000,163.8025,-0.0008,-4.6601,-192.7056,2.7051,44.7465,143.4806,24.2265
14951,-16.0981,0.0028,0.5000,163.8043,-0.0008,-4.6413,-194.7706,2.7105,44.7377,143.1726,24.2093
14953,-16.0888,0.0057,0.5000,163.8139,-0.0008,-4.6223,-196.8699,2.7146,44.7319,142.8817,24.1793
14955,-16.0737,0.0086,0.5000,163.8313,-0.0008,-4.6033,-199.0017,2.7175,44.7292,142.6085,24.1366
14957,-16.0527,0.0116,0.5000,163.8566,-0.0008,-4.5841,-201.1637,2.7192,44.7296,142.3532,24.0811
14959,-16.0260,0.0145,0.5000,163.8896,-0.0008,-4.5649,-203.3535,2.7196,44.7332,142.1163,24.0129
14961,-15.9934,0.0174,0.5000,163.9303,-0.0008,-4.5455,-205.5682,2.7187,44.7398,141.8980,23.9322
14963,-15.9551,0.0203,0.5000,163.9787,-0.0008,-4.5260,-207.8047,2.7165,44.7496,141.6987,23.8392
14965,-15.9109,0.0232,0.5000,164.0347,-0.0008,-4.5064,-210.0596,2.7131,44.7625,141.5186,23.7339
14967,-15.8609,0.0261,0.5000,164.0981,-0.0008,-4.4866,-212.3293,2.7084,44.7785,141.3580,23.6167
14969,-15.8052,0.0289,0.5000,164.1689,-0.0008,-4.4668,-214.6095,2.7024,44.7976,141.2171,23.4878
14971,-15.7439,0.0317,0.5000,164.2470,-0.0007,-4.4468,-216.8961,2.6952,44.8198,141.0961,23.3476
14973,-15.6769,0.0345,0.5000,164.3322,-0.0007,-4.4266,-219.1842,2.6869,44.8451,140.9952,23.1963
14975,-15.6043,0.0373,0.5000,164.4245,-0.0007,-4.4064,-221.4690,2.6773,44.8733,140.9146,23.0344
14977,-15.5263,0.0400,0.5000,164.5236,-0.0007,-4.3860,-223.7451,2.6665,44.9046,140.8542,22.8623
14979,-15.4429,0.0427,0.5000,164.6295,-0.0007,-4.3655,-226.0073,2.6546,44.9389,140.8142,22.6805
14981,-15.3542,0.0453,0.5000,164.7419,-0.0007,-4.3448,-228.2496,2.6417,44.9760,140.7945,22.4895
14983,-15.2604,0.0479,0.5000,164.8606,-0.0007,-4.3240,-230.4663,2.6276,45.0161,140.7952,22.2897
14985,-15.1616,0.0503,0.5000,164.9856,-0.0006,-4.3031,-232.6514,2.6126,45.0589,140.8163,22.0818
14987,-15.0579,0.0527,0.5000,165.1164,-0.0006,-4.2821,-234.7987,2.5966,45.1044,140.8575,21.8663
14989,-14.9496,0.0550,0.5000,165.2531,-0.0006,-4.2609,-236.9020,2.5796,45.1527,140.9188,21.6439
14991,-14.8368,0.0572,0.5000,165.3952,-0.0006,-4.2396,-238.9551,2.5618,45.2035,140.9999,21.4152
14993,-14.7197,0.0593,0.5000,165.5426,-0.0006,-4.2182,-240.9520,2.5432,45.2568,141.1007,21.1808
14995,-14.5985,0.0613,0.5000,165.6950,-0.0005,-4.1967,-242.8866,2.5238,45.3124,141.2208,20.9414
14997,-14.4735,0.0632,0.5000,165.8521,-0.0005,-4.1751,-244.7530,2.5037,45.3704,141.3600,20.6976
14999,-14.3448,0.0650,0.5000,166.0136,-0.0005,-4.1534,-246.5455,2.4830,45.4306,141.5178,20.4502
15001,-14.2128,0.0666,0.5000,166.1793,-0.0005,-4.1316,-248.2589,2.4618,45.4929,141.6939,20.1998
15003,-14.0777,0.0681,0.5000,166.3489,-0.0005,-4.1097,-249.8880,2.4400,45.5571,141.8878,19.9471
15005,-13.9397,0.0695,0.5000,166.5219,-0.0004,-4.0877,-251.4282,2.4178,45.6232,142.0991,19.6928
15007,-13.7992,0.0707,0.5000,166.6982,-0.0004,-4.0657,-252.8751,2.3952,45.6909,142.3271,19.4375
15009,-13.6565,0.0718,0.5000,166.8773,-0.0004,-4.0436,-254.2249,2.3723,45.7603,142.5714,19.1818
15011,-13.5118,0.0727,0.5000,167.0588,-0.0004,-4.0214,-255.4742,2.3492,45.8311,142.8313,18.9265
15013,-13.3655,0.0734,0.5000,167.2426,-0.0004,-3.9993,-256.6199,2.3259,45.9031,143.1061,18.6720
15015,-13.2179,0.0740,0.5000,167.4281,-0.0004,-3.9771,-257.6597,2.3024,45.9763,143.3954,18.4191
15017,-13.0692,0.0745,0.5000,167.6150,-0.0003,-3.9549,-258.5914,2.2789,46.0506,143.6982,18.1681
15019,-12.9198,0.0748,0.5000,167.8030,-0.0003,-3.9326,-259.4135,2.2555,46.1256,144.0140,17.9198
15021,-12.7701,0.0749,0.5000,167.9917,-0.0003,-3.9104,-260.1250,2.2320,46.2014,144.3420,17.6745
15023,-12.6202,0.0749,0.5000,168.1806,-0.0003,-3.8883,-260.7251,2.2087,46.2776,144.6814,17.4327
15025,-12.4706,0.0747,0.5000,168.3695,-0.0003,-3.8661,-261.2135,2.1856,46.3543,145.0314,17.1949
15027,-12.3216,0.0744,0.5000,168.5580,-0.0003,-3.8440,-261.5903,2.1626,46.4312,145.3913,16.9615
15029,-12.1734,0.0739,0.5000,168.7456,-0.0003,-3.8220,-261.8558,2.1400,46.5082,145.7603,16.7329
15031,-12.0264,0.0733,0.5000,168.9321,-0.0002,-3.8000,-262.0107,2.1176,46.5852,146.1375,16.5093
15033,-11.8808,0.0725,0.5000,169.1171,-0.0002,-3.7782,-262.0559,2.0955,46.6619,146.5221,16.2912
15035,-11.7369,0.0716,0.5000,169.3002,-0.0002,-3.7564,-261.9927,2.0738,46.7382,146.9132,16.0788
15037,-11.5951,0.0705,0.5000,169.4810,-0.0002,-3.7347,-261.8222,2.0525,46.8140,147.3102,15.8723
15039,-11.4555,0.0693,0.5000,169.6593,-0.0002,-3.7132,-261.5462,2.0317,46.8892,147.7120,15.6720
15041,-11.3185,0.0680,0.5000,169.8347,-0.0002,-3.6918,-261.1659,2.0113,46.9636,148.1179,15.4781
15043,-11.1843,0.0665,0.5000,170.0069,-0.0002,-3.6706,-260.6834,1.9913,47.0370,148.5269,15.2908
15045,-11.0532,0.0650,0.5000,170.1757,-0.0002,-3.6495,-260.1005,1.9719,47.1094,148.9384,15.1102
15047,-10.9254,0.0633,0.5000,170.3406,-0.0002,-3.6285,-259.4189,1.9529,47.1806,149.3514,14.9365
15049,-10.8010,0.0615,0.5000,170.5014,-0.0002,-3.6078,-258.6408,1.9345,47.2505,149.7650,14.7698
15051,-10.6805,0.0596,0.5000,170.6579,-0.0002,-3.5872,-257.7682,1.9166,47.3190,150.1785,14.6101
15053,-10.5638,0.0576,0.5000,170.8098,-0.0001,-3.5669,-256.8033,1.8993,47.3859,150.5911,14.4576
15055,-10.4514,0.0554,0.5000,170.9568,-0.0001,-3.5467,-255.7481,1.8825,47.4512,151.0018,14.3123
15057,-10.3432,0.0532,0.5000,171.0987,-0.0001,-3.5268,-254.6050,1.8662,47.5148,151.4100,14.1743
15059,-10.2396,0.0510,0.5000,171.2353,-0.0001,-3.5070,-253.3763,1.8506,47.5764,151.8147,14.0437
15061,-10.1406,0.0486,0.5000,171.3665,-0.0001,-3.4875,-252.0645,1.8355,47.6361,152.2152,13.9203
15063,-10.0465,0.0461,0.5000,171.4919,-0.0001,-3.4683,-250.6719,1.8209,47.6938,152.6107,13.8044
15065,-9.9574,0.0436,0.5000,171.6114,-0.0001,-3.4493,-249.2013,1.8070,47.7493,153.0005,13.6958
15067,-9.8734,0.0410,0.5000,171.7248,-0.0001,-3.4305,-247.6552,1.7936,47.8026,153.3837,13.5947
15069,-9.7947,0.0384,0.5000,171.8321,-0.0001,-3.4119,-246.0365,1.7808,47.8536,153.7596,13.5010
15071,-9.7213,0.0357,0.5000,171.9329,-0.0001,-3.3936,-244.3479,1.7686,47.9022,154.1275,13.4146
15073,-9.6534,0.0329,0.5000,172.0273,-0.0001,-3.3756,-242.5925,1.7569,47.9484,154.4867,13.3357
15075,-9.5911,0.0301,0.5000,172.1150,-0.0001,-3.3578,-240.7733,1.7459,47.9921,154.8365,13.2641
15077,-9.5344,0.0273,0.5000,172.1959,-0.0001,-3.3403,-238.8935,1.7354,48.0332,155.1762,13.1999
15079,-9.4835,0.0244,0.5000,172.2700,-0.0001,-3.3231,-236.9564,1.7255,48.0716,155.5051,13.1430
15081,-9.4384,0.0215,0.5000,172.3372,-0.0001,-3.3061,-234.9651,1.7162,48.1074,155.8226,13.0935
15083,-9.3992,0.0185,0.5000,172.3973,-0.0001,-3.2893,-232.9233,1.7074,48.1405,156.1280,13.0512
15085,-9.3659,0.0156,0.5000,172.4503,-0.0001,-3.2729,-230.8343,1.6993,48.1707,156.4209,13.0163
15087,-9.3385,0.0126,0.5000,172.4962,-0.0001,-3.2567,-228.7018,1.6917,48.1982,156.7005,12.9886
15089,-9.3171,0.0096,0.5000,172.5348,-0.0001,-3.2407,-226.5294,1.6848,48.2228,156.9664,12.9682
15091,-9.3016,0.0066,0.5000,172.5662,-0.0001,-3.2251,-224.3208,1.6784,48.2445,157.2179,12.9549
15093,-9.2922,0.0036,0.5000,172.5902,-0.0001,-3.2096,-222.0798,1.6727,48.2633,157.4547,12.9489
15095,-9.2887,0.0006,0.5000,172.6069,-0.0001,-3.1945,-219.8101,1.6675,48.2792,157.6762,12.9500
15097,-9.2913,-0.0024,0.5000,172.6163,-0.0001,-3.1796,-217.5157,1.6630,48.2921,157.8820,12.9582
15099,-9.2997,-0.0053,0.5000,172.6183,-0.0001,-3.1649,-215.2004,1.6591,48.3021,158.0716,12.9736
15101,-9.3141,-0.0083,0.5000,172.6130,-0.0001,-3.1505,-212.8681,1.6558,48.3090,158.2447,12.9961
15103,-9.3343,-0.0112,0.5000,172.6003,-0.0001,-3.1364,-210.5229,1.6531,48.3130,158.4008,13.0256
15105,-9.3604,-0.0141,0.5000,172.5803,-0.0001,-3.1225,-208.1687,1.6510,48.3140,158.5397,13.0622
15107,-9.3922,-0.0170,0.5000,172.5530,-0.0001,-3.1088,-205.8097,1.6496,48.3121,158.6611,13.1058
15109,-9.4298,-0.0198,0.5000,172.5184,-0.0001,-3.0954,-203.4498,1.6489,48.3071,158.7645,13.1564
15111,-9.4729,-0.0226,0.5000,172.4766,-0.0001,-3.0822,-201.0932,1.6488,48.2992,158.8499,13.2140
15113,-9.5215,-0.0254,0.5000,172.4277,-0.0001,-3.0693,-198.7440,1.6493,48.2883,158.9170,13.2786
15115,-9.5756,-0.0280,0.5000,172.3716,-0.0001,-3.0565,-196.4064,1.6505,48.2745,158.9655,13.3500
15117,-9.6350,-0.0307,0.5000,172.3085,-0.0001,-3.0440,-194.0846,1.6524,48.2578,158.9954,13.4284
15119,-9.6996,-0.0333,0.5000,172.2385,-0.0001,-3.0317,-191.7828,1.6550,48.2382,159.0065,13.5135
15121,-9.7693,-0.0358,0.5000,172.1616,-0.0001,-3.0197,-189.5053,1.6582,48.2157,158.9987,13.6055
15123,-9.8440,-0.0382,0.5000,172.0779,-0.0001,-3.0078,-187.2564,1.6621,48.1905,158.9720,13.7043
15125,-9.9235,-0.0406,0.5000,171.9876,-0.0001,-2.9961,-185.0402,1.6668,48.1624,158.9263,13.8098
15127,-10.0077,-0.0429,0.5000,171.8907,-0.0001,-2.9847,-182.8613,1.6721,48.1317,158.8617,13.9220
15129,-10.0963,-0.0452,0.5000,171.7874,-0.0001,-2.9734,-180.7237,1.6781,48.0983,158.7782,14.0408
15131,-10.1894,-0.0473,0.5000,171.6778,-0.0001,-2.9623,-178.6319,1.6849,48.0622,158.6759,14.1661
15133,-10.2866,-0.0494,0.5000,171.5620,-0.0001,-2.9515,-176.5901,1.6923,48.0236,158.5549,14.2979
15135,-10.3879,-0.0514,0.5000,171.4402,-0.0001,-2.9407,-174.6026,1.7005,47.9825,158.4154,14.4361
15137,-10.4930,-0.0532,0.5000,171.3126,-0.0001,-2.9302,-172.6734,1.7094,47.9390,158.2576,14.5805
15139,-10.6018,-0.0550,0.5000,171.1794,-0.0001,-2.9198,-170.8069,1.7189,47.8931,158.0817,14.7312
15141,-10.7139,-0.0567,0.5000,171.0406,-0.0001,-2.9096,-169.0069,1.7292,47.8449,157.8879,14.8879
15143,-10.8294,-0.0583,0.5000,170.8966,-0.0001,-2.8996,-167.2776,1.7402,47.7945,157.6767,15.0505
15145,-10.9479,-0.0598,0.5000,170.7474,-0.0002,-2.8897,-165.6226,1.7520,47.7421,157.4483,15.2189
15147,-11.0692,-0.0611,0.5000,170.5934,-0.0002,-2.8800,-164.0457,1.7644,47.6876,157.2031,15.3929
15149,-11.1930,-0.0624,0.5000,170.4347,-0.0002,-2.8704,-162.5504,1.7775,47.6312,156.9416,15.5724
15151,-11.3193,-0.0635,0.5000,170.2715,-0.0002,-2.8610,-161.1400,1.7913,47.5729,156.6642,15.7571
15153,-11.4477,-0.0646,0.5000,170.1042,-0.0002,-2.8517,-159.8176,1.8057,47.5130,156.3713,15.9468
15155,-11.5779,-0.0655,0.5000,169.9329,-0.0002,-2.8425,-158.5860,1.8209,47.4514,156.0636,16.1413
15157,-11.7099,-0.0662,0.5000,169.7579,-0.0002,-2.8335,-157.4479,1.8367,47.3883,155.7415,16.3403
15159,-11.8432,-0.0669,0.5000,169.5795,-0.0002,-2.8246,-156.4054,1.8531,47.3239,155.4057,16.5437
15161,-11.9777,-0.0674,0.5000,169.3980,-0.0002,-2.8158,-155.4607,1.8701,47.2582,155.0567,16.7509
15163,-12.1131,-0.0678,0.5000,169.2136,-0.0002,-2.8071,-154.6152,1.8877,47.1913,154.6953,16.9619
15165,-12.2492,-0.0681,0.5000,169.0267,-0.0002,-2.7986,-153.8703,1.9059,47.1234,154.3220,17.1762
15167,-12.3856,-0.0683,0.5000,168.8376,-0.0002,-2.7901,-153.2268,1.9246,47.0547,153.9376,17.3935
15169,-12.5222,-0.0683,0.5000,168.6466,-0.0003,-2.7818,-152.6851,1.9439,46.9852,153.5427,17.6135
15171,-12.6587,-0.0682,0.5000,168.4540,-0.0003,-2.7736,-152.2455,1.9636,46.9151,153.1382,17.8356
15173,-12.7949,-0.0680,0.5000,168.2601,-0.0003,-2.7654,-151.9076,1.9838,46.8445,152.7247,18.0597
15175,-12.9304,-0.0676,0.5000,168.0653,-0.0003,-2.7574,-151.6706,2.0044,46.7736,152.3030,18.2851
15177,-13.0651,-0.0672,0.5000,167.8700,-0.0003,-2.7495,-151.5334,2.0254,46.7024,151.8739,18.5116
15179,-13.1987,-0.0666,0.5000,167.6745,-0.0003,-2.7416,-151.4945,2.0467,46.6312,151.4382,18.7386
15181,-13.3310,-0.0659,0.5000,167.4791,-0.0003,-2.7339,-151.5521,2.0683,46.5601,150.9966,18.9657
15183,-13.4617,-0.0650,0.5000,167.2843,-0.0003,-2.7262,-151.7039,2.0902,46.4892,150.5500,19.1925
15185,-13.5906,-0.0641,0.5000,167.0903,-0.0004,-2.7186,-151.9474,2.1123,46.4186,150.0990,19.4185
15187,-13.7175,-0.0631,0.5000,166.8975,-0.0004,-2.7111,-152.2799,2.1346,46.3485,149.6445,19.6431
15189,-13.8422,-0.0619,0.5000,166.7064,-0.0004,-2.7036,-152.6983,2.1570,46.2790,149.1873,19.8660
15191,-13.9645,-0.0607,0.5000,166.5172,-0.0004,-2.6963,-153.1995,2.1795,46.2102,148.7281,20.0867
15193,-14.0842,-0.0593,0.5000,166.3303,-0.0004,-2.6889,-153.7801,2.2020,46.1423,148.2676,20.3046
15195,-14.2011,-0.0579,0.5000,166.1462,-0.0004,-2.6817,-154.4367,2.2245,46.0755,147.8067,20.5193
15197,-14.3150,-0.0564,0.5000,165.9650,-0.0004,-2.6745,-155.1660,2.2470,46.0097,147.3460,20.7304
15199,-14.4257,-0.0548,0.5000,165.7871,-0.0005,-2.6673,-155.9646,2.2693,45.9451,146.8862,20.9373
15201,-14.5332,-0.0531,0.5000,165.6130,-0.0005,-2.6602,-156.8290,2.2914,45.8819,146.4281,21.1396
15203,-14.6372,-0.0513,0.5000,165.4429,-0.0005,-2.6531,-157.7562,2.3133,45.8201,145.9723,21.3369
15205,-14.7376,-0.0495,0.5000,165.2770,-0.0005,-2.6461,-158.7431,2.3350,45.7599,145.5195,21.5287
15207,-14.8343,-0.0476,0.5000,165.1158,-0.0005,-2.6391,-159.7867,2.3563,45.7013,145.0703,21.7146
15209,-14.9271,-0.0457,0.5000,164.9595,-0.0005,-2.6321,-160.8845,2.3773,45.6445,144.6254,21.8942
15211,-15.0160,-0.0437,0.5000,164.8083,-0.0006,-2.6251,-162.0341,2.3978,45.5895,144.1854,22.0671
15213,-15.1008,-0.0416,0.5000,164.6626,-0.0006,-2.6181,-163.2331,2.4179,45.5364,143.7509,22.2329
15215,-15.1814,-0.0395,0.5000,164.5225,-0.0006,-2.6112,-164.4797,2.4374,45.4852,143.3225,22.3911
15217,-15.2578,-0.0374,0.5000,164.3882,-0.0006,-2.6042,-165.7722,2.4564,45.4362,142.9007,22.5416
15219,-15.3298,-0.0352,0.5000,164.2601,-0.0006,-2.5973,-167.1089,2.4748,45.3892,142.4861,22.6838
15221,-15.3974,-0.0329,0.5000,164.1383,-0.0006,-2.5903,-168.4887,2.4926,45.3445,142.0792,22.8175
15223,-15.4604,-0.0307,0.5000,164.0229,-0.0007,-2.5833,-169.9103,2.5097,45.3020,141.6806,22.9424
15225,-15.5189,-0.0284,0.5000,163.9141,-0.0007,-2.5763,-171.3727,2.5260,45.2619,141.2908,23.0582
15227,-15.5726,-0.0260,0.5000,163.8120,-0.0007,-2.5693,-172.8751,2.5416,45.2241,140.9103,23.1645
15229,-15.6217,-0.0236,0.5000,163.7169,-0.0007,-2.5622,-174.4167,2.5564,45.1887,140.5396,23.2611
15231,-15.6659,-0.0212,0.5000,163.6287,-0.0007,-2.5551,-175.9966,2.5704,45.1558,140.1791,23.3478
15233,-15.7053,-0.0188,0.5000,163.5477,-0.0007,-2.5480,-177.6142,2.5835,45.1254,139.8294,23.4243
15235,-15.7398,-0.0163,0.5000,163.4738,-0.0007,-2.5408,-179.2687,2.5957,45.0975,139.4909,23.4905
15237,-15.7693,-0.0138,0.5000,163.4072,-0.0007,-2.5335,-180.9593,2.6070,45.0723,139.1641,23.5461
15239,-15.7938,-0.0113,0.5000,163.3478,-0.0007,-2.5263,-182.6852,2.6173,45.0496,138.8494,23.5909
15241,-15.8133,-0.0088,0.5000,163.2958,-0.0007,-2.5189,-184.4453,2.6266,45.0296,138.5472,23.6249
15243,-15.8277,-0.0062,0.5000,163.2512,-0.0007,-2.5115,-186.2386,2.6350,45.0123,138.2579,23.6478
15245,-15.8370,-0.0037,0.5000,163.2140,-0.0008,-2.5041,-188.0639,2.6423,44.9977,137.9820,23.6597
15247,-15.8411,-0.0011,0.5000,163.1841,-0.0008,-2.4965,-189.9198,2.6485,44.9858,137.7198,23.6604
15249,-15.8400,0.0015,0.5000,163.1617,-0.0008,-2.4889,-191.8047,2.6537,44.9767,137.4718,23.6498
15251,-15.8338,0.0041,0.5000,163.1466,-0.0008,-2.4813,-193.7169,2.6579,44.9704,137.2382,23.6281
15253,-15.8223,0.0067,0.5000,163.1389,-0.0008,-2.4735,-195.6545,2.6609,44.9668,137.0194,23.5951
15255,-15.8056,0.0093,0.5000,163.1385,-0.0008,-2.4657,-197.6151,2.6628,44.9660,136.8158,23.5509
15257,-15.7837,0.0119,0.5000,163.1454,-0.0007,-2.4578,-199.5966,2.6637,44.9680,136.6276,23.4956
15259,-15.7566,0.0145,0.5000,163.1594,-0.0007,-2.4498,-201.5961,2.6634,44.9728,136.4551,23.4293
15261,-15.7243,0.0171,0.5000,163.1806,-0.0007,-2.4417,-203.6109,2.6621,44.9805,136.2986,23.3521
15263,-15.6869,0.0197,0.5000,163.2088,-0.0007,-2.4336,-205.6378,2.6596,44.9909,136.1584,23.2642
15265,-15.6443,0.0223,0.5000,163.2440,-0.0007,-2.4254,-207.6736,2.6560,45.0041,136.0347,23.1658
15267,-15.5966,0.0248,0.5000,163.2861,-0.0007,-2.4170,-209.7146,2.6514,45.0201,135.9276,23.0571
15269,-15.5438,0.0273,0.5000,163.3349,-0.0007,-2.4086,-211.7569,2.6456,45.0388,135.8373,22.9384
15271,-15.4861,0.0298,0.5000,163.3903,-0.0007,-2.4001,-213.7967,2.6389,45.0603,135.7640,22.8100
15273,-15.4234,0.0322,0.5000,163.4522,-0.0007,-2.3915,-215.8296,2.6310,45.0845,135.7078,22.6723
15275,-15.3559,0.0346,0.5000,163.5205,-0.0007,-2.3828,-217.8511,2.6222,45.1114,135.6688,22.5255
15277,-15.2836,0.0370,0.5000,163.5950,-0.0007,-2.3740,-219.8568,2.6124,45.1409,135.6470,22.3700
15279,-15.2068,0.0393,0.5000,163.6756,-0.0006,-2.3651,-221.8417,2.6016,45.1729,135.6424,22.2064
15281,-15.1253,0.0415,0.5000,163.7620,-0.0006,-2.3561,-223.8010,2.5899,45.2076,135.6551,22.0350
15283,-15.0395,0.0437,0.5000,163.8541,-0.0006,-2.3471,-225.7298,2.5772,45.2447,135.6849,21.8562
15285,-14.9495,0.0458,0.5000,163.9516,-0.0006,-2.3379,-227.6228,2.5638,45.2843,135.7319,21.6707
15287,-14.8553,0.0478,0.5000,164.0545,-0.0006,-2.3287,-229.4751,2.5495,45.3262,135.7959,21.4789
15289,-14.7572,0.0498,0.5000,164.1624,-0.0006,-2.3194,-231.2815,2.5344,45.3704,135.8766,21.2813
15291,-14.6553,0.0516,0.5000,164.2752,-0.0005,-2.3099,-233.0371,2.5186,45.4168,135.9740,21.0784
15293,-14.5499,0.0534,0.5000,164.3925,-0.0005,-2.3004,-234.7368,2.5022,45.4654,136.0879,20.8709
15295,-14.4410,0.0550,0.5000,164.5142,-0.0005,-2.2909,-236.3758,2.4851,45.5160,136.2178,20.6593
15297,-14.3291,0.0566,0.5000,164.6400,-0.0005,-2.2812,-237.9495,2.4674,45.5685,136.3637,20.4441
15299,-14.2141,0.0580,0.5000,164.7696,-0.0005,-2.2715,-239.4533,2.4492,45.6229,136.5250,20.2260
15301,-14.0965,0.0593,0.5000,164.9027,-0.0005,-2.2617,-240.8832,2.4305,45.6790,136.7014,20.0055
15303,-13.9763,0.0605,0.5000,165.0391,-0.0004,-2.2518,-242.2352,2.4114,45.7368,136.8926,19.7831
15305,-13.8540,0.0616,0.5000,165.1785,-0.0004,-2.2418,-243.5056,2.3920,45.7961,137.0981,19.5595
15307,-13.7296,0.0625,0.5000,165.3204,-0.0004,-2.2319,-244.6910,2.3722,45.8568,137.3175,19.3352
15309,-13.6035,0.0633,0.5000,165.4648,-0.0004,-2.2218,-245.7887,2.3522,45.9188,137.5501,19.1107
15311,-13.4760,0.0640,0.5000,165.6111,-0.0004,-2.2117,-246.7959,2.3319,45.9819,137.7956,18.8866
15313,-13.3473,0.0646,0.5000,165.7591,-0.0004,-2.2016,-247.7105,2.3116,46.0461,138.0533,18.6634
15315,-13.2177,0.0650,0.5000,165.9086,-0.0003,-2.1914,-248.5305,2.2911,46.1111,138.3227,18.4415
15317,-13.0874,0.0652,0.5000,166.0590,-0.0003,-2.1812,-249.2546,2.2706,46.1769,138.6031,18.2215
15319,-12.9567,0.0654,0.5000,166.2102,-0.0003,-2.1710,-249.8815,2.2501,46.2434,138.8940,18.0037
15321,-12.8260,0.0654,0.5000,166.3618,-0.0003,-2.1608,-250.4106,2.2296,46.3104,139.1947,17.7887
15323,-12.6954,0.0652,0.5000,166.5135,-0.0003,-2.1505,-250.8415,2.2093,46.3777,139.5046,17.5768
15325,-12.5653,0.0649,0.5000,166.6649,-0.0003,-2.1402,-251.1740,2.1890,46.4453,139.8230,17.3684
15327,-12.4359,0.0645,0.5000,166.8157,-0.0003,-2.1300,-251.4083,2.1690,46.5129,140.1491,17.1639
15329,-12.3075,0.0640,0.5000,166.9656,-0.0003,-2.1197,-251.5449,2.1491,46.5805,140.4824,16.9635
15331,-12.1803,0.0633,0.5000,167.1143,-0.0002,-2.1095,-251.5846,2.1295,46.6480,140.8220,16.7677
15333,-12.0546,0.0625,0.5000,167.2614,-0.0002,-2.0993,-251.5283,2.1102,46.7151,141.1674,16.5766
15335,-11.9307,0.0616,0.5000,167.4067,-0.0002,-2.0891,-251.3770,2.0912,46.7819,141.5177,16.3905
15337,-11.8087,0.0606,0.5000,167.5498,-0.0002,-2.0790,-251.1323,2.0725,46.8480,141.8723,16.2097
15339,-11.6889,0.0594,0.5000,167.6905,-0.0002,-2.0689,-250.7954,2.0542,46.9135,142.2305,16.0343
15341,-11.5716,0.0582,0.5000,167.8284,-0.0002,-2.0588,-250.3681,2.0363,46.9782,142.5914,15.8647
15343,-11.4570,0.0568,0.5000,167.9634,-0.0002,-2.0488,-249.8521,2.0188,47.0420,142.9545,15.7008
15345,-11.3452,0.0553,0.5000,168.0951,-0.0002,-2.0388,-249.2492,2.0017,47.1048,143.3189,15.5430
15347,-11.2364,0.0538,0.5000,168.2234,-0.0002,-2.0289,-248.5614,1.9851,47.1664,143.6839,15.3912
15349,-11.1310,0.0521,0.5000,168.3478,-0.0002,-2.0191,-247.7905,1.9689,47.2268,144.0489,15.2457
15351,-11.0289,0.0503,0.5000,168.4683,-0.0002,-2.0094,-246.9388,1.9532,47.2858,144.4131,15.1065
15353,-10.9305,0.0485,0.5000,168.5845,-0.0002,-1.9997,-246.0083,1.9379,47.3434,144.7759,14.9738
15355,-10.8359,0.0466,0.5000,168.6964,-0.0002,-1.9901,-245.0012,1.9232,47.3994,145.1364,14.8475
15357,-10.7453,0.0446,0.5000,168.8036,-0.0002,-1.9806,-243.9198,1.9089,47.4538,145.4941,14.7278
15359,-10.6587,0.0425,0.5000,168.9060,-0.0002,-1.9712,-242.7664,1.8951,47.5064,145.8482,14.6147
15361,-10.5764,0.0404,0.5000,169.0035,-0.0001,-1.9619,-241.5434,1.8819,47.5573,146.1982,14.5083
15363,-10.4984,0.0382,0.5000,169.0958,-0.0001,-1.9526,-240.2532,1.8692,47.6062,146.5432,14.4085
15365,-10.4249,0.0359,0.5000,169.1828,-0.0001,-1.9435,-238.8983,1.8570,47.6532,146.8827,14.3155
15367,-10.3561,0.0336,0.5000,169.2643,-0.0001,-1.9345,-237.4813,1.8453,47.6982,147.2160,14.2292
15369,-10.2919,0.0312,0.5000,169.3403,-0.0001,-1.9256,-236.0047,1.8341,47.7411,147.5425,14.1496
15371,-10.2325,0.0288,0.5000,169.4105,-0.0001,-1.9168,-234.4714,1.8235,47.7818,147.8615,14.0768
15373,-10.1780,0.0263,0.5000,169.4750,-0.0001,-1.9081,-232.8839,1.8134,47.8203,148.1726,14.0108
15375,-10.1284,0.0238,0.5000,169.5335,-0.0001,-1.8995,-231.2451,1.8038,47.8565,148.4751,13.9515
15377,-10.0839,0.0213,0.5000,169.5860,-0.0001,-1.8911,-229.5580,1.7948,47.8904,148.7684,13.8990
15379,-10.0445,0.0188,0.5000,169.6325,-0.0001,-1.8827,-227.8254,1.7863,47.9219,149.0520,13.8532
15381,-10.0101,0.0162,0.5000,169.6727,-0.0001,-1.8745,-226.0504,1.7784,47.9509,149.3253,13.8141
15383,-9.9810,0.0136,0.5000,169.7068,-0.0001,-1.8664,-224.2360,1.7710,47.9776,149.5879,13.7818
15385,-9.9570,0.0110,0.5000,169.7345,-0.0001,-1.8584,-222.3854,1.7642,48.0017,149.8392,13.7562
15387,-9.9383,0.0084,0.5000,169.7560,-0.0001,-1.8505,-220.5017,1.7579,48.0233,150.0788,13.7372
15389,-9.9247,0.0058,0.5000,169.7711,-0.0001,-1.8427,-218.5882,1.7522,48.0424,150.3062,13.7249
15391,-9.9165,0.0032,0.5000,169.7798,-0.0001,-1.8351,-216.6482,1.7470,48.0589,150.5210,13.7193
15393,-9.9134,0.0005,0.5000,169.7820,-0.0001,-1.8275,-214.6850,1.7424,48.0728,150.7228,13.7203
15395,-9.9156,-0.0021,0.5000,169.7779,-0.0001,-1.8201,-212.7021,1.7384,48.0840,150.9112,13.7279
15397,-9.9229,-0.0047,0.5000,169.7674,-0.0001,-1.8128,-210.7028,1.7349,48.0927,151.0858,13.7421
15399,-9.9355,-0.0072,0.5000,169.7504,-0.0001,-1.8057,-208.6906,1.7320,48.0987,151.2462,13.7628
15401,-9.9531,-0.0098,0.5000,169.7271,-0.0001,-1.7986,-206.6691,1.7297,48.1021,151.3923,13.7900
15403,-9.9759,-0.0123,0.5000,169.6973,-0.0001,-1.7917,-204.6417,1.7280,48.1029,151.5236,13.8238
15405,-10.0036,-0.0148,0.5000,169.6613,-0.0001,-1.7848,-202.6121,1.7269,48.1010,151.6399,13.8640
15407,-10.0364,-0.0173,0.5000,169.6189,-0.0001,-1.7781,-200.5838,1.7264,48.0965,151.7410,13.9106
15409,-10.0740,-0.0197,0.5000,169.5703,-0.0001,-1.7715,-198.5606,1.7265,48.0894,151.8267,13.9637
15411,-10.1164,-0.0221,0.5000,169.5155,-0.0001,-1.7650,-196.5460,1.7271,48.0797,151.8967,14.0231
15413,-10.1636,-0.0245,0.5000,169.4545,-0.0001,-1.7586,-194.5437,1.7284,48.0674,151.9509,14.0888
15415,-10.2154,-0.0268,0.5000,169.3875,-0.0001,-1.7523,-192.5574,1.7303,48.0526,151.9893,14.1608
15417,-10.2717,-0.0290,0.5000,169.3144,-0.0001,-1.7461,-190.5908,1.7328,48.0352,152.0116,14.2389
15419,-10.3325,-0.0312,0.5000,169.2355,-0.0001,-1.7401,-188.6476,1.7360,48.0154,152.0179,14.3233
15421,-10.3975,-0.0333,0.5000,169.1508,-0.0001,-1.7341,-186.7315,1.7397,47.9931,152.0080,14.4138
15423,-10.4668,-0.0354,0.5000,169.0604,-0.0001,-1.7282,-184.8463,1.7441,47.9683,151.9820,14.5103
15425,-10.5401,-0.0374,0.5000,168.9644,-0.0001,-1.7224,-182.9955,1.7491,47.9412,151.9399,14.6128
15427,-10.6173,-0.0393,0.5000,168.8629,-0.0001,-1.7167,-181.1828,1.7547,47.9118,151.8817,14.7211
15429,-10.6983,-0.0412,0.5000,168.7560,-0.0001,-1.7111,-179.4119,1.7610,47.8801,151.8075,14.8353
15431,-10.7829,-0.0430,0.5000,168.6440,-0.0001,-1.7056,-177.6863,1.7679,47.8461,151.7175,14.9552
15433,-10.8710,-0.0447,0.5000,168.5269,-0.0002,-1.7002,-176.0096,1.7754,47.8100,151.6118,15.0807
15435,-10.9624,-0.0463,0.5000,168.4048,-0.0002,-1.6948,-174.3852,1.7836,47.7718,151.4904,15.2117
15437,-11.0569,-0.0478,0.5000,168.2781,-0.0002,-1.6896,-172.8164,1.7924,47.7315,151.3538,15.3480
15439,-11.1544,-0.0493,0.5000,168.1467,-0.0002,-1.6844,-171.3065,1.8017,47.6893,151.2020,15.4896
15441,-11.2547,-0.0506,0.5000,168.0109,-0.0002,-1.6793,-169.8587,1.8118,47.6452,151.0354,15.6363
15443,-11.3575,-0.0519,0.5000,167.8709,-0.0002,-1.6743,-168.4760,1.8224,47.5993,150.8542,15.7879
15445,-11.4628,-0.0531,0.5000,167.7269,-0.0002,-1.6694,-167.1613,1.8336,47.5517,150.6589,15.9443
15447,-11.5702,-0.0541,0.5000,167.5791,-0.0002,-1.6645,-165.9172,1.8454,47.5024,150.4496,16.1053
15449,-11.6797,-0.0551,0.5000,167.4276,-0.0002,-1.6597,-164.7464,1.8578,47.4515,150.2269,16.2706
15451,-11.7910,-0.0560,0.5000,167.2728,-0.0002,-1.6550,-163.6511,1.8708,47.3992,149.9911,16.4401
15453,-11.9039,-0.0567,0.5000,167.1147,-0.0002,-1.6504,-162.6336,1.8844,47.3456,149.7427,16.6136
15455,-12.0181,-0.0574,0.5000,166.9538,-0.0002,-1.6458,-161.6955,1.8984,47.2906,149.4821,16.7907
15457,-12.1336,-0.0579,0.5000,166.7902,-0.0002,-1.6413,-160.8387,1.9130,47.2345,149.2099,16.9713
15459,-12.2500,-0.0584,0.5000,166.6241,-0.0002,-1.6368,-160.0645,1.9282,47.1774,148.9265,17.1551
15461,-12.3672,-0.0587,0.5000,166.4559,-0.0002,-1.6324,-159.3740,1.9438,47.1193,148.6325,17.3418
15463,-12.4849,-0.0589,0.5000,166.2857,-0.0003,-1.6281,-158.7681,1.9598,47.0603,148.3284,17.5310
15465,-12.6029,-0.0590,0.5000,166.1139,-0.0003,-1.6238,-158.2472,1.9763,47.0007,148.0148,17.7226
15467,-12.7210,-0.0591,0.5000,165.9408,-0.0003,-1.6195,-157.8117,1.9933,46.9404,147.6923,17.9160
15469,-12.8390,-0.0590,0.5000,165.7666,-0.0003,-1.6154,-157.4616,2.0106,46.8796,147.3615,18.1111
15471,-12.9566,-0.0588,0.5000,165.5915,-0.0003,-1.6112,-157.1964,2.0283,46.8185,147.0230,18.3075
15473,-13.0738,-0.0584,0.5000,165.4160,-0.0003,-1.6072,-157.0156,2.0463,46.7570,146.6774,18.5048
15475,-13.1902,-0.0580,0.5000,165.2403,-0.0003,-1.6031,-156.9183,2.0646,46.6954,146.3254,18.7026
15477,-13.3056,-0.0575,0.5000,165.0647,-0.0003,-1.5991,-156.9033,2.0831,46.6338,145.9676,18.9006
15479,-13.4199,-0.0569,0.5000,164.8895,-0.0003,-1.5952,-156.9693,2.1019,46.5723,145.6047,19.0983
15481,-13.5328,-0.0562,0.5000,164.7150,-0.0004,-1.5913,-157.1145,2.1209,46.5110,145.2372,19.2954
15483,-13.6442,-0.0554,0.5000,164.5416,-0.0004,-1.5874,-157.3373,2.1401,46.4500,144.8659,19.4915
15485,-13.7539,-0.0545,0.5000,164.3694,-0.0004,-1.5836,-157.6356,2.1594,46.3894,144.4914,19.6862
15487,-13.8616,-0.0535,0.5000,164.1988,-0.0004,-1.5798,-158.0072,2.1787,46.3294,144.1144,19.8791
15489,-13.9673,-0.0524,0.5000,164.0302,-0.0004,-1.5760,-158.4498,2.1981,46.2700,143.7353,20.0698
15491,-14.0707,-0.0513,0.5000,163.8637,-0.0004,-1.5723,-158.9612,2.2175,46.2114,143.3550,20.2579
15493,-14.1717,-0.0500,0.5000,163.6998,-0.0004,-1.5686,-159.5389,2.2368,46.1536,142.9741,20.4429
15495,-14.2702,-0.0487,0.5000,163.5386,-0.0004,-1.5649,-160.1805,2.2561,46.0968,142.5930,20.6245
15497,-14.3659,-0.0473,0.5000,163.3805,-0.0005,-1.5612,-160.8835,2.2752,46.0411,142.2126,20.8024
15499,-14.4588,-0.0459,0.5000,163.2258,-0.0005,-1.5576,-161.6456,2.2941,45.9865,141.8332,20.9760
15501,-14.5487,-0.0444,0.5000,163.0746,-0.0005,-1.5539,-162.4645,2.3129,45.9332,141.4557,21.1451
15503,-14.6355,-0.0428,0.5000,162.9272,-0.0005,-1.5503,-163.3378,2.3314,45.8812,141.0804,21.3093
15505,-14.7190,-0.0412,0.5000,162.7840,-0.0005,-1.5467,-164.2635,2.3496,45.8307,140.7080,21.4682
15507,-14.7992,-0.0395,0.5000,162.6450,-0.0005,-1.5431,-165.2394,2.3674,45.7816,140.3390,21.6215
15509,-14.8759,-0.0377,0.5000,162.5106,-0.0005,-1.5395,-166.2637,2.3849,45.7342,139.9740,21.7688
15511,-14.9491,-0.0359,0.5000,162.3810,-0.0006,-1.5359,-167.3346,2.4020,45.6884,139.6136,21.9097
15513,-15.0186,-0.0341,0.5000,162.2563,-0.0006,-1.5323,-168.4504,2.4186,45.6443,139.2581,22.0441
15515,-15.0844,-0.0322,0.5000,162.1368,-0.0006,-1.5287,-169.6094,2.4347,45.6021,138.9082,22.1715
15517,-15.1463,-0.0302,0.5000,162.0225,-0.0006,-1.5251,-170.8104,2.4503,45.5617,138.5643,22.2917
15519,-15.2044,-0.0283,0.5000,161.9138,-0.0006,-1.5215,-172.0519,2.4654,45.5232,138.2269,22.4044
15521,-15.2584,-0.0263,0.5000,161.8106,-0.0006,-1.5179,-173.3327,2.4798,45.4867,137.8965,22.5094
15523,-15.3084,-0.0242,0.5000,161.7132,-0.0006,-1.5143,-174.6516,2.4936,45.4522,137.5735,22.6063
15525,-15.3542,-0.0221,0.5000,161.6217,-0.0006,-1.5106,-176.0074,2.5067,45.4198,137.2585,22.6950
15527,-15.3959,-0.0200,0.5000,161.5361,-0.0006,-1.5069,-177.3991,2.5192,45.3896,136.9518,22.7752
15529,-15.4333,-0.0179,0.5000,161.4567,-0.0007,-1.5032,-178.8256,2.5309,45.3615,136.6539,22.8467
15531,-15.4664,-0.0158,0.5000,161.3834,-0.0007,-1.4995,-180.2857,2.5419,45.3356,136.3651,22.9093
15533,-15.4952,-0.0136,0.5000,161.3164,-0.0007,-1.4957,-181.7784,2.5521,45.3119,136.0860,22.9629
15535,-15.5196,-0.0114,0.5000,161.2556,-0.0007,-1.4919,-183.3025,2.5615,45.2906,135.8169,23.0074
15537,-15.5396,-0.0091,0.5000,161.2012,-0.0007,-1.4881,-184.8567,2.5700,45.2715,135.5582,23.0425
15539,-15.5550,-0.0069,0.5000,161.1532,-0.0007,-1.4843,-186.4398,2.5777,45.2548,135.3103,23.0682
15541,-15.5660,-0.0046,0.5000,161.1116,-0.0007,-1.4804,-188.0504,2.5846,45.2404,135.0735,23.0843
15543,-15.5725,-0.0024,0.5000,161.0765,-0.0007,-1.4765,-189.6869,2.5906,45.2285,134.8481,23.0909
15545,-15.5744,-0.0001,0.5000,161.0478,-0.0007,-1.4725,-191.3478,2.5956,45.2189,134.6346,23.0879
15547,-15.5718,0.0022,0.5000,161.0255,-0.0007,-1.4685,-193.0312,2.5998,45.2118,134.4332,23.0752
15549,-15.5645,0.0045,0.5000,161.0096,-0.0007,-1.4644,-194.7352,2.6030,45.2071,134.2443,23.0529
15551,-15.5527,0.0068,0.5000,161.0001,-0.0007,-1.4604,-196.4578,2.6053,45.2049,134.0680,23.0210
15553,-15.5364,0.0090,0.5000,160.9970,-0.0007,-1.4562,-198.1968,2.6067,45.2051,133.9048,22.9794
15555,-15.5154,0.0113,0.5000,161.0002,-0.0007,-1.4520,-199.9497,2.6072,45.2078,133.7548,22.9285
15557,-15.4899,0.0136,0.5000,161.0097,-0.0007,-1.4478,-201.7141,2.6067,45.2130,133.6183,22.8681
15559,-15.4599,0.0159,0.5000,161.0254,-0.0007,-1.4435,-203.4871,2.6052,45.2206,133.4956,22.7984
15561,-15.4254,0.0181,0.5000,161.0472,-0.0007,-1.4392,-205.2659,2.6028,45.2306,133.3867,22.7197
15563,-15.3864,0.0203,0.5000,161.0750,-0.0007,-1.4348,-207.0474,2.5995,45.2431,133.2919,22.6321
15565,-15.3430,0.0225,0.5000,161.1088,-0.0007,-1.4304,-208.8283,2.5953,45.2580,133.2113,22.5358
15567,-15.2952,0.0247,0.5000,161.1484,-0.0006,-1.4259,-210.6053,2.5902,45.2753,133.1451,22.4310
15569,-15.2431,0.0268,0.5000,161.1937,-0.0006,-1.4214,-212.3748,2.5842,45.2950,133.0934,22.3180
15571,-15.1868,0.0289,0.5000,161.2447,-0.0006,-1.4168,-214.1331,2.5773,45.3171,133.0562,22.1971
15573,-15.1264,0.0310,0.5000,161.3012,-0.0006,-1.4121,-215.8764,2.5695,45.3414,133.0336,22.0686
15575,-15.0619,0.0330,0.5000,161.3630,-0.0006,-1.4074,-217.6008,2.5609,45.3681,133.0256,21.9329
15577,-14.9935,0.0349,0.5000,161.4300,-0.0006,-1.4027,-219.3023,2.5515,45.3970,133.0322,21.7902
15579,-14.9212,0.0368,0.5000,161.5020,-0.0006,-1.3979,-220.9768,2.5413,45.4280,133.0534,21.6410
15581,-14.8452,0.0387,0.5000,161.5789,-0.0006,-1.3931,-222.6202,2.5304,45.4612,133.0891,21.4856
15583,-14.7656,0.0405,0.5000,161.6605,-0.0006,-1.3882,-224.2283,2.5188,45.4965,133.1392,21.3246
15585,-14.6825,0.0422,0.5000,161.7466,-0.0005,-1.3832,-225.7970,2.5064,45.5338,133.2037,21.1582
15587,-14.5962,0.0438,0.5000,161.8370,-0.0005,-1.3782,-227.3221,2.4934,45.5731,133.2823,20.9870
15589,-14.5067,0.0453,0.5000,161.9315,-0.0005,-1.3732,-228.7997,2.4799,45.6142,133.3749,20.8114
15591,-14.4143,0.0468,0.5000,162.0299,-0.0005,-1.3681,-230.2258,2.4657,45.6572,133.4813,20.6318
15593,-14.3190,0.0481,0.5000,162.1320,-0.0005,-1.3629,-231.5965,2.4510,45.7019,133.6012,20.4488
15595,-14.2212,0.0494,0.5000,162.2375,-0.0005,-1.3577,-232.9081,2.4358,45.7482,133.7344,20.2628
15597,-14.1209,0.0506,0.5000,162.3462,-0.0005,-1.3525,-234.1572,2.4202,45.7960,133.8805,20.0742
15599,-14.0184,0.0516,0.5000,162.4578,-0.0004,-1.3472,-235.3403,2.4041,45.8454,134.0393,19.8836
15601,-13.9139,0.0526,0.5000,162.5722,-0.0004,-1.3419,-236.4544,2.3878,45.8961,134.2103,19.6915
15603,-13.8077,0.0535,0.5000,162.6890,-0.0004,-1.3366,-237.4967,2.3711,45.9480,134.3932,19.4982
15605,-13.6998,0.0542,0.5000,162.8079,-0.0004,-1.3312,-238.4644,2.3541,46.0012,134.5877,19.3043
15607,-13.5906,0.0548,0.5000,162.9288,-0.0004,-1.3258,-239.3553,2.3369,46.0553,134.7931,19.1102
15609,-13.4803,0.0553,0.5000,163.0513,-0.0004,-1.3204,-240.1673,2.3195,46.1105,135.0092,18.9163
15611,-13.3691,0.0557,0.5000,163.1752,-0.0004,-1.3149,-240.8986,2.3020,46.1664,135.2354,18.7232
15613,-13.2572,0.0560,0.5000,163.3002,-0.0004,-1.3095,-241.5479,2.2844,46.2231,135.4713,18.5311
15615,-13.1449,0.0562,0.5000,163.4259,-0.0003,-1.3040,-242.1138,2.2667,46.2804,135.7162,18.3405
15617,-13.0324,0.0563,0.5000,163.5522,-0.0003,-1.2985,-242.5955,2.2491,46.3382,135.9697,18.1519
15619,-12.9200,0.0562,0.5000,163.6787,-0.0003,-1.2929,-242.9923,2.2314,46.3964,136.2313,17.9654
15621,-12.8078,0.0560,0.5000,163.8051,-0.0003,-1.2874,-243.3040,2.2138,46.4548,136.5003,17.7816
15623,-12.6962,0.0557,0.5000,163.9312,-0.0003,-1.2819,-243.5305,2.1963,46.5134,136.7762,17.6007
15625,-12.5852,0.0553,0.5000,164.0567,-0.0003,-1.2763,-243.6718,2.1790,46.5720,137.0585,17.4231
15627,-12.4753,0.0548,0.5000,164.1814,-0.0003,-1.2708,-243.7285,2.1618,46.6306,137.3464,17.2490
15629,-12.3665,0.0541,0.5000,164.3048,-0.0003,-1.2653,-243.7010,2.1448,46.6889,137.6395,17.0787
15631,-12.2591,0.0534,0.5000,164.4269,-0.0003,-1.2597,-243.5903,2.1281,46.7469,137.9370,16.9125
15633,-12.1533,0.0526,0.5000,164.5472,-0.0002,-1.2542,-243.3973,2.1116,46.8045,138.2385,16.7506
15635,-12.0494,0.0516,0.5000,164.6656,-0.0002,-1.2487,-243.1231,2.0953,46.8616,138.5432,16.5932
15637,-11.9474,0.0506,0.5000,164.7818,-0.0002,-1.2432,-242.7692,2.0794,46.9180,138.8506,16.4405
15639,-11.8477,0.0494,0.5000,164.8956,-0.0002,-1.2378,-242.3368,2.0638,46.9737,139.1599,16.2928
15641,-11.7504,0.0482,0.5000,165.0067,-0.0002,-1.2323,-241.8276,2.0485,47.0286,139.4708,16.1501
15643,-11.6556,0.0469,0.5000,165.1149,-0.0002,-1.2269,-241.2433,2.0336,47.0825,139.7824,16.0126
15645,-11.5636,0.0455,0.5000,165.2200,-0.0002,-1.2215,-240.5855,2.0191,47.1353,140.0941,15.8805
15647,-11.4746,0.0440,0.5000,165.3217,-0.0002,-1.2162,-239.8563,2.0050,47.1870,140.4055,15.7538
15649,-11.3886,0.0424,0.5000,165.4200,-0.0002,-1.2109,-239.0574,1.9912,47.2375,140.7158,15.6327
15651,-11.3058,0.0408,0.5000,165.5145,-0.0002,-1.2056,-238.1909,1.9779,47.2867,141.0244,15.5173
15653,-11.2264,0.0391,0.5000,165.6051,-0.0002,-1.2004,-237.2588,1.9650,47.3345,141.3308,15.4077
15655,-11.1504,0.0373,0.5000,165.6916,-0.0002,-1.1952,-236.2634,1.9525,47.3808,141.6344,15.3039
15657,-11.0782,0.0354,0.5000,165.7739,-0.0002,-1.1900,-235.2067,1.9405,47.4256,141.9345,15.2060
15659,-11.0096,0.0336,0.5000,165.8517,-0.0002,-1.1849,-234.0911,1.9290,47.4688,142.2306,15.1141
15661,-10.9449,0.0316,0.5000,165.9251,-0.0002,-1.1799,-232.9188,1.9179,47.5102,142.5222,15.0281
15663,-10.8842,0.0296,0.5000,165.9938,-0.0002,-1.1749,-231.6922,1.9072,47.5499,142.8087,14.9482
15665,-10.8275,0.0276,0.5000,166.0576,-0.0002,-1.1699,-230.4136,1.8970,47.5878,143.0896,14.8743
15667,-10.7750,0.0255,0.5000,166.1166,-0.0002,-1.1650,-229.0856,1.8874,47.6238,143.3643,14.8066
15669,-10.7267,0.0234,0.5000,166.1706,-0.0002,-1.1601,-227.7106,1.8781,47.6579,143.6322,14.7449
15671,-10.6826,0.0212,0.5000,166.2194,-0.0001,-1.1554,-226.2912,1.8694,47.6900,143.8930,14.6894
15673,-10.6429,0.0190,0.5000,166.2631,-0.0001,-1.1506,-224.8300,1.8612,47.7201,144.1461,14.6400
15675,-10.6076,0.0168,0.5000,166.3014,-0.0001,-1.1459,-223.3297,1.8534,47.7481,144.3910,14.5967
15677,-10.5768,0.0146,0.5000,166.3345,-0.0001,-1.1413,-221.7929,1.8462,47.7740,144.6273,14.5596
15679,-10.5504,0.0124,0.5000,166.3621,-0.0001,-1.1368,-220.2224,1.8395,47.7977,144.8546,14.5286
15681,-10.5285,0.0101,0.5000,166.3842,-0.0001,-1.1323,-218.6209,1.8332,47.8193,145.0723,14.5037
15683,-10.5111,0.0078,0.5000,166.4009,-0.0001,-1.1278,-216.9914,1.8275,47.8386,145.2802,14.4849
15685,-10.4983,0.0056,0.5000,166.4120,-0.0001,-1.1234,-215.3368,1.8223,47.8558,145.4777,14.4723
15687,-10.4901,0.0033,0.5000,166.4176,-0.0001,-1.1191,-213.6598,1.8176,47.8706,145.6646,14.4657
15689,-10.4863,0.0010,0.5000,166.4176,-0.0001,-1.1149,-211.9636,1.8134,47.8832,145.8405,14.4652
15691,-10.4871,-0.0013,0.5000,166.4120,-0.0001,-1.1106,-210.2510,1.8098,47.8936,146.0050,14.4707
15693,-10.4925,-0.0035,0.5000,166.4008,-0.0001,-1.1065,-208.5252,1.8066,47.9016,146.1578,14.4822
15695,-10.5023,-0.0057,0.5000,166.3841,-0.0001,-1.1024,-206.7892,1.8040,47.9073,146.2987,14.4997
15697,-10.5166,-0.0080,0.5000,166.3617,-0.0001,-1.0984,-205.0460,1.8020,47.9107,146.4273,14.5232
15699,-10.5353,-0.0102,0.5000,166.3339,-0.0001,-1.0944,-203.2989,1.8004,47.9118,146.5435,14.5527
15701,-10.5583,-0.0123,0.5000,166.3005,-0.0001,-1.0905,-201.5510,1.7995,47.9106,146.6469,14.5880
15703,-10.5857,-0.0145,0.5000,166.2616,-0.0001,-1.0867,-199.8054,1.7990,47.9071,146.7375,14.6291
15705,-10.6174,-0.0166,0.5000,166.2173,-0.0001,-1.0829,-198.0652,1.7991,47.9014,146.8149,14.6761
15707,-10.6532,-0.0187,0.5000,166.1676,-0.0001,-1.0792,-196.3338,1.7998,47.8933,146.8791,14.7289
15709,-10.6931,-0.0207,0.5000,166.1125,-0.0001,-1.0755,-194.6143,1.8010,47.8830,146.9299,14.7873
15711,-10.7371,-0.0227,0.5000,166.0522,-0.0001,-1.0719,-192.9099,1.8027,47.8705,146.9672,14.8514
15713,-10.7850,-0.0247,0.5000,165.9867,-0.0001,-1.0683,-191.2237,1.8050,47.8557,146.9910,14.9212
15715,-10.8367,-0.0266,0.5000,165.9161,-0.0002,-1.0648,-189.5590,1.8079,47.8388,147.0011,14.9964
15717,-10.8922,-0.0284,0.5000,165.8405,-0.0002,-1.0614,-187.9190,1.8113,47.8197,146.9975,15.0772
15719,-10.9513,-0.0302,0.5000,165.7600,-0.0002,-1.0580,-186.3067,1.8153,47.7986,146.9803,15.1633
15721,-11.0140,-0.0320,0.5000,165.6746,-0.0002,-1.0546,-184.7254,1.8198,47.7753,146.9494,15.2547
15723,-11.0800,-0.0336,0.5000,165.5846,-0.0002,-1.0513,-183.1780,1.8249,47.7500,146.9049,15.3514
15725,-11.1493,-0.0353,0.5000,165.4899,-0.0002,-1.0481,-181.6676,1.8306,47.7228,146.8468,15.4531
15727,-11.2217,-0.0368,0.5000,165.3908,-0.0002,-1.0449,-180.1973,1.8368,47.6936,146.7753,15.5600
15729,-11.2972,-0.0383,0.5000,165.2873,-0.0002,-1.0417,-178.7698,1.8436,47.6625,146.6905,15.6717
15731,-11.3755,-0.0397,0.5000,165.1797,-0.0002,-1.0386,-177.3881,1.8509,47.6297,146.5925,15.7882
15733,-11.4565,-0.0410,0.5000,165.0680,-0.0002,-1.0356,-176.0548,1.8587,47.5950,146.4816,15.9093
15735,-11.5401,-0.0423,0.5000,164.9523,-0.0002,-1.0326,-174.7727,1.8671,47.5587,146.3578,16.0350
15737,-11.6261,-0.0434,0.5000,164.8330,-0.0002,-1.0296,-173.5442,1.8760,47.5207,146.2215,16.1651
15739,-11.7143,-0.0445,0.5000,164.7101,-0.0002,-1.0267,-172.3718,1.8855,47.4812,146.0728,16.2994
15741,-11.8046,-0.0455,0.5000,164.5838,-0.0002,-1.0238,-171.2577,1.8955,47.4401,145.9122,16.4377
15743,-11.8968,-0.0464,0.5000,164.4543,-0.0002,-1.0209,-170.2042,1.9059,47.3977,145.7397,16.5799
15745,-11.9908,-0.0473,0.5000,164.3217,-0.0002,-1.0181,-169.2131,1.9169,47.3539,145.5559,16.7258
15747,-12.0863,-0.0480,0.5000,164.1864,-0.0002,-1.0154,-168.2863,1.9284,47.3089,145.3610,16.8752
15749,-12.1832,-0.0487,0.5000,164.0484,-0.0002,-1.0126,-167.4255,1.9403,47.2627,145.1554,17.0278
15751,-12.2812,-0.0493,0.5000,163.9080,-0.0002,-1.0099,-166.6320,1.9527,47.2154,144.9395,17.1835
15753,-12.3804,-0.0497,0.5000,163.7653,-0.0002,-1.0073,-165.9072,1.9655,47.1671,144.7137,17.3420
15755,-12.4803,-0.0501,0.5000,163.6208,-0.0003,-1.0047,-165.2521,1.9787,47.1180,144.4784,17.5030
15757,-12.5809,-0.0504,0.5000,163.4744,-0.0003,-1.0021,-164.6675,1.9924,47.0680,144.2340,17.6664
15759,-12.6820,-0.0506,0.5000,163.3265,-0.0003,-0.9995,-164.1541,2.0064,47.0173,143.9811,17.8318
15761,-12.7833,-0.0507,0.5000,163.1773,-0.0003,-0.9970,-163.7123,2.0208,46.9660,143.7201,17.9989
15763,-12.8848,-0.0507,0.5000,163.0271,-0.0003,-0.9945,-163.3423,2.0355,46.9142,143.4514,18.1675
15765,-12.9862,-0.0507,0.5000,162.8761,-0.0003,-0.9920,-163.0441,2.0506,46.8619,143.1757,18.3374
15767,-13.0873,-0.0505,0.5000,162.7245,-0.0003,-0.9896,-162.8175,2.0659,46.8093,142.8933,18.5081
15769,-13.1879,-0.0502,0.5000,162.5725,-0.0003,-0.9871,-162.6620,2.0815,46.7565,142.6048,18.6793
15771,-13.2880,-0.0499,0.5000,162.4205,-0.0003,-0.9847,-162.5770,2.0973,46.7036,142.3108,18.8508
15773,-13.3872,-0.0495,0.5000,162.2687,-0.0003,-0.9824,-162.5617,2.1134,46.6506,142.0117,19.0223
15775,-13.4855,-0.0489,0.5000,162.1174,-0.0003,-0.9800,-162.6152,2.1296,46.5977,141.7081,19.1933
15777,-13.5827,-0.0483,0.5000,161.9667,-0.0004,-0.9777,-162.7362,2.1459,46.5450,141.4006,19.3636
15779,-13.6785,-0.0477,0.5000,161.8170,-0.0004,-0.9754,-162.9235,2.1624,46.4926,141.0896,19.5329
15781,-13.7729,-0.0469,0.5000,161.6685,-0.0004,-0.9731,-163.1757,2.1790,46.4405,140.7758,19.7007
15783,-13.8657,-0.0461,0.5000,161.5214,-0.0004,-0.9708,-163.4913,2.1956,46.3889,140.4596,19.8668
15785,-13.9567,-0.0452,0.5000,161.3761,-0.0004,-0.9686,-163.8686,2.2122,46.3379,140.1416,20.0308
15787,-14.0457,-0.0442,0.5000,161.2327,-0.0004,-0.9663,-164.3060,2.2288,46.2875,139.8224,20.1924
15789,-14.1328,-0.0431,0.5000,161.0914,-0.0004,-0.9641,-164.8017,2.2453,46.2378,139.5024,20.3512
15791,-14.2176,-0.0420,0.5000,160.9526,-0.0004,-0.9619,-165.3540,2.2618,46.1890,139.1822,20.5070
15793,-14.3001,-0.0408,0.5000,160.8165,-0.0005,-0.9597,-165.9612,2.2781,46.1411,138.8623,20.6593
15795,-14.3802,-0.0396,0.5000,160.6832,-0.0005,-0.9575,-166.6214,2.2943,46.0941,138.5432,20.8080
15797,-14.4577,-0.0383,0.5000,160.5530,-0.0005,-0.9553,-167.3328,2.3102,46.0483,138.2255,20.9525
15799,-14.5325,-0.0369,0.5000,160.4261,-0.0005,-0.9531,-168.0938,2.3260,46.0036,137.9096,21.0927
15801,-14.6045,-0.0355,0.5000,160.3027,-0.0005,-0.9509,-168.9027,2.3415,45.9601,137.5960,21.2282
15803,-14.6736,-0.0340,0.5000,160.1830,-0.0005,-0.9487,-169.7578,2.3566,45.9179,137.2852,21.3588
15805,-14.7397,-0.0325,0.5000,160.0672,-0.0005,-0.9465,-170.6575,2.3715,45.8771,136.9777,21.4841
15807,-14.8027,-0.0309,0.5000,159.9555,-0.0005,-0.9444,-171.6003,2.3860,45.8377,136.6740,21.6039
15809,-14.8626,-0.0293,0.5000,159.8480,-0.0005,-0.9422,-172.5847,2.4001,45.7998,136.3745,21.7179
15811,-14.9192,-0.0277,0.5000,159.7449,-0.0006,-0.9400,-173.6093,2.4137,45.7635,136.0796,21.8258
15813,-14.9724,-0.0260,0.5000,159.6463,-0.0006,-0.9378,-174.6728,2.4269,45.7288,135.7898,21.9274
15815,-15.0222,-0.0243,0.5000,159.5523,-0.0006,-0.9356,-175.7737,2.4396,45.6958,135.5055,22.0225
15817,-15.0685,-0.0225,0.5000,159.4632,-0.0006,-0.9334,-176.9109,2.4518,45.6644,135.2272,22.1108
15819,-15.1113,-0.0207,0.5000,159.3790,-0.0006,-0.9312,-178.0829,2.4635,45.6349,134.9552,22.1921
15821,-15.1504,-0.0189,0.5000,159.2998,-0.0006,-0.9290,-179.2886,2.4745,45.6071,134.6899,22.2663
15823,-15.1859,-0.0170,0.5000,159.2257,-0.0006,-0.9268,-180.5267,2.4850,45.5812,134.4319,22.3331
15825,-15.2177,-0.0152,0.5000,159.1568,-0.0006,-0.9245,-181.7960,2.4949,45.5572,134.1813,22.3924
15827,-15.2456,-0.0133,0.5000,159.0932,-0.0006,-0.9223,-183.0952,2.5041,45.5352,133.9386,22.4441
15829,-15.2698,-0.0114,0.5000,159.0349,-0.0006,-0.9200,-184.4229,2.5126,45.5151,133.7042,22.4879
15831,-15.2901,-0.0094,0.5000,158.9821,-0.0006,-0.9177,-185.7779,2.5204,45.4970,133.4784,22.5238
15833,-15.3065,-0.0075,0.5000,158.9346,-0.0006,-0.9154,-187.1587,2.5276,45.4809,133.2616,22.5517
15835,-15.3190,-0.0055,0.5000,158.8927,-0.0006,-0.9131,-188.5639,2.5340,45.4669,133.0540,22.5715
15837,-15.3275,-0.0035,0.5000,158.8562,-0.0006,-0.9107,-189.9919,2.5397,45.4549,132.8560,22.5831
15839,-15.3321,-0.0015,0.5000,158.8253,-0.0006,-0.9084,-191.4411,2.5446,45.4450,132.6678,22.5865
15841,-15.3326,0.0005,0.5000,158.7999,-0.0006,-0.9060,-192.9097,2.5487,45.4373,132.4899,22.5816
15843,-15.3292,0.0025,0.5000,158.7800,-0.0006,-0.9036,-194.3961,2.5521,45.4317,132.3224,22.5685
15845,-15.3218,0.0045,0.5000,158.7656,-0.0006,-0.9011,-195.8981,2.5547,45.4282,132.1655,22.5471
15847,-15.3104,0.0065,0.5000,158.7568,-0.0006,-0.8987,-197.4139,2.5565,45.4268,132.0197,22.5175
15849,-15.2950,0.0085,0.5000,158.7534,-0.0006,-0.8962,-198.9412,2.5575,45.4276,131.8850,22.4798
15851,-15.2756,0.0104,0.5000,158.7554,-0.0006,-0.8937,-200.4778,2.5577,45.4306,131.7617,22.4340
15853,-15.2522,0.0124,0.5000,158.7628,-0.0006,-0.8912,-202.0212,2.5571,45.4357,131.6500,22.3802
15855,-15.2250,0.0144,0.5000,158.7755,-0.0006,-0.8886,-203.5689,2.5557,45.4429,131.5500,22.3185
15857,-15.1938,0.0163,0.5000,158.7935,-0.0006,-0.8860,-205.1183,2.5536,45.4523,131.4620,22.2492
15859,-15.1588,0.0182,0.5000,158.8167,-0.0006,-0.8834,-206.6667,2.5506,45.4638,131.3860,22.1722
15861,-15.1199,0.0201,0.5000,158.8449,-0.0006,-0.8807,-208.2112,2.5469,45.4773,131.3222,22.0879
15863,-15.0773,0.0220,0.5000,158.8782,-0.0006,-0.8781,-209.7487,2.5424,45.4930,131.2706,21.9965
15865,-15.0310,0.0238,0.5000,158.9164,-0.0006,-0.8754,-211.2763,2.5371,45.5108,131.2314,21.8981
15867,-14.9811,0.0256,0.5000,158.9594,-0.0006,-0.8726,-212.7907,2.5311,45.5305,131.2046,21.7930
15869,-14.9276,0.0274,0.5000,159.0071,-0.0006,-0.8699,-214.2887,2.5244,45.5523,131.1903,21.6815
15871,-14.8707,0.0291,0.5000,159.0594,-0.0006,-0.8671,-215.7670,2.5170,45.5760,131.1883,21.5638
15873,-14.8104,0.0308,0.5000,159.1161,-0.0006,-0.8643,-217.2223,2.5089,45.6017,131.1988,21.4403
15875,-14.7468,0.0324,0.5000,159.1771,-0.0005,-0.8615,-218.6512,2.5001,45.6293,131.2217,21.3113
15877,-14.6801,0.0339,0.5000,159.2423,-0.0005,-0.8586,-220.0502,2.4907,45.6586,131.2569,21.1771
15879,-14.6104,0.0354,0.5000,159.3114,-0.0005,-0.8557,-221.4160,2.4807,45.6898,131.3044,21.0380
15881,-14.5377,0.0369,0.5000,159.3844,-0.0005,-0.8528,-222.7451,2.4702,45.7227,131.3639,20.8945
15883,-14.4623,0.0382,0.5000,159.4610,-0.0005,-0.8498,-224.0344,2.4590,45.7573,131.4355,20.7468
15885,-14.3842,0.0395,0.5000,159.5411,-0.0005,-0.8469,-225.2804,2.4474,45.7934,131.5188,20.5953
15887,-14.3037,0.0407,0.5000,159.6245,-0.0005,-0.8439,-226.4800,2.4353,45.8312,131.6138,20.4406
15889,-14.2208,0.0419,0.5000,159.7110,-0.0005,-0.8408,-227.6301,2.4227,45.8703,131.7202,20.2828
15891,-14.1357,0.0429,0.5000,159.8003,-0.0005,-0.8378,-228.7278,2.4097,45.9109,131.8377,20.1224
15893,-14.0487,0.0439,0.5000,159.8924,-0.0004,-0.8347,-229.7702,2.3963,45.9528,131.9661,19.9599
15895,-13.9598,0.0448,0.5000,159.9869,-0.0004,-0.8316,-230.7547,2.3826,45.9959,132.1052,19.7956
15897,-13.8693,0.0455,0.5000,160.0837,-0.0004,-0.8285,-231.6787,2.3685,46.0401,132.2546,19.6299
15899,-13.7774,0.0462,0.5000,160.1825,-0.0004,-0.8254,-232.5400,2.3542,46.0855,132.4139,19.4632
15901,-13.6841,0.0468,0.5000,160.2831,-0.0004,-0.8223,-233.3365,2.3397,46.1317,132.5829,19.2958
15903,-13.5898,0.0473,0.5000,160.3853,-0.0004,-0.8191,-234.0663,2.3249,46.1789,132.7611,19.1283
15905,-13.4946,0.0477,0.5000,160.4888,-0.0004,-0.8159,-234.7278,2.3100,46.2269,132.9482,18.9608
15907,-13.3988,0.0480,0.5000,160.5935,-0.0004,-0.8128,-235.3194,2.2950,46.2755,133.1438,18.7939
15909,-13.3024,0.0483,0.5000,160.6990,-0.0004,-0.8096,-235.8401,2.2799,46.3248,133.3473,18.6278
15911,-13.2057,0.0484,0.5000,160.8051,-0.0003,-0.8064,-236.2888,2.2647,46.3745,133.5585,18.4630
15913,-13.1090,0.0484,0.5000,160.9116,-0.0003,-0.8031,-236.6647,2.2495,46.4246,133.7767,18.2996
15915,-13.0124,0.0483,0.5000,161.0182,-0.0003,-0.7999,-236.9674,2.2343,46.4751,134.0016,18.1381
15917,-12.9160,0.0481,0.5000,161.1248,-0.0003,-0.7967,-237.1965,2.2191,46.5257,134.2327,17.9787
15919,-12.8202,0.0478,0.5000,161.2310,-0.0003,-0.7935,-237.3519,2.2040,46.5764,134.4695,17.8218
15921,-12.7251,0.0474,0.5000,161.3366,-0.0003,-0.7903,-237.4338,2.1890,46.6271,134.7115,17.6676
15923,-12.6309,0.0469,0.5000,161.4414,-0.0003,-0.7870,-237.4425,2.1741,46.6777,134.9581,17.5164
15925,-12.5378,0.0463,0.5000,161.5452,-0.0003,-0.7838,-237.3784,2.1594,46.7281,135.2089,17.3684
15927,-12.4459,0.0457,0.5000,161.6476,-0.0003,-0.7806,-237.2422,2.1449,46.7783,135.4633,17.2239
15929,-12.3555,0.0449,0.5000,161.7486,-0.0003,-0.7774,-237.0348,2.1306,46.8280,135.7208,17.0830
15931,-12.2668,0.0441,0.5000,161.8479,-0.0003,-0.7742,-236.7572,2.1165,46.8772,135.9809,16.9460
15933,-12.1798,0.0431,0.5000,161.9452,-0.0002,-0.7710,-236.4103,2.1026,46.9258,136.2430,16.8130
15935,-12.0948,0.0421,0.5000,162.0403,-0.0002,-0.7678,-235.9956,2.0890,46.9738,136.5067,16.6843
15937,-12.0119,0.0410,0.5000,162.1332,-0.0002,-0.7646,-235.5143,2.0757,47.0210,136.7713,16.5599
15939,-11.9314,0.0398,0.5000,162.2234,-0.0002,-0.7615,-234.9679,2.0627,47.0674,137.0363,16.4401
15941,-11.8532,0.0386,0.5000,162.3110,-0.0002,-0.7583,-234.3580,2.0500,47.1128,137.3013,16.3250
15943,-11.7776,0.0373,0.5000,162.3956,-0.0002,-0.7552,-233.6863,2.0377,47.1572,137.5657,16.2147
15945,-11.7048,0.0359,0.5000,162.4772,-0.0002,-0.7521,-232.9545,2.0257,47.2005,137.8289,16.1092
15947,-11.6348,0.0345,0.5000,162.5554,-0.0002,-0.7490,-232.1643,2.0140,47.2427,138.0905,16.0088
15949,-11.5677,0.0330,0.5000,162.6303,-0.0002,-0.7460,-231.3178,2.0028,47.2836,138.3499,15.9134
15951,-11.5037,0.0314,0.5000,162.7016,-0.0002,-0.7429,-230.4168,1.9919,47.3232,138.6067,15.8232
15953,-11.4429,0.0298,0.5000,162.7692,-0.0002,-0.7399,-229.4634,1.9814,47.3614,138.8603,15.7382
15955,-11.3854,0.0281,0.5000,162.8330,-0.0002,-0.7369,-228.4596,1.9713,47.3982,139.1102,15.6586
15957,-11.3313,0.0264,0.5000,162.8927,-0.0002,-0.7340,-227.4075,1.9616,47.4335,139.3560,15.5843
15959,-11.2807,0.0247,0.5000,162.9484,-0.0002,-0.7310,-226.3093,1.9523,47.4672,139.5972,15.5153
15961,-11.2336,0.0229,0.5000,163.0000,-0.0002,-0.7281,-225.1673,1.9435,47.4993,139.8333,15.4519
15963,-11.1901,0.0211,0.5000,163.0472,-0.0002,-0.7252,-223.9836,1.9350,47.5298,140.0639,15.3938
15965,-11.1503,0.0192,0.5000,163.0900,-0.0002,-0.7224,-222.7606,1.9270,47.5585,140.2885,15.3413
15967,-11.1142,0.0173,0.5000,163.1284,-0.0002,-0.7196,-221.5007,1.9195,47.5855,140.5068,15.2943
15969,-11.0820,0.0154,0.5000,163.1622,-0.0002,-0.7168,-220.2062,1.9124,47.6107,140.7182,15.2528
15971,-11.0536,0.0135,0.5000,163.1914,-0.0002,-0.7140,-218.8795,1.9057,47.6341,140.9225,15.2168
15973,-11.0290,0.0115,0.5000,163.2160,-0.0002,-0.7113,-217.5232,1.8995,47.6556,141.1191,15.1864
15975,-11.0084,0.0096,0.5000,163.2358,-0.0002,-0.7086,-216.1397,1.8938,47.6752,141.3078,15.1616
15977,-10.9917,0.0076,0.5000,163.2508,-0.0002,-0.7059,-214.7315,1.8885,47.6929,141.4882,15.1422
15979,-10.9789,0.0056,0.5000,163.2611,-0.0002,-0.7033,-213.3013,1.8836,47.7086,141.6599,15.1284
15981,-10.9701,0.0037,0.5000,163.2666,-0.0002,-0.7007,-211.8517,1.8793,47.7224,141.8226,15.1202
15983,-10.9652,0.0017,0.5000,163.2671,-0.0002,-0.6981,-210.3852,1.8754,47.7342,141.9760,15.1174
15985,-10.9643,-0.0003,0.5000,163.2629,-0.0002,-0.6956,-208.9045,1.8720,47.7440,142.1199,15.1201
15987,-10.9673,-0.0022,0.5000,163.2538,-0.0002,-0.6931,-207.4124,1.8691,47.7518,142.2539,15.1283
15989,-10.9742,-0.0042,0.5000,163.2398,-0.0002,-0.6906,-205.9115,1.8666,47.7576,142.3777,15.1419
15991,-10.9849,-0.0061,0.5000,163.2209,-0.0002,-0.6882,-204.4046,1.8647,47.7614,142.4912,15.1610
15993,-10.9996,-0.0080,0.5000,163.1973,-0.0002,-0.6858,-202.8944,1.8632,47.7631,142.5941,15.1854
15995,-11.0180,-0.0099,0.5000,163.1688,-0.0002,-0.6834,-201.3836,1.8622,47.7628,142.6863,15.2152
15997,-11.0403,-0.0118,0.5000,163.1355,-0.0002,-0.6811,-199.8751,1.8617,47.7606,142.7675,15.2502
15999,-11.0662,-0.0137,0.5000,163.0975,-0.0002,-0.6788,-198.3716,1.8617,47.7563,142.8375,15.2906
16001,-11.0958,-0.0155,0.5000,163.0549,-0.0002,-0.6765,-196.8759,1.8622,47.7500,142.8964,15.3361
16003,-11.1289,-0.0173,0.5000,163.0075,-0.0002,-0.6743,-195.3907,1.8632,47.7418,142.9438,15.3868
16005,-11.1656,-0.0190,0.5000,162.9556,-0.0002,-0.6732,-194.6530,1.8639,47.7369,142.9633,15.4140
16007,-11.2058,-0.0207,0.5000,162.8992,-0.0002,-0.6710,-193.1889,1.8656,47.7257,142.9935,15.4723
16009,-11.2492,-0.0224,0.5000,162.8383,-0.0002,-0.6688,-191.7422,1.8678,47.7127,143.0122,15.5357
16011,28.5819,79.7319,0.5000,162.7864,-0.0000,-0.3679,-134.8495,3.7538,64.2859,229.6789,0.3555
16013,27.6128,-0.4451,0.5000,162.8528,-0.0000,-0.3742,-258.2415,7.4785,44.5199,230.3159,0.3911
16015,26.7466,-0.4293,0.5000,162.9192,-0.0000,-0.3798,-258.4508,6.9325,46.9841,231.0459,0.4256
16017,25.8962,-0.4228,0.5000,162.9914,-0.0000,-0.3855,-254.3936,5.7465,50.9443,231.6951,0.4624
16019,25.0588,-0.4162,0.5000,163.0720,-0.0000,-0.3918,-249.7996,4.5641,54.3923,232.3354,0.5068
16021,24.2352,-0.4092,0.5000,163.1617,-0.0000,-0.3969,-246.0769,3.8017,56.4338,232.8030,0.5463
16023,23.4258,-0.4020,0.5000,163.2600,-0.0000,-0.4019,-242.4650,3.2113,57.9040,233.2170,0.5882
16025,22.6309,-0.3948,0.5000,163.3657,-0.0000,-0.4068,-238.9080,2.7424,58.9701,233.5900,0.6334
16027,21.8504,-0.3875,0.5000,163.4773,-0.0000,-0.4115,-235.5051,2.3734,59.7121,233.9170,0.6812
16029,21.0844,-0.3803,0.5000,163.5930,-0.0000,-0.4162,-232.1894,2.0710,60.2262,234.2089,0.7330
16031,20.3327,-0.3732,0.5000,163.7110,-0.0000,-0.4214,-228.4667,1.7827,60.6044,234.5051,0.7987
16033,19.5952,-0.3662,0.5000,163.8297,-0.0000,-0.4259,-225.3419,1.5735,60.7872,234.7270,0.8615
16035,18.8715,-0.3592,0.5000,163.9474,-0.0000,-0.4293,-223.0685,1.4366,60.8537,234.8719,0.9124
16037,18.1616,-0.3524,0.5000,164.0627,-0.0000,-0.4349,-219.2909,1.2330,60.8570,235.0784,1.0088
16039,17.4651,-0.3458,0.5000,164.1745,-0.0000,-0.4376,-217.5312,1.1474,60.8166,235.1580,1.0596
16041,16.7817,-0.3392,0.5000,164.2816,-0.0000,-0.4402,-215.8508,1.0704,60.7562,235.2230,1.1121
16043,16.1112,-0.3329,0.5000,164.3832,-0.0000,-0.4451,-212.6996,0.9385,60.5887,235.3118,1.2226
16045,15.4532,-0.3267,0.5000,164.4786,-0.0000,-0.4474,-211.2155,0.8819,60.4868,235.3369,1.2807
16047,14.8075,-0.3206,0.5000,164.5670,-0.0000,-0.4497,-209.7836,0.8306,60.3759,235.3498,1.3405
16049,14.1736,-0.3148,0.5000,164.6482,-0.0000,-0.4540,-207.0501,0.7366,60.1333,235.3408,1.4660
16051,13.5512,-0.3091,0.5000,164.7217,-0.0000,-0.4565,-205.4335,0.6844,59.9731,235.3131,1.5472
16053,12.9400,-0.3036,0.5000,164.7872,-0.0000,-0.4589,-203.8552,0.6377,59.8069,235.2692,1.6314
16055,12.3395,-0.2983,0.5000,164.8447,-0.0000,-0.4612,-202.3040,0.5971,59.6356,235.2093,1.7187
16057,11.7494,-0.2931,0.5000,164.8940,-0.0000,-0.4632,-200.8509,0.5640,59.4701,235.1383,1.8042
16059,11.1693,-0.2882,0.5000,164.9351,-0.0000,-0.4654,-199.3121,0.5331,59.2909,235.0475,1.8983
16061,10.5988,-0.2835,0.5000,164.9680,-0.0000,-0.4682,-197.1775,0.4971,59.0393,234.8963,2.0339
16063,10.0374,-0.2790,0.5000,164.9926,-0.0000,-0.4702,-195.5684,0.4746,58.8495,234.7642,2.1391
16065,9.4848,-0.2747,0.5000,165.0092,-0.0000,-0.4720,-193.9906,0.4562,58.6649,234.6208,2.2441
16067,8.9405,-0.2706,0.5000,165.0176,-0.0000,-0.4737,-192.5355,0.4418,58.4971,234.4775,2.3422
16069,8.4042,-0.2668,0.5000,165.0181,-0.0000,-0.4760,-190.2516,0.4240,58.2398,234.2335,2.4974
16071,7.8753,-0.2631,0.5000,165.0107,-0.0000,-0.4779,-188.2584,0.4123,58.0225,234.0041,2.6333
16073,7.3534,-0.2597,0.5000,164.9956,-0.0000,-0.4797,-186.1862,0.4033,57.8046,233.7515,2.7746
16075,6.8381,-0.2564,0.5000,164.9727,-0.0000,-0.4814,-184.0246,0.3969,57.5862,233.4751,2.9213
16077,6.3290,-0.2534,0.5000,164.9421,-0.0000,-0.4822,-182.9072,0.3945,57.4768,233.3276,2.9968
16079,5.8257,-0.2507,0.5000,164.9040,-0.0000,-0.4839,-180.5935,0.3915,57.2578,233.0134,3.1522
16081,5.3276,-0.2481,0.5000,164.8584,-0.0000,-0.4854,-178.1674,0.3905,57.0385,232.6728,3.3137
16083,4.8343,-0.2458,0.5000,164.8052,-0.0000,-0.4869,-175.6206,0.3914,56.8189,232.3045,3.4815
16085,4.3454,-0.2437,0.5000,164.7445,-0.0000,-0.4884,-172.7549,0.3944,56.5837,231.8785,3.6685
16087,3.8605,-0.2418,0.5000,164.6764,-0.0000,-0.4895,-170.4890,0.3979,56.4059,231.5339,3.8150
16089,3.3790,-0.2401,0.5000,164.6006,-0.0000,-0.4907,-167.7127,0.4034,56.1969,231.1032,3.9931
16091,2.9006,-0.2387,0.5000,164.5173,-0.0000,-0.4917,-165.2330,0.4093,56.0177,230.7111,4.1512
16093,2.4248,-0.2375,0.5000,164.4263,-0.0000,-0.4928,-162.1991,0.4175,55.8070,230.2224,4.3434
16095,1.9512,-0.2365,0.5000,164.3275,-0.0000,-0.4939,-159.0661,0.4269,55.5983,229.7077,4.5411
16097,1.4793,-0.2357,0.5000,164.2208,-0.0000,-0.4950,-155.7260,0.4379,55.3844,229.1480,4.7513
16099,1.0087,-0.2351,0.5000,164.1061,-0.0000,-0.4962,-151.4725,0.4531,55.1233,228.4189,5.0191
16101,0.5389,-0.2348,0.5000,163.9832,-0.0000,-0.4971,-148.0559,0.4661,54.9213,227.8198,5.2350
16103,0.0696,-0.2346,0.5000,163.8518,-0.0000,-0.4982,-143.6011,0.4842,54.6666,227.0200,5.5184
16105,-0.3996,-0.2346,0.5000,163.7118,-0.0000,-0.4987,-141.3049,0.4939,54.5386,226.5991,5.6657
16107,-0.8691,-0.2349,0.5000,163.5630,-0.0000,-0.4997,-136.5824,0.5148,54.2812,225.7138,5.9723
16109,-1.3393,-0.2353,0.5000,163.4052,-0.0000,-0.5006,-131.6996,0.5377,54.0215,224.7686,6.2958
16111,-1.8105,-0.2358,0.5000,163.2380,-0.0000,-0.5010,-129.2043,0.5499,53.8908,224.2727,6.4644
16113,-2.2830,-0.2365,0.5000,163.0612,-0.0000,-0.5017,-125.0402,0.5710,53.6748,223.4244,6.7514
16115,-2.7571,-0.2373,0.5000,162.8746,-0.0000,-0.5024,-120.8060,0.5936,53.4568,222.5322,7.0519
16117,-3.2329,-0.2383,0.5000,162.6778,-0.0000,-0.5036,-112.2026,0.6432,53.0145,220.6128,7.6969
16119,-3.7107,-0.2393,0.5000,162.4707,-0.0000,-0.5042,-107.8778,0.6704,52.7899,219.5839,8.0430
16121,-4.1906,-0.2403,0.5000,162.2529,-0.0000,-0.5047,-103.5706,0.6993,52.5629,218.5080,8.4060
16123,-4.6726,-0.2414,0.5000,162.0242,-0.0000,-0.5052,-99.3087,0.7300,52.3332,217.3848,8.7869
16125,-5.1568,-0.2425,0.5000,161.7844,-0.0000,-0.5056,-95.1214,0.7625,52.1008,216.2141,9.1864
16127,-5.6431,-0.2435,0.5000,161.5332,-0.0000,-0.5060,-91.0389,0.7969,51.8656,214.9960,9.6055
16129,-6.1314,-0.2445,0.5000,161.2705,-0.0000,-0.5064,-87.0922,0.8333,51.6276,213.7308,10.0450
16131,-6.6215,-0.2454,0.5000,160.9961,-0.0000,-0.5068,-83.3127,0.8718,51.3868,212.4189,10.5057
16133,-7.1131,-0.2461,0.5000,160.7100,-0.0000,-0.5071,-79.7318,0.9124,51.1431,211.0614,10.9885
16135,-7.6060,-0.2466,0.5000,160.4121,-0.0001,-0.5073,-76.3804,0.9553,50.8967,209.6591,11.4939
16137,-8.0997,-0.2470,0.5000,160.1025,-0.0001,-0.5076,-73.2883,1.0005,50.6475,208.2135,12.0226
16139,-8.5937,-0.2471,0.5000,159.7812,-0.0001,-0.5078,-70.4849,1.0481,50.3957,206.7262,12.5752
16141,-9.0877,-0.2469,0.5000,159.4485,-0.0001,-0.5080,-67.9985,1.0982,50.1416,205.1992,13.1520
16143,-9.5809,-0.2464,0.5000,159.1044,-0.0001,-0.5081,-65.8563,1.1508,49.8852,203.6346,13.7532
16145,-10.0728,-0.2456,0.5000,158.7495,-0.0001,-0.5083,-64.0842,1.2060,49.6268,202.0350,14.3790
16147,-10.5626,-0.2444,0.5000,158.3841,-0.0001,-0.5083,-63.0341,1.2481,49.4361,200.8411,14.8535
16149,-11.0495,-0.2429,0.5000,158.0087,-0.0001,-0.5084,-61.8910,1.3130,49.1530,199.0474,15.5784
16151,-11.5329,-0.2409,0.5000,157.6240,-0.0001,-0.5085,-61.5100,1.3466,49.0110,198.1385,15.9514
16153,-12.0117,-0.2385,0.5000,157.2308,-0.0002,-0.5085,-61.1457,1.4162,48.7262,196.2996,16.7176
16155,-12.4851,-0.2356,0.5000,156.8299,-0.0002,-0.5086,-61.3301,1.4888,48.4409,194.4363,17.5098
16157,-12.9522,-0.2322,0.5000,156.4222,-0.0003,-0.5087,-62.0802,1.5645,48.1558,192.5536,18.3262
16159,-13.4119,-0.2284,0.5000,156.0090,-0.0003,-0.5087,-63.4052,1.6431,47.8714,190.6567,19.1648
16161,-13.8633,-0.2240,0.5000,155.5914,-0.0003,-0.5088,-65.3030,1.7246,47.5886,188.7511,20.0228
16163,-14.3052,-0.2191,0.5000,155.1708,-0.0004,-0.5089,-67.7570,1.8087,47.3080,186.8421,20.8973
16165,-14.7368,-0.2137,0.5000,154.7487,-0.0004,-0.5090,-70.7337,1.8952,47.0304,184.9354,21.7847
16167,-15.1571,-0.2079,0.5000,154.3267,-0.0002,-0.5091,-72.4022,1.9393,46.8929,183.9846,22.2321
16169,-15.5652,-0.2017,0.5000,153.9066,-0.0006,-0.5093,-76.5476,2.0404,46.5872,181.8519,23.2463
16171,-15.9604,-0.1951,0.5000,153.4900,-0.0005,-0.5095,-79.7062,2.1124,46.3774,180.3743,23.9568
16173,-16.3421,-0.1883,0.5000,153.0790,-0.0005,-0.5099,-84.1615,2.2096,46.1032,178.4224,24.9036
16175,-16.7099,-0.1813,0.5000,152.6753,-0.0008,-0.5102,-88.1350,2.2943,45.8725,176.7601,25.7159
16177,-17.0636,-0.1742,0.5000,152.2810,-0.0006,-0.5106,-92.3404,2.3838,45.6365,175.0376,26.5620
16179,-17.4030,-0.1671,0.5000,151.8978,-0.0010,-0.5110,-96.0216,2.4635,45.4329,173.5312,27.3044
16181,-17.7285,-0.1601,0.5000,151.5275,-0.0008,-0.5115,-100.0515,2.5535,45.2093,171.8523,28.1334
16183,-18.0402,-0.1533,0.5000,151.1718,-0.0014,-0.5121,-103.8721,2.6433,44.9930,170.1992,28.9501
16185,-18.3387,-0.1468,0.5000,150.8322,-0.0013,-0.5127,-107.5902,2.7369,44.7745,168.4960,29.7909
16187,-18.6245,-0.1406,0.5000,150.5098,-0.0015,-0.5133,-110.6621,2.8205,44.5848,166.9860,30.5348
16189,-18.8983,-0.1347,0.5000,150.2059,-0.0017,-0.5139,-113.5947,2.9074,44.3930,165.4257,31.3015
16191,-19.1607,-0.1291,0.5000,149.9211,-0.0018,-0.5145,-116.2411,2.9933,44.2086,163.8892,32.0538
16193,-19.4123,-0.1239,0.5000,149.6560,-0.0020,-0.5152,-118.9825,3.0913,44.0040,162.1394,32.9066
16195,-19.6537,-0.1188,0.5000,149.4109,-0.0021,-0.5159,-121.4360,3.1878,43.8087,160.4195,33.7401
16197,-19.8854,-0.1141,0.5000,149.1859,-0.0023,-0.5165,-123.6695,3.2825,43.6225,158.7286,34.5541
16199,-20.1078,-0.1095,0.5000,148.9810,-0.0024,-0.5168,-124.7255,3.3292,43.5326,157.8939,34.9536
16201,-20.3212,-0.1051,0.5000,148.7958,-0.0027,-0.5175,-127.7952,3.4689,43.2713,155.3919,36.1404
16203,-20.5259,-0.1007,0.5000,148.6299,-0.0029,-0.5178,-129.2850,3.5371,43.1476,154.1657,36.7150
16205,-20.7221,-0.0965,0.5000,148.4829,-0.0031,-0.5181,-130.7708,3.6041,43.0284,152.9561,37.2764
16207,-20.9098,-0.0923,0.5000,148.3541,-0.0032,-0.5183,-132.2646,3.6700,42.9136,151.7635,37.8240
16209,-21.0893,-0.0882,0.5000,148.2430,-0.0034,-0.5184,-133.7787,3.7347,42.8031,150.5879,38.3571
16211,-21.2606,-0.0841,0.5000,148.1489,-0.0036,-0.5185,-135.3178,3.7981,42.6967,149.4296,38.8751
16213,-21.4236,-0.0800,0.5000,148.0712,-0.0038,-0.5186,-136.8865,3.8602,42.5945,148.2889,39.3772
16215,-21.5785,-0.0759,0.5000,148.0091,-0.0039,-0.5186,-138.4873,3.9210,42.4963,147.1659,39.8627
16217,-21.7252,-0.0718,0.5000,147.9622,-0.0043,-0.5184,-141.7928,4.0381,42.3118,144.9743,40.7813
16219,-21.8638,-0.0678,0.5000,147.9297,-0.0045,-0.5183,-143.5000,4.0944,42.2255,143.9062,41.2129
16221,-21.9942,-0.0637,0.5000,147.9110,-0.0045,-0.5181,-145.2451,4.1491,42.1430,142.8568,41.6251
16223,-22.1165,-0.0596,0.5000,147.9058,-0.0047,-0.5179,-147.0299,4.2021,42.0645,141.8265,42.0173
16225,-22.2306,-0.0555,0.5000,147.9133,-0.0051,-0.5177,-148.8570,4.2533,41.9898,140.8154,42.3888
16227,-22.3365,-0.0514,0.5000,147.9331,-0.0051,-0.5174,-150.7297,4.3027,41.9190,139.8239,42.7388
16229,-22.4342,-0.0473,0.5000,147.9648,-0.0049,-0.5170,-152.6506,4.3503,41.8520,138.8523,43.0668
16231,-22.5235,-0.0431,0.5000,148.0079,-0.0056,-0.5163,-156.6596,4.4394,41.7296,136.9696,43.6535
16233,-22.6045,-0.0389,0.5000,148.0620,-0.0053,-0.5159,-158.7576,4.4808,41.6743,136.0592,43.9109
16235,-22.6770,-0.0347,0.5000,148.1268,-0.0056,-0.5154,-160.9281,4.5201,41.6228,135.1700,44.1432
16237,-22.7409,-0.0303,0.5000,148.2019,-0.0060,-0.5149,-163.1773,4.5572,41.5753,134.3023,44.3498
16239,-22.7961,-0.0259,0.5000,148.2869,-0.0059,-0.5144,-165.5138,4.5919,41.5317,133.4565,44.5298
16241,-22.8424,-0.0214,0.5000,148.3817,-0.0054,-0.5139,-167.9477,4.6243,41.4921,132.6332,44.6823
16243,-22.8795,-0.0168,0.5000,148.4859,-0.0061,-0.5133,-170.4895,4.6542,41.4566,131.8329,44.8065
16245,-22.9072,-0.0121,0.5000,148.5994,-0.0063,-0.5123,-174.9041,4.6976,41.4074,130.5755,44.9460
16247,-22.9253,-0.0072,0.5000,148.7221,-0.0061,-0.5118,-177.2481,4.7167,41.3871,129.9713,44.9850
16249,-22.9334,-0.0021,0.5000,148.8537,-0.0069,-0.5113,-179.6929,4.7339,41.3696,129.3839,45.0029
16251,-22.9311,0.0031,0.5000,148.9942,-0.0061,-0.5102,-184.9213,4.7628,41.3434,128.2613,44.9724
16253,-22.9180,0.0086,0.5000,149.1436,-0.0064,-0.5096,-187.7241,4.7742,41.3349,127.7271,44.9228
16255,-22.8937,0.0143,0.5000,149.3019,-0.0064,-0.5085,-193.7611,4.7910,41.3272,126.7157,44.7513
16257,-22.8575,0.0204,0.5000,149.4691,-0.0064,-0.5076,-198.3263,4.7976,41.3295,126.0614,44.5734
16259,-22.8089,0.0267,0.5000,149.6455,-0.0060,-0.5067,-203.2463,4.8000,41.3384,125.4474,44.3446
16261,-22.7471,0.0334,0.5000,149.8311,-0.0061,-0.5058,-208.5644,4.7978,41.3542,124.8758,44.0628
16263,-22.6713,0.0406,0.5000,150.0263,-0.0061,-0.5048,-214.3296,4.7911,41.3771,124.3490,43.7256
16265,-22.5807,0.0482,0.5000,150.2313,-0.0060,-0.5039,-220.5979,4.7795,41.4075,123.8697,43.3303
16267,-22.4743,0.0563,0.5000,150.4466,-0.0059,-0.5028,-227.4327,4.7628,41.4458,123.4407,42.8743
16269,-22.3507,0.0651,0.5000,150.6727,-0.0057,-0.5018,-234.9067,4.7409,41.4925,123.0655,42.3548
16271,-22.2089,0.0745,0.5000,150.9101,-0.0055,-0.5007,-243.1036,4.7135,41.5481,122.7479,41.7689
16273,-22.0473,0.0847,0.5000,151.1594,-0.0053,-0.4996,-252.1196,4.6804,41.6131,122.4919,41.1135
16275,-21.8642,0.0958,0.5000,151.4216,-0.0051,-0.4984,-262.0657,4.6413,41.6882,122.3026,40.3854
16277,-21.6578,0.1078,0.5000,151.6974,-0.0048,-0.4971,-273.0706,4.5959,41.7741,122.1853,39.5815
16279,-21.4258,0.1210,0.5000,151.9880,-0.0046,-0.4958,-285.2839,4.5441,41.8715,122.1462,38.6984
16281,-21.1660,0.1355,0.5000,152.2944,-0.0043,-0.4944,-298.8799,4.4855,41.9814,122.1925,37.7330
16283,-20.8754,0.1514,0.5000,152.6181,-0.0040,-0.4929,-314.0632,4.4200,42.1047,122.3323,36.6822
16285,-20.5508,0.1690,0.5000,152.9606,-0.0036,-0.4913,-331.0747,4.3472,42.2425,122.5749,35.5430
16287,-20.1887,0.1885,0.5000,153.3235,-0.0033,-0.4896,-350.2010,4.2670,42.3960,122.9311,34.3127
16289,-19.7848,0.2103,0.5000,153.7089,-0.0030,-0.4878,-371.8161,4.1792,42.5666,123.4134,32.9891
16291,-19.3342,0.2347,0.5000,154.1189,-0.0027,-0.4857,-396.2576,4.0837,42.7557,124.0361,31.5707
16293,-18.8311,0.2621,0.5000,154.5561,-0.0023,-0.4835,-424.1228,3.9804,42.9650,124.8165,30.0565
16295,-18.2689,0.2930,0.5000,155.0233,-0.0021,-0.4817,-447.3392,3.8993,43.1334,125.5048,28.8781
16297,-17.6396,0.3283,0.5000,155.5238,-0.0018,-0.4798,-473.0613,3.8142,43.3145,126.2991,27.6481
16299,-16.9333,0.3688,0.5000,156.0613,-0.0014,-0.4755,-534.1144,3.6322,43.7190,128.2523,25.0342
16301,-16.1379,0.4160,0.5000,156.6401,-0.0012,-0.4730,-570.8060,3.5359,43.9444,129.4398,23.6520
16303,-15.2375,0.4720,0.5000,157.2653,-0.0009,-0.4690,-632.8187,3.3941,44.2946,131.4166,21.6030
16305,-14.2107,0.5400,0.5000,157.9428,-0.0007,-0.4644,-710.4312,3.2482,44.6837,133.7981,19.4568
16307,-13.0271,0.6254,0.5000,158.6802,-0.0005,-0.4599,-794.6145,3.1229,45.0494,136.2186,17.5542
16309,-11.6422,0.7367,0.5000,159.4869,-0.0004,-0.4556,-881.9935,3.0209,45.3781,138.5535,15.9315
16311,-9.9870,0.8883,0.5000,160.3756,-0.0003,-0.4480,-1058.7337,2.8754,45.9234,142.8013,13.4038
16313,-7.9556,1.1015,0.5000,161.3639,-0.0002,-0.4395,-1282.1180,2.7636,46.4637,147.5533,11.0845
16315,-5.3938,1.4000,0.5000,162.4772,-0.0001,-0.4297,-1556.8445,2.6876,47.0036,152.9951,8.9358
16317,-2.1396,1.7665,0.5000,163.7511,-0.0000,-0.4154,-1928.0275,2.6504,47.6620,160.9480,6.5347
16319,1.7807,2.0507,0.5000,165.2300,-0.0000,-0.3973,-2194.4519,2.6845,48.3083,170.8863,4.4360
16321,5.9322,2.0509,0.5000,166.9503,-0.0000,-0.3797,-2184.7099,2.7614,48.8377,180.4996,3.0730
16323,9.7548,1.8090,0.5000,168.9160,0.0000,-0.3609,-1974.9682,2.8428,49.4963,190.8144,2.1033
16325,12.9866,1.4998,0.5000,171.0922,-0.0000,-0.3462,-1749.5047,2.8694,50.2511,199.0236,1.5810
16327,15.6249,1.2162,0.5000,173.4193,-0.0000,-0.3326,-1534.3768,2.8776,51.2332,206.7545,1.2302
16329,17.7541,0.9795,0.5000,175.8310,0.0000,-0.3202,-1346.9698,2.8502,52.3992,214.0119,0.9914
16331,19.4659,0.7868,0.5000,178.2654,0.0000,-0.3104,-1208.2721,2.7793,53.5003,219.9786,0.8446
16333,20.8387,0.6302,0.5000,180.6708,0.0000,-0.3019,-1096.7318,2.6789,54.5566,225.3329,0.7425
16335,21.9353,0.5023,0.5000,183.0069,-0.0000,-0.2952,-1012.4823,2.5697,55.4629,229.8300,0.6745
16337,22.8054,0.3972,0.5000,185.2443,-0.0000,-0.2886,-934.4123,2.4359,56.3861,234.4591,0.6187
16339,23.4883,0.3100,0.5000,187.3630,-0.0000,-0.2824,-864.3559,2.2831,57.2777,239.1047,0.5752
16341,24.0153,0.2372,0.5000,189.3507,0.0000,-0.2781,-816.8863,2.1582,57.9099,242.5881,0.5497
16343,24.4117,0.1761,0.5000,191.2006,-0.0000,-0.2743,-776.2244,2.0352,58.4643,245.8373,0.5310
16345,24.6980,0.1244,0.5000,192.9106,-0.0000,-0.2700,-730.4523,1.8765,59.0945,249.8494,0.5141
16347,24.8910,0.0806,0.5000,194.4818,-0.0000,-0.2673,-701.2222,1.7625,59.4952,252.6452,0.5062
16349,25.0045,0.0432,0.5000,195.9173,-0.0000,-0.2649,-675.5445,1.6535,59.8421,255.2772,0.5017
16351,25.0503,0.0113,0.5000,197.2220,-0.0000,-0.2628,-652.8441,1.5498,60.1418,257.7600,0.5000
16353,25.0379,-0.0161,0.5000,198.4016,-0.0000,-0.2610,-632.6582,1.4515,60.4000,260.1058,0.5006
16355,24.9757,-0.0397,0.5000,199.4624,-0.0000,-0.2593,-613.1065,1.3506,60.6401,262.5161,0.5037
16357,24.8705,-0.0599,0.5000,200.4111,-0.0000,-0.2578,-595.6960,1.2561,60.8430,264.7890,0.5090
16359,24.7284,-0.0774,0.5000,201.2544,-0.0000,-0.2566,-580.1063,1.1678,61.0138,266.9353,0.5161
16361,24.5544,-0.0925,0.5000,201.9990,-0.0000,-0.2556,-566.0741,1.0856,61.1565,268.9643,0.5251
16363,24.3529,-0.1054,0.5000,202.6514,-0.0000,-0.2548,-553.3809,1.0091,61.2748,270.8846,0.5356
16365,24.1278,-0.1166,0.5000,203.2179,-0.0000,-0.2541,-541.8438,0.9380,61.3717,272.7036,0.5475
16367,23.8822,-0.1263,0.5000,203.7045,-0.0000,-0.2535,-531.3077,0.8722,61.4497,274.4281,0.5609
16369,23.6191,-0.1346,0.5000,204.1170,-0.0000,-0.2531,-521.6401,0.8112,61.5111,276.0643,0.5756
16371,23.3408,-0.1417,0.5000,204.4606,-0.0000,-0.2527,-512.7269,0.7549,61.5575,277.6178,0.5915
16373,23.0496,-0.1479,0.5000,204.7407,-0.0000,-0.2525,-504.4689,0.7028,61.5907,279.0936,0.6086
16375,22.7472,-0.1531,0.5000,204.9619,-0.0000,-0.2524,-496.7794,0.6548,61.6120,280.4962,0.6269
16377,22.4352,-0.1576,0.5000,205.1287,-0.0000,-0.2523,-489.5822,0.6106,61.6226,281.8299,0.6464
16379,22.1151,-0.1615,0.5000,205.2455,-0.0000,-0.2523,-482.8097,0.5698,61.6234,283.0984,0.6669
16381,21.7880,-0.1648,0.5000,205.3161,-0.0000,-0.2524,-473.0158,0.5130,61.6077,284.9431,0.7010
16383,21.4548,-0.1676,0.5000,205.3441,-0.0000,-0.2525,-468.3871,0.4873,61.5927,285.8132,0.7190
16385,21.1166,-0.1700,0.5000,205.3331,-0.0000,-0.2526,-463.9088,0.4632,61.5735,286.6502,0.7377
16387,20.7739,-0.1721,0.5000,205.2861,-0.0000,-0.2528,-459.5620,0.4407,61.5503,287.4551,0.7570
16389,20.4275,-0.1739,0.5000,205.2061,-0.0000,-0.2531,-451.1961,0.3999,61.4927,288.9725,0.7978
16391,20.0778,-0.1754,0.5000,205.0959,-0.0000,-0.2533,-447.1472,0.3815,61.4589,289.6869,0.8192
16393,19.7253,-0.1767,0.5000,204.9580,-0.0000,-0.2536,-443.1703,0.3643,61.4218,290.3727,0.8413
16395,19.3704,-0.1779,0.5000,204.7947,-0.0000,-0.2538,-439.2541,0.3483,61.3818,291.0307,0.8641
16397,19.0132,-0.1790,0.5000,204.6081,-0.0000,-0.2544,-431.5644,0.3195,61.2935,292.2654,0.9119
16399,18.6541,-0.1799,0.5000,204.4003,-0.0000,-0.2547,-427.7739,0.3065,61.2454,292.8432,0.9370
16401,18.2931,-0.1808,0.5000,204.1731,-0.0000,-0.2550,-424.0101,0.2945,61.1949,293.3954,0.9628
16403,17.9306,-0.1816,0.5000,203.9282,-0.0000,-0.2556,-416.5398,0.2729,61.0869,294.4240,1.0168
16405,17.5665,-0.1823,0.5000,203.6670,-0.0000,-0.2559,-412.8236,0.2633,61.0294,294.9012,1.0451
16407,17.2010,-0.1830,0.5000,203.3911,-0.0000,-0.2563,-409.1148,0.2544,60.9701,295.3541,1.0743
16409,16.8340,-0.1837,0.5000,203.1016,-0.0000,-0.2568,-403.9632,0.2432,60.8840,295.9440,1.1163
16411,16.4657,-0.1844,0.5000,202.7998,-0.0000,-0.2573,-398.8140,0.2332,60.7941,296.4880,1.1602
16413,16.0961,-0.1851,0.5000,202.4867,-0.0000,-0.2575,-396.2389,0.2286,60.7477,296.7429,1.1828
16415,15.7251,-0.1857,0.5000,202.1634,-0.0000,-0.2581,-390.3297,0.2192,60.6380,297.2848,1.2366
16417,15.3528,-0.1864,0.5000,201.8307,-0.0000,-0.2586,-385.3250,0.2123,60.5415,297.6971,1.2841
16419,14.9792,-0.1871,0.5000,201.4893,-0.0000,-0.2590,-381.4809,0.2076,60.4652,297.9852,1.3219
16421,14.6042,-0.1877,0.5000,201.1401,-0.0000,-0.2595,-377.1283,0.2028,60.3767,298.2814,1.3661
16423,14.2279,-0.1884,0.5000,200.7836,-0.0000,-0.2600,-371.9397,0.1976,60.2682,298.5935,1.4209
16425,13.8502,-0.1891,0.5000,200.4205,-0.0000,-0.2605,-367.4869,0.1934,60.1725,298.8261,1.4698
16427,13.4712,-0.1898,0.5000,200.0513,-0.0000,-0.2610,-362.9293,0.1895,60.0721,299.0307,1.5216
16429,13.0908,-0.1905,0.5000,199.6765,-0.0000,-0.2615,-357.7505,0.1858,59.9550,299.2224,1.5829
16431,12.7090,-0.1912,0.5000,199.2964,-0.0000,-0.2622,-351.2419,0.1823,59.8033,299.4023,1.6638
16433,12.3258,-0.1919,0.5000,198.9115,-0.0000,-0.2627,-346.7081,0.1806,59.6946,299.4876,1.7227
16435,11.9412,-0.1926,0.5000,198.5222,-0.0000,-0.2632,-342.1741,0.1795,59.5835,299.5403,1.7839
16437,11.5552,-0.1933,0.5000,198.1286,-0.0000,-0.2637,-337.6386,0.1790,59.4699,299.5602,1.8474
16439,11.1677,-0.1940,0.5000,197.7311,-0.0000,-0.2642,-332.8678,0.1792,59.3477,299.5459,1.9170
16441,10.7788,-0.1947,0.5000,197.3299,-0.0000,-0.2647,-328.0958,0.1799,59.2228,299.4955,1.9894
16443,10.3884,-0.1955,0.5000,196.9253,-0.0000,-0.2653,-323.3231,0.1813,59.0952,299.4089,2.0648
16445,9.9966,-0.1962,0.5000,196.5174,-0.0000,-0.2658,-318.5488,0.1832,58.9649,299.2861,2.1433
16447,9.6033,-0.1969,0.5000,196.1063,-0.0000,-0.2663,-313.7715,0.1858,58.8318,299.1269,2.2250
16449,9.2085,-0.1977,0.5000,195.6922,-0.0000,-0.2668,-308.9896,0.1889,58.6961,298.9313,2.3102
16451,8.8121,-0.1985,0.5000,195.2753,-0.0000,-0.2673,-304.2011,0.1926,58.5577,298.6991,2.3990
16453,8.4142,-0.1993,0.5000,194.8556,-0.0000,-0.2678,-299.4033,0.1969,58.4166,298.4300,2.4915
16455,8.0147,-0.2001,0.5000,194.4331,-0.0000,-0.2683,-294.5934,0.2017,58.2727,298.1239,2.5879
16457,7.6135,-0.2009,0.5000,194.0081,-0.0000,-0.2688,-289.7677,0.2071,58.1262,297.7803,2.6884
16459,7.2106,-0.2017,0.5000,193.5804,-0.0000,-0.2693,-284.9223,0.2130,57.9770,297.3990,2.7932
16461,6.8060,-0.2026,0.5000,193.1502,-0.0000,-0.2698,-280.0526,0.2196,57.8252,296.9796,2.9026
16463,6.3996,-0.2036,0.5000,192.7175,-0.0000,-0.2703,-275.1536,0.2267,57.6706,296.5215,3.0167
16465,5.9913,-0.2045,0.5000,192.2823,-0.0000,-0.2708,-270.2198,0.2344,57.5133,296.0243,3.1358
16467,5.5810,-0.2055,0.5000,191.8445,-0.0000,-0.2713,-265.2452,0.2427,57.3534,295.4873,3.2602
16469,5.1686,-0.2066,0.5000,191.4043,-0.0000,-0.2717,-260.2235,0.2516,57.1907,294.9099,3.3901
16471,4.7540,-0.2077,0.5000,190.9614,-0.0000,-0.2722,-255.1480,0.2611,57.0253,294.2913,3.5259
16473,4.3371,-0.2089,0.5000,190.5159,-0.0000,-0.2727,-250.0115,0.2713,56.8571,293.6307,3.6678
16475,3.9177,-0.2102,0.5000,190.0678,-0.0000,-0.2731,-244.8068,0.2822,56.6861,292.9272,3.8163
16477,3.4957,-0.2115,0.5000,189.6169,-0.0000,-0.2736,-239.5265,0.2937,56.5123,292.1798,3.9717
16479,3.0709,-0.2129,0.5000,189.1631,-0.0000,-0.2741,-234.1633,0.3060,56.3356,291.3874,4.1345
16481,2.6431,-0.2145,0.5000,188.7064,-0.0000,-0.2745,-228.7103,0.3190,56.1560,290.5489,4.3051
16483,2.2122,-0.2161,0.5000,188.2466,-0.0000,-0.2750,-223.1598,0.3329,55.9734,289.6630,4.4840
16485,1.7778,-0.2178,0.5000,187.7837,-0.0000,-0.2754,-217.5062,0.3475,55.7878,288.7285,4.6718
16487,1.3399,-0.2197,0.5000,187.3173,-0.0000,-0.2759,-211.7444,0.3630,55.5991,287.7439,4.8690
16489,0.8981,-0.2216,0.5000,186.8474,-0.0000,-0.2763,-205.8704,0.3795,55.4071,286.7078,5.0762
16491,0.4523,-0.2237,0.5000,186.3738,-0.0000,-0.2768,-199.8812,0.3969,55.2117,285.6187,5.2942
16493,0.0021,-0.2259,0.5000,185.8961,-0.0000,-0.2772,-193.7774,0.4153,55.0130,284.4750,5.5237
16495,-0.4526,-0.2282,0.5000,185.4144,-0.0000,-0.2777,-187.5596,0.4348,54.8107,283.2752,5.7655
16497,-0.9121,-0.2307,0.5000,184.9281,-0.0000,-0.2781,-181.2322,0.4555,54.6048,282.0177,6.0205
16499,-1.3766,-0.2332,0.5000,184.4372,-0.0000,-0.2785,-174.8046,0.4773,54.3949,280.7009,6.2896
16501,-1.8463,-0.2358,0.5000,183.9413,-0.0000,-0.2790,-168.2898,0.5005,54.1813,279.3234,6.5737
16503,-2.3214,-0.2386,0.5000,183.4401,-0.0000,-0.2794,-161.7026,0.5251,53.9636,277.8838,6.8739
16505,-2.8020,-0.2413,0.5000,182.9334,-0.0000,-0.2798,-155.0636,0.5512,53.7414,276.3809,7.1914
16507,-3.2882,-0.2442,0.5000,182.4207,-0.0000,-0.2801,-150.5516,0.5698,53.5886,275.3268,7.4167
16509,-3.7801,-0.2470,0.5000,181.9019,-0.0000,-0.2807,-141.5281,0.6092,53.2767,273.1287,7.8942
16511,-4.2776,-0.2498,0.5000,181.3764,-0.0000,-0.2810,-135.4487,0.6377,53.0606,271.5705,8.2393
16513,-4.7808,-0.2526,0.5000,180.8442,-0.0000,-0.2814,-129.4319,0.6679,52.8404,269.9565,8.6029
16515,-5.2893,-0.2553,0.5000,180.3048,-0.0000,-0.2818,-123.5095,0.6998,52.6161,268.2868,8.9862
16517,-5.8031,-0.2578,0.5000,179.7580,-0.0000,-0.2821,-117.7157,0.7335,52.3877,266.5614,9.3900
16519,-6.3216,-0.2602,0.5000,179.2035,-0.0000,-0.2825,-110.5935,0.7791,52.0914,264.2896,9.9343
16521,-6.8447,-0.2623,0.5000,178.6412,-0.0000,-0.2830,-102.4138,0.8388,51.7230,261.4172,10.6441
16523,-7.3716,-0.2642,0.5000,178.0708,-0.0000,-0.2833,-98.5501,0.8705,51.5351,259.9345,11.0202
16525,-7.9019,-0.2657,0.5000,177.4922,-0.0000,-0.2835,-94.8582,0.9037,51.3448,258.4217,11.4111
16527,-8.4349,-0.2669,0.5000,176.9055,-0.0001,-0.2840,-88.0480,0.9741,50.9573,255.3096,12.2384
16529,-8.9698,-0.2677,0.5000,176.3105,-0.0001,-0.2842,-84.9571,1.0115,50.7601,253.7124,12.6753
16531,-9.5058,-0.2681,0.5000,175.7074,-0.0001,-0.2846,-79.4661,1.0910,50.3596,250.4416,13.5971
16533,-10.0421,-0.2681,0.5000,175.0964,-0.0001,-0.2848,-77.0886,1.1330,50.1565,248.7708,14.0822
16535,-10.5776,-0.2675,0.5000,174.4778,-0.0001,-0.2851,-73.1194,1.2220,49.7452,245.3655,15.1014
16537,-11.1115,-0.2665,0.5000,173.8518,-0.0001,-0.2853,-71.5454,1.2690,49.5374,243.6344,15.6354
16539,-11.6426,-0.2649,0.5000,173.2191,-0.0002,-0.2854,-70.2558,1.3177,49.3283,241.8865,16.1855
16541,-12.1699,-0.2628,0.5000,172.5801,-0.0002,-0.2857,-68.5562,1.4201,48.9073,238.3480,17.3331
16543,-12.6923,-0.2601,0.5000,171.9356,-0.0002,-0.2859,-68.1569,1.4739,48.6957,236.5612,17.9299
16545,-13.2086,-0.2569,0.5000,171.2863,-0.0003,-0.2861,-68.2767,1.5865,48.2717,232.9628,19.1670
16547,-13.7177,-0.2531,0.5000,170.6333,-0.0003,-0.2863,-68.7972,1.6452,48.0598,231.1553,19.8059
16549,-14.2184,-0.2486,0.5000,169.9774,-0.0004,-0.2864,-69.6227,1.7056,47.8482,229.3452,20.4574
16551,-14.7096,-0.2437,0.5000,169.3200,-0.0004,-0.2866,-72.1584,1.8309,47.4273,225.7254,21.7941
16553,-15.1900,-0.2381,0.5000,168.6623,-0.0004,-0.2868,-73.8465,1.8958,47.2185,223.9201,22.4772
16555,-15.6588,-0.2321,0.5000,168.0057,-0.0006,-0.2870,-77.9733,2.0296,46.8056,220.3284,23.8670
16557,-16.1149,-0.2256,0.5000,167.3517,-0.0007,-0.2871,-80.3645,2.0983,46.6020,218.5461,24.5711
16559,-16.5574,-0.2187,0.5000,166.7018,-0.0007,-0.2873,-82.9339,2.1682,46.4007,216.7749,25.2796
16561,-16.9859,-0.2115,0.5000,166.0579,-0.0010,-0.2876,-88.4612,2.3107,46.0060,213.2719,26.7048
16563,-17.3997,-0.2042,0.5000,165.4215,-0.0011,-0.2877,-91.3410,2.3832,45.8131,211.5426,27.4190
16565,-17.7989,-0.1968,0.5000,164.7945,-0.0011,-0.2881,-97.1228,2.5300,45.4369,208.1326,28.8457
16567,-18.1833,-0.1895,0.5000,164.1785,-0.0013,-0.2882,-99.9460,2.6041,45.2540,206.4530,29.5563
16569,-18.5532,-0.1823,0.5000,163.5751,-0.0014,-0.2886,-105.2762,2.7531,44.8993,203.1456,30.9690
16571,-18.9092,-0.1754,0.5000,162.9860,-0.0014,-0.2888,-107.7252,2.8279,44.7277,201.5175,31.6702
16573,-19.2518,-0.1689,0.5000,162.4125,-0.0018,-0.2891,-110.0011,2.9026,44.5599,199.9063,32.3678
16575,-19.5819,-0.1628,0.5000,161.8559,-0.0019,-0.2894,-112.8427,3.0061,44.3338,197.7006,33.3280
16577,-19.9002,-0.1571,0.5000,161.3171,-0.0022,-0.2897,-115.3124,3.1094,44.1150,195.5247,34.2811
16579,-20.2078,-0.1518,0.5000,160.7970,-0.0024,-0.2900,-117.4124,3.2122,43.9034,193.3771,35.2277
16581,-20.5053,-0.1470,0.5000,160.2962,-0.0027,-0.2903,-119.1655,3.3147,43.6987,191.2560,36.1684
16583,-20.7937,-0.1425,0.5000,159.8150,-0.0031,-0.2908,-120.9738,3.4463,43.4440,188.5507,37.3770
16585,-21.0735,-0.1384,0.5000,159.3536,-0.0031,-0.2910,-122.0393,3.5445,43.2599,186.5473,38.2787
16587,-21.3456,-0.1346,0.5000,158.9118,-0.0034,-0.2913,-122.8188,3.6322,43.0994,184.7674,39.0850
16589,-21.6104,-0.1311,0.5000,158.4896,-0.0038,-0.2916,-123.6025,3.7419,42.9037,182.5527,40.0951
16591,-21.8685,-0.1278,0.5000,158.0864,-0.0040,-0.2919,-124.2075,3.8510,42.7143,180.3624,41.1020
16593,-22.1202,-0.1247,0.5000,157.7019,-0.0044,-0.2921,-124.6688,3.9596,42.5308,178.1955,42.1062
16595,-22.3659,-0.1218,0.5000,157.3354,-0.0047,-0.2923,-124.9418,4.0428,42.3933,176.5444,42.8769
16597,-22.6060,-0.1190,0.5000,156.9863,-0.0053,-0.2925,-125.3042,4.2084,42.1275,173.2814,44.4148
16599,-22.8408,-0.1164,0.5000,156.6539,-0.0056,-0.2926,-125.4011,4.2909,41.9988,171.6688,45.1823
16601,-23.0705,-0.1140,0.5000,156.3373,-0.0059,-0.2927,-125.4443,4.3731,41.8727,170.0686,45.9492
16603,-23.2956,-0.1117,0.5000,156.0360,-0.0062,-0.2928,-125.4342,4.4552,41.7491,168.4804,46.7155
16605,-23.5162,-0.1095,0.5000,155.7490,-0.0066,-0.2928,-125.3697,4.5370,41.6278,166.9039,47.4817
16607,-23.7328,-0.1075,0.5000,155.4757,-0.0073,-0.2929,-125.0715,4.7002,41.3917,163.7847,49.0150
16609,-23.9455,-0.1057,0.5000,155.2151,-0.0077,-0.2929,-124.8346,4.7816,41.2767,162.2412,49.7829
16611,-24.1548,-0.1040,0.5000,154.9666,-0.0082,-0.2928,-124.5371,4.8628,41.1635,160.7081,50.5522
16613,-24.3609,-0.1025,0.5000,154.7293,-0.0086,-0.2928,-124.1775,4.9440,41.0521,159.1849,51.3234
16615,-24.5641,-0.1011,0.5000,154.5025,-0.0089,-0.2928,-123.7542,5.0251,40.9423,157.6713,52.0973
16617,-24.7649,-0.0999,0.5000,154.2854,-0.0099,-0.2926,-122.7114,5.1872,40.7271,154.6710,53.6552
16619,-24.9634,-0.0989,0.5000,154.0773,-0.0103,-0.2925,-122.0898,5.2683,40.6214,153.1834,54.4408
16621,-25.1601,-0.0980,0.5000,153.8773,-0.0107,-0.2924,-121.4002,5.3495,40.5169,151.7038,55.2319
16623,-25.3552,-0.0973,0.5000,153.6848,-0.0115,-0.2923,-120.6419,5.4308,40.4134,150.2315,56.0292
16625,-25.5492,-0.0968,0.5000,153.4990,-0.0123,-0.2920,-118.9158,5.5941,40.2092,147.3074,57.6466
16627,-25.7424,-0.0965,0.5000,153.3192,-0.0129,-0.2918,-117.9474,5.6761,40.1081,145.8546,58.4687
16629,-25.9350,-0.0963,0.5000,153.1446,-0.0137,-0.2916,-116.9081,5.7586,40.0076,144.4075,59.3011
16631,-26.1276,-0.0963,0.5000,152.9746,-0.0143,-0.2915,-115.7977,5.8414,39.9075,142.9654,60.1450
16633,-26.3203,-0.0965,0.5000,152.8084,-0.0144,-0.2913,-114.6164,5.9248,39.8078,141.5281,61.0016
16635,-26.5137,-0.0968,0.5000,152.6453,-0.0169,-0.2908,-112.0402,6.0934,39.6087,138.6655,62.7581
16637,-26.7079,-0.0973,0.5000,152.4847,-0.0177,-0.2906,-110.6460,6.1788,39.5091,137.2394,63.6609
16639,-26.9035,-0.0980,0.5000,152.3259,-0.0176,-0.2903,-109.1815,6.2650,39.4093,135.8161,64.5819
16641,-27.1006,-0.0989,0.5000,152.1683,-0.0182,-0.2900,-107.6480,6.3522,39.3092,134.3951,65.5228
16643,-27.2998,-0.1000,0.5000,152.0111,-0.0195,-0.2898,-106.0443,6.4405,39.2087,132.9761,66.4851
16645,-27.5013,-0.1012,0.5000,151.8537,-0.0207,-0.2892,-102.6353,6.6206,39.0057,130.1421,68.4812
16647,-27.7055,-0.1027,0.5000,151.6956,-0.0223,-0.2888,-100.8325,6.7126,38.9030,128.7263,69.5186
16649,-27.9128,-0.1043,0.5000,151.5360,-0.0234,-0.2885,-98.9649,6.8061,38.7994,127.3106,70.5850
16651,-28.1235,-0.1060,0.5000,151.3745,-0.0239,-0.2882,-97.0361,6.9013,38.6946,125.8947,71.6822
16653,-28.3380,-0.1080,0.5000,151.2103,-0.0276,-0.2874,-93.0012,7.0969,38.4812,123.0606,73.9785
16655,-28.5566,-0.1101,0.5000,151.0430,-0.0275,-0.2871,-91.4817,7.1698,38.4023,122.0308,74.8483
16657,-28.7797,-0.1124,0.5000,150.8719,-0.0284,-0.2867,-89.2762,7.2752,38.2888,120.5667,76.1196
16659,-29.0075,-0.1149,0.5000,150.6966,-0.0294,-0.2862,-87.0182,7.3830,38.1734,119.1006,77.4357
16661,-29.2406,-0.1175,0.5000,150.5164,-0.0325,-0.2855,-83.5415,7.5494,37.9966,116.8965,79.5006
16663,-29.4791,-0.1203,0.5000,150.3309,-0.0335,-0.2850,-81.1698,7.6637,37.8759,115.4234,80.9422
16665,-29.7234,-0.1233,0.5000,150.1396,-0.0357,-0.2845,-78.7603,7.7809,37.7529,113.9471,82.4396
16667,-29.9739,-0.1264,0.5000,149.9419,-0.0383,-0.2837,-75.0858,7.9624,37.5636,111.7256,84.7982
16669,-30.2308,-0.1297,0.5000,149.7375,-0.0410,-0.2829,-71.9569,8.1204,37.3999,109.8540,86.8902
16671,-30.4944,-0.1331,0.5000,149.5258,-0.0425,-0.2824,-70.0556,8.2183,37.2990,108.7223,88.2046
16673,-30.7651,-0.1367,0.5000,149.3065,-0.0462,-0.2814,-66.2316,8.4203,37.0919,106.4512,90.9615
16675,-31.0431,-0.1404,0.5000,149.0791,-0.0493,-0.2805,-63.2587,8.5827,36.9263,104.6836,93.2238
16677,-31.3287,-0.1443,0.5000,148.8433,-0.0526,-0.2796,-60.2886,8.7506,36.7560,102.9093,95.6044
16679,-31.6222,-0.1483,0.5000,148.5987,-0.0561,-0.2786,-57.3309,8.9240,36.5807,101.1282,98.1113
16681,-31.9239,-0.1524,0.5000,148.3451,-0.0600,-0.2776,-54.3953,9.1032,36.4002,99.3401,100.7535
16683,-32.2340,-0.1567,0.5000,148.0820,-0.0643,-0.2764,-51.4917,9.2884,36.2143,97.5449,103.5403
16685,-32.5527,-0.1610,0.5000,147.8093,-0.0689,-0.2752,-48.6292,9.4795,36.0227,95.7426,106.4819
16687,-32.8805,-0.1656,0.5000,147.5266,-0.0739,-0.2739,-45.8168,9.6767,35.8253,93.9332,109.5891
16689,-33.2174,-0.1702,0.5000,147.2339,-0.0795,-0.2725,-43.0631,9.8801,35.6218,92.1167,112.8736
16691,-33.5639,-0.1750,0.5000,146.9308,-0.0855,-0.2709,-40.3758,10.0894,35.4119,90.2933,116.3482
16693,-33.9200,-0.1799,0.5000,146.6173,-0.0921,-0.2692,-37.7622,10.3048,35.1954,88.4630,120.0265
16695,-34.2863,-0.1850,0.5000,146.2933,-0.0992,-0.2674,-35.2287,10.5259,34.9721,86.6259,123.9235
16697,-34.6628,-0.1902,0.5000,145.9587,-0.1070,-0.2654,-32.7812,10.7525,34.7417,84.7822,128.0557
16699,-35.0500,-0.1956,0.5000,145.6134,-0.1157,-0.2632,-30.4243,10.9842,34.5039,82.9319,132.4409
16701,-35.4482,-0.2012,0.5000,145.2574,-0.1250,-0.2609,-28.1621,11.2205,34.2585,81.0753,137.0988
16703,-35.8577,-0.2069,0.5000,144.8908,-0.1353,-0.2583,-25.9977,11.4608,34.0050,79.2125,142.0511
16705,-36.2790,-0.2129,0.5000,144.5135,-0.1465,-0.2555,-23.9335,11.7043,33.7433,77.3436,147.3219
16707,-36.7124,-0.2191,0.5000,144.1258,-0.1588,-0.2525,-21.9710,11.9499,33.4729,75.4686,152.9380
16709,-37.1585,-0.2255,0.5000,143.7277,-0.1722,-0.2491,-20.1111,12.1966,33.1935,73.5878,158.9288
16711,-37.6178,-0.2322,0.5000,143.3193,-0.1869,-0.2455,-18.3522,12.4427,32.9046,71.7011,165.3280
16713,-38.0909,-0.2392,0.5000,142.9009,-0.2028,-0.2416,-16.6970,12.6867,32.6058,69.8085,172.1730
16715,-38.5784,-0.2465,0.5000,142.4727,-0.2203,-0.2372,-15.1409,12.9265,32.2964,67.9100,179.5058
16717,-39.0811,-0.2543,0.5000,142.0348,-0.2396,-0.2325,-13.6845,13.1599,31.9761,66.0054,187.3739
16719,-39.5998,-0.2625,0.5000,141.5876,-0.2604,-0.2274,-12.3220,13.3841,31.6440,64.0947,195.8316
16721,-40.1355,-0.2711,0.5000,141.1313,-0.2831,-0.2219,-11.0564,13.5958,31.2995,62.1774,204.9411
16723,-40.6891,-0.2803,0.5000,140.6662,-0.3077,-0.2159,-9.8817,13.7919,30.9418,60.2533,214.7721
16725,-41.2619,-0.2901,0.5000,140.1926,-0.3346,-0.2095,-8.7907,13.9680,30.5700,58.3219,225.4068
16727,-41.8552,-0.3007,0.5000,139.7109,-0.3638,-0.2025,-7.7894,14.1197,30.1830,56.3826,236.9395
16729,-42.4706,-0.3120,0.5000,139.2214,-0.3954,-0.1950,-6.8689,14.2423,29.7797,54.4348,249.4781
16731,-43.1097,-0.3242,0.5000,138.7246,-0.4294,-0.1870,-6.0188,14.3299,29.3588,52.4775,263.1515
16733,-43.7745,-0.3375,0.5000,138.2206,-0.4663,-0.1786,-5.2514,14.3768,28.9187,50.5095,278.1106
16735,-44.4674,-0.3519,0.5000,137.7100,-0.5059,-0.1696,-4.5512,14.3768,28.4578,48.5298,294.5308
16737,-45.1908,-0.3678,0.5000,137.1932,-0.5482,-0.1602,-3.9170,14.3232,27.9742,46.5368,312.6227
16739,-45.9479,-0.3852,0.5000,136.6705,-0.5930,-0.1503,-3.3415,14.2089,27.4655,44.5284,332.6416
16741,-46.7422,-0.4045,0.5000,136.1423,-0.6404,-0.1401,-2.8395,14.0275,26.9292,42.5026,354.8927
16743,-47.5778,-0.4260,0.5000,135.6091,-0.6906,-0.1296,-2.3753,13.7720,26.3625,40.4567,379.7461
16745,-48.4595,-0.4501,0.5000,135.0712,-0.7259,-0.1224,-2.1048,13.5564,25.9641,39.0741,398.0669
16747,-49.3932,-0.4773,0.5000,134.5292,-0.7979,-0.1080,-1.6186,13.0114,25.1171,36.2733,439.4856
16749,-50.3857,-0.5081,0.5000,133.9833,-0.8349,-0.1007,-1.4107,12.6792,24.6654,34.8522,462.9969
16751,-51.4454,-0.5435,0.5000,133.4341,-0.9090,-0.0864,-1.0501,11.8909,23.6976,31.9606,516.9152
16753,-52.5825,-0.5843,0.5000,132.8819,-0.9453,-0.0793,-0.8931,11.4343,23.1774,30.4860,547.9785
16755,-53.8095,-0.6319,0.5000,132.3271,-1.0147,-0.0657,-0.6312,10.3983,22.0524,27.4672,620.4252
16757,-55.1418,-0.6879,0.5000,131.7702,-1.0466,-0.0592,-0.5228,9.8216,21.4417,25.9170,662.8972
16759,-56.5989,-0.7544,0.5000,131.2116,-1.0944,-0.0487,-0.3697,8.7696,20.3271,23.2314,746.3211
16761,-58.2051,-0.8342,0.5000,130.6517,-1.1246,-0.0409,-0.2709,7.8499,19.3291,20.9680,827.6163
16763,-59.9911,-0.9307,0.5000,130.0909,-1.1452,-0.0336,-0.1922,6.8850,18.2323,18.6176,924.0640
16765,-61.9956,-1.0481,0.5000,129.5296,-1.1546,-0.0246,-0.1118,5.5001,16.5083,15.1789,1089.4309
16767,-64.2658,-1.1907,0.5000,128.9683,-1.1423,-0.0187,-0.0700,4.4583,15.0274,12.4441,1241.8361
16769,-66.8552,-1.3604,0.5000,128.4072,-1.1085,-0.0137,-0.0408,3.4344,13.3248,9.5188,1421.5346
16771,-69.8116,-1.5503,0.5000,127.8469,-1.0529,-0.0099,-0.0236,2.5793,11.6055,6.7759,1594.7642
16773,-73.1411,-1.7283,0.5000,127.2877,-0.9384,-0.0064,-0.0110,1.6550,9.2213,3.2844,1781.4391
16775,-76.7275,-1.8131,0.5000,126.7301,-0.7965,-0.0043,-0.0054,1.0319,7.0444,0.3885,1833.7761
16777,-80.2347,-1.6850,0.5000,126.1743,-0.6270,-0.0030,-0.0025,0.5645,4.7966,-2.3057,1675.4760
16779,-83.1672,-1.3102,0.5000,125.6206,-0.4860,-0.0024,-0.0012,0.2736,2.8371,-4.3490,1269.4775
16781,-85.2023,-0.8445,0.5000,125.0692,-0.4159,-0.0022,-0.0007,0.1323,1.5633,-5.4119,823.8884
16783,-86.4025,-0.4713,0.5000,124.5202,-0.3975,-0.0022,-0.0005,0.0639,0.8098,-5.7918,475.0205
16785,-87.0368,-0.2412,0.5000,123.9737,-0.4132,-0.0024,-0.0004,0.0313,0.4071,-5.7425,256.1094
16787,-87.3525,-0.1181,0.5000,123.4299,-0.4509,-0.0027,-0.0004,0.0160,0.2084,-5.4559,137.3941
16789,-87.5055,-0.0570,0.5000,122.8889,-0.4931,-0.0031,-0.0004,0.0099,0.1276,-5.1250,86.5210
16791,-87.5795,-0.0276,0.5000,122.3509,-0.5381,-0.0035,-0.0004,0.0070,0.0888,-4.7793,61.4010
16793,-87.6158,-0.0138,0.5000,121.8160,-0.5831,-0.0038,-0.0004,0.0055,0.0696,-4.4418,48.8495
16795,-87.6344,-0.0072,0.5000,121.2844,-0.6271,-0.0042,-0.0004,0.0048,0.0596,-4.1214,42.3164
16797,-87.6446,-0.0041,0.5000,120.7562,-0.6690,-0.0046,-0.0004,0.0044,0.0540,-3.8213,38.6516
16799,-87.6509,-0.0027,0.5000,120.2315,-0.7088,-0.0050,-0.0004,0.0041,0.0504,-3.5417,36.3570
16801,-87.6553,-0.0020,0.5000,119.7105,-0.7475,-0.0054,-0.0004,0.0039,0.0478,-3.2737,34.6789
16803,-87.6588,-0.0016,0.5000,119.1931,-0.7827,-0.0058,-0.0004,0.0038,0.0458,-3.0329,33.3846
16805,-87.6618,-0.0014,0.5000,118.6796,-0.8212,-0.0063,-0.0004,0.0036,0.0438,-2.7742,32.0847
16807,-87.6645,-0.0013,0.5000,118.1699,-0.8518,-0.0066,-0.0004,0.0035,0.0423,-2.5705,31.0734
16809,-87.6670,-0.0013,0.5000,117.6641,-0.8811,-0.0070,-0.0004,0.0034,0.0408,-2.3784,30.1030
16811,-87.6695,-0.0012,0.5000,117.1624,-0.9085,-0.0074,-0.0004,0.0033,0.0394,-2.2007,29.1773
16813,-87.6718,-0.0012,0.5000,116.6646,-0.9342,-0.0078,-0.0004,0.0032,0.0381,-2.0363,28.2866
16815,-87.6741,-0.0011,0.5000,116.1709,-0.9583,-0.0081,-0.0004,0.0031,0.0369,-1.8842,27.4266
16817,-87.6762,-0.0011,0.5000,115.6813,-0.9766,-0.0084,-0.0004,0.0030,0.0359,-1.7702,26.7549
16819,-87.6783,-0.0010,0.5000,115.1959,-1.0104,-0.0090,-0.0004,0.0029,0.0340,-1.5624,25.4612
16821,-87.6804,-0.0010,0.5000,114.7145,-1.0295,-0.0094,-0.0004,0.0028,0.0329,-1.4467,24.6939
16823,-87.6824,-0.0010,0.5000,114.2374,-1.0475,-0.0097,-0.0004,0.0027,0.0319,-1.3395,23.9482
16825,-87.6843,-0.0010,0.5000,113.7644,-1.0643,-0.0101,-0.0004,0.0026,0.0308,-1.2404,23.2229
16827,-87.6862,-0.0009,0.5000,113.2955,-1.0801,-0.0104,-0.0004,0.0025,0.0298,-1.1486,22.5172
16829,-87.6880,-0.0009,0.5000,112.8309,-1.0949,-0.0107,-0.0004,0.0025,0.0288,-1.0637,21.8299
16831,-87.6898,-0.0009,0.5000,112.3704,-1.1088,-0.0111,-0.0004,0.0024,0.0279,-0.9851,21.1599
16833,-87.6915,-0.0009,0.5000,111.9141,-1.1218,-0.0114,-0.0004,0.0023,0.0270,-0.9123,20.5065
16835,-87.6932,-0.0008,0.5000,111.4619,-1.1340,-0.0117,-0.0004,0.0023,0.0261,-0.8450,19.8690
16837,-87.6949,-0.0008,0.5000,111.0139,-1.1455,-0.0121,-0.0004,0.0022,0.0252,-0.7827,19.2465
16839,-87.6965,-0.0008,0.5000,110.5700,-1.1562,-0.0124,-0.0004,0.0021,0.0244,-0.7250,18.6383
16841,-87.6981,-0.0008,0.5000,110.1303,-1.1663,-0.0127,-0.0004,0.0020,0.0235,-0.6716,18.0438
16843,-87.6996,-0.0008,0.5000,109.6946,-1.1757,-0.0130,-0.0004,0.0020,0.0227,-0.6222,17.4624
16845,-87.7011,-0.0007,0.5000,109.2631,-1.1846,-0.0134,-0.0004,0.0019,0.0219,-0.5765,16.8935
16847,-87.7026,-0.0007,0.5000,108.8356,-1.1929,-0.0137,-0.0004,0.0019,0.0212,-0.5342,16.3365
16849,-87.7040,-0.0007,0.5000,108.4121,-1.2007,-0.0140,-0.0004,0.0018,0.0204,-0.4951,15.7910
16851,-87.7055,-0.0007,0.5000,107.9927,-1.2080,-0.0143,-0.0004,0.0017,0.0197,-0.4588,15.2565
16853,-87.7069,-0.0007,0.5000,107.5772,-1.2148,-0.0146,-0.0004,0.0017,0.0190,-0.4253,14.7326
16855,-87.7082,-0.0007,0.5000,107.1657,-1.2213,-0.0149,-0.0004,0.0016,0.0183,-0.3943,14.2188
16857,-87.7095,-0.0007,0.5000,106.7582,-1.2273,-0.0152,-0.0004,0.0016,0.0176,-0.3655,13.7148
16859,-87.7108,-0.0006,0.5000,106.3546,-1.2330,-0.0155,-0.0004,0.0015,0.0169,-0.3390,13.2202
16861,-87.7121,-0.0006,0.5000,105.9548,-1.2382,-0.0158,-0.0004,0.0014,0.0163,-0.3144,12.7346
16863,-87.7134,-0.0006,0.5000,105.5589,-1.2433,-0.0161,-0.0004,0.0014,0.0156,-0.2916,12.2577
16865,-87.7146,-0.0006,0.5000,105.1668,-1.2479,-0.0164,-0.0004,0.0013,0.0150,-0.2705,11.7894
16867,-87.7158,-0.0006,0.5000,104.7785,-1.2523,-0.0166,-0.0004,0.0013,0.0144,-0.2510,11.3291
16869,-87.7170,-0.0006,0.5000,104.3940,-1.2564,-0.0169,-0.0004,0.0012,0.0138,-0.2330,10.8767
16871,-87.7182,-0.0006,0.5000,104.0132,-1.2602,-0.0172,-0.0004,0.0012,0.0132,-0.2163,10.4319
16873,-87.7194,-0.0006,0.5000,103.6361,-1.2638,-0.0175,-0.0004,0.0011,0.0126,-0.2009,9.9945
16875,-87.7205,-0.0006,0.5000,103.2626,-1.2672,-0.0178,-0.0004,0.0011,0.0120,-0.1866,9.5643
16877,-87.7216,-0.0006,0.5000,102.8928,-1.2704,-0.0180,-0.0004,0.0010,0.0115,-0.1733,9.1410
16879,-87.7227,-0.0005,0.5000,102.5265,-1.2734,-0.0183,-0.0004,0.0010,0.0109,-0.1611,8.7244
16881,-87.7238,-0.0005,0.5000,102.1639,-1.2762,-0.0186,-0.0004,0.0009,0.0104,-0.1498,8.3145
16883,-87.7249,-0.0005,0.5000,101.8047,-1.2788,-0.0188,-0.0004,0.0009,0.0099,-0.1393,7.9108
16885,-87.7259,-0.0005,0.5000,101.4491,-1.2812,-0.0191,-0.0004,0.0009,0.0094,-0.1296,7.5134
16887,-87.7269,-0.0005,0.5000,101.0969,-1.2835,-0.0194,-0.0004,0.0008,0.0088,-0.1206,7.1220
16889,-87.7279,-0.0005,0.5000,100.7481,-1.2857,-0.0196,-0.0004,0.0008,0.0084,-0.1123,6.7365
16891,-87.7289,-0.0005,0.5000,100.4028,-1.2877,-0.0199,-0.0004,0.0007,0.0079,-0.1046,6.3567
16893,-87.7299,-0.0005,0.5000,100.0608,-1.2896,-0.0201,-0.0004,0.0007,0.0074,-0.0975,5.9825
16895,-87.7309,-0.0005,0.5000,99.7221,-1.2913,-0.0204,-0.0004,0.0006,0.0069,-0.0909,5.6137
16897,-87.7319,-0.0005,0.5000,99.3868,-1.2930,-0.0206,-0.0004,0.0006,0.0065,-0.0848,5.2503
16899,-87.7328,-0.0005,0.5000,99.0547,-1.2945,-0.0209,-0.0004,0.0006,0.0060,-0.0792,4.8920
16901,-87.7337,-0.0005,0.5000,98.7258,-1.2960,-0.0211,-0.0004,0.0005,0.0056,-0.0739,4.5389
16903,-87.7346,-0.0005,0.5000,98.4001,-1.2973,-0.0213,-0.0004,0.0005,0.0051,-0.0691,4.1907
16905,-87.7355,-0.0004,0.5000,98.0776,-1.2986,-0.0216,-0.0004,0.0004,0.0047,-0.0646,3.8473
16907,-87.7364,-0.0004,0.5000,97.7583,-1.2998,-0.0218,-0.0004,0.0004,0.0043,-0.0605,3.5088
16909,-87.7373,-0.0004,0.5000,97.4420,-1.3009,-0.0221,-0.0004,0.0004,0.0039,-0.0567,3.1749
16911,-87.7382,-0.0004,0.5000,97.1288,-1.3019,-0.0223,-0.0004,0.0003,0.0034,-0.0531,2.8455
16913,-87.7390,-0.0004,0.5000,96.8187,-1.3029,-0.0225,-0.0004,0.0003,0.0030,-0.0498,2.5206
16915,-87.7399,-0.0004,0.5000,96.5115,-1.3038,-0.0227,-0.0004,0.0003,0.0027,-0.0468,2.2001
16917,-87.7407,-0.0004,0.5000,96.2074,-1.3046,-0.0230,-0.0004,0.0002,0.0023,-0.0440,1.8839
16919,-87.7415,-0.0004,0.5000,95.9061,-1.3054,-0.0232,-0.0004,0.0002,0.0019,-0.0414,1.5719
16921,-87.7423,-0.0004,0.5000,95.6079,-1.3061,-0.0234,-0.0004,0.0001,0.0015,-0.0390,1.2640
16923,-87.7431,-0.0004,0.5000,95.3125,-1.3068,-0.0236,-0.0004,0.0001,0.0012,-0.0368,0.9602
16925,-87.7439,-0.0004,0.5000,95.0199,-1.3075,-0.0239,-0.0004,0.0001,0.0008,-0.0347,0.6604
16927,-87.7447,-0.0004,0.5000,94.7302,-1.3080,-0.0241,-0.0004,0.0000,0.0004,-0.0328,0.3645
16929,-87.7455,-0.0004,0.5000,94.4433,-1.3086,-0.0243,-0.0004,0.0000,0.0001,-0.0310,0.0724
16931,-87.7462,-0.0004,0.5000,94.1591,-1.3091,-0.0245,-0.0004,-0.0000,-0.0003,-0.0294,-0.2159
16933,-87.7470,-0.0004,0.5000,93.8777,-1.3096,-0.0247,-0.0004,-0.0001,-0.0006,-0.0279,-0.5004
16935,-87.7477,-0.0004,0.5000,93.5990,-1.3100,-0.0249,-0.0004,-0.0001,-0.0009,-0.0265,-0.7814
16937,-87.7484,-0.0004,0.5000,93.3230,-1.3104,-0.0251,-0.0004,-0.0001,-0.0013,-0.0252,-1.0587
16939,-87.7492,-0.0004,0.5000,93.0497,-1.3108,-0.0253,-0.0004,-0.0002,-0.0016,-0.0240,-1.3325
16941,-87.7499,-0.0004,0.5000,92.7789,-1.3112,-0.0255,-0.0004,-0.0002,-0.0019,-0.0229,-1.6029
16943,-87.7506,-0.0003,0.5000,92.5108,-1.3115,-0.0257,-0.0004,-0.0002,-0.0022,-0.0218,-1.8698
16945,-87.7513,-0.0003,0.5000,92.2453,-1.3118,-0.0259,-0.0004,-0.0002,-0.0025,-0.0209,-2.1334
16947,-87.7519,-0.0003,0.5000,91.9823,-1.3120,-0.0261,-0.0004,-0.0003,-0.0028,-0.0200,-2.3937
16949,-87.7526,-0.0003,0.5000,91.7218,-1.3123,-0.0263,-0.0004,-0.0003,-0.0031,-0.0192,-2.6507
16951,-87.7533,-0.0003,0.5000,91.4638,-1.3125,-0.0265,-0.0004,-0.0003,-0.0034,-0.0184,-2.9046
16953,-87.7539,-0.0003,0.5000,91.2083,-1.3127,-0.0267,-0.0004,-0.0004,-0.0037,-0.0177,-3.1552
16955,-87.7546,-0.0003,0.5000,90.9553,-1.3129,-0.0269,-0.0004,-0.0004,-0.0039,-0.0171,-3.4028
16957,-87.7552,-0.0003,0.5000,90.7046,-1.3131,-0.0271,-0.0004,-0.0004,-0.0042,-0.0164,-3.6473
16959,-87.7559,-0.0003,0.5000,90.4564,-1.3133,-0.0273,-0.0004,-0.0004,-0.0045,-0.0159,-3.8888
16961,-87.7565,-0.0003,0.5000,90.2105,-1.3134,-0.0275,-0.0004,-0.0005,-0.0048,-0.0154,-4.1274
16963,-87.7571,-0.0003,0.5000,89.9670,-1.3135,-0.0276,-0.0004,-0.0005,-0.0050,-0.0149,-4.3630
16965,-87.7577,-0.0003,0.5000,89.7258,-1.3137,-0.0278,-0.0004,-0.0005,-0.0053,-0.0144,-4.5958
16967,-87.7583,-0.0003,0.5000,89.4869,-1.3138,-0.0280,-0.0004,-0.0006,-0.0055,-0.0140,-4.8257
16969,-87.7589,-0.0003,0.5000,89.2503,-1.3139,-0.0282,-0.0004,-0.0006,-0.0058,-0.0137,-5.0528
16971,-87.7595,-0.0003,0.5000,89.0159,-1.3139,-0.0284,-0.0004,-0.0006,-0.0060,-0.0133,-5.2772
16973,-87.7601,-0.0003,0.5000,88.7837,-1.3140,-0.0285,-0.0004,-0.0006,-0.0063,-0.0130,-5.4989
16975,-87.7607,-0.0003,0.5000,88.5538,-1.3141,-0.0287,-0.0004,-0.0007,-0.0065,-0.0127,-5.7179
16977,-87.7612,-0.0003,0.5000,88.3260,-1.3141,-0.0289,-0.0004,-0.0007,-0.0067,-0.0124,-5.9342
16979,-87.7618,-0.0003,0.5000,88.1004,-1.3142,-0.0290,-0.0004,-0.0007,-0.0070,-0.0121,-6.1480
16981,-87.7623,-0.0003,0.5000,87.8769,-1.3142,-0.0292,-0.0004,-0.0007,-0.0072,-0.0119,-6.3592
16983,-87.7629,-0.0003,0.5000,87.6556,-1.3142,-0.0294,-0.0004,-0.0008,-0.0074,-0.0116,-6.5678
16985,-87.7634,-0.0003,0.5000,87.4363,-1.3142,-0.0296,-0.0004,-0.0008,-0.0076,-0.0114,-6.7740
16987,-87.7640,-0.0003,0.5000,87.2191,-1.3143,-0.0297,-0.0004,-0.0008,-0.0078,-0.0112,-6.9777
16989,-87.7645,-0.0003,0.5000,87.0040,-1.3143,-0.0299,-0.0004,-0.0008,-0.0081,-0.0111,-7.1790
16991,-87.7650,-0.0003,0.5000,86.7909,-1.3143,-0.0300,-0.0004,-0.0009,-0.0083,-0.0109,-7.3779
16993,-87.7655,-0.0003,0.5000,86.5798,-1.3143,-0.0302,-0.0004,-0.0009,-0.0085,-0.0107,-7.5745
16995,-87.7660,-0.0003,0.5000,86.3707,-1.3143,-0.0304,-0.0004,-0.0009,-0.0087,-0.0106,-7.7687
16997,-87.7666,-0.0003,0.5000,86.1636,-1.3143,-0.0305,-0.0004,-0.0009,-0.0089,-0.0105,-7.9607
16999,-87.7671,-0.0002,0.5000,85.9584,-1.3142,-0.0307,-0.0004,-0.0009,-0.0091,-0.0103,-8.1504
17001,-87.7675,-0.0002,0.5000,85.7552,-1.3142,-0.0308,-0.0004,-0.0010,-0.0092,-0.0102,-8.3378
17003,-87.7680,-0.0002,0.5000,85.5539,-1.3142,-0.0310,-0.0004,-0.0010,-0.0094,-0.0101,-8.5231
17005,-87.7685,-0.0002,0.5000,85.3544,-1.3142,-0.0311,-0.0004,-0.0010,-0.0096,-0.0100,-8.7062
17007,-87.7690,-0.0002,0.5000,85.1569,-1.3141,-0.0313,-0.0004,-0.0010,-0.0098,-0.0099,-8.8871
17009,-87.7695,-0.0002,0.5000,84.9612,-1.3141,-0.0314,-0.0004,-0.0011,-0.0100,-0.0098,-9.0659
17011,-87.7699,-0.0002,0.5000,84.7673,-1.3141,-0.0316,-0.0004,-0.0011,-0.0102,-0.0097,-9.2427
17013,-87.7704,-0.0002,0.5000,84.5753,-1.3140,-0.0317,-0.0004,-0.0011,-0.0103,-0.0096,-9.4174
17015,-87.7708,-0.0002,0.5000,84.3850,-1.3140,-0.0319,-0.0004,-0.0011,-0.0105,-0.0096,-9.5900
17017,-87.7713,-0.0002,0.5000,84.1965,-1.3140,-0.0320,-0.0004,-0.0011,-0.0107,-0.0095,-9.7607
17019,-87.7717,-0.0002,0.5000,84.0098,-1.3139,-0.0322,-0.0004,-0.0012,-0.0108,-0.0094,-9.9293
17021,-87.7722,-0.0002,0.5000,83.8249,-1.3139,-0.0323,-0.0004,-0.0012,-0.0110,-0.0094,-10.0961
17023,-87.7726,-0.0002,0.5000,83.6417,-1.3138,-0.0324,-0.0004,-0.0012,-0.0111,-0.0093,-10.2609
17025,-87.7730,-0.0002,0.5000,83.4602,-1.3138,-0.0326,-0.0004,-0.0012,-0.0113,-0.0093,-10.4238
17027,-87.7734,-0.0002,0.5000,83.2804,-1.3137,-0.0327,-0.0004,-0.0012,-0.0114,-0.0092,-10.5848
17029,-87.7739,-0.0002,0.5000,83.1022,-1.3137,-0.0329,-0.0004,-0.0012,-0.0116,-0.0092,-10.7440
17031,-87.7743,-0.0002,0.5000,82.9258,-1.3136,-0.0330,-0.0004,-0.0013,-0.0117,-0.0091,-10.9013
17033,-87.7747,-0.0002,0.5000,82.7509,-1.3135,-0.0331,-0.0004,-0.0013,-0.0119,-0.0091,-11.0568
17035,-87.7751,-0.0002,0.5000,82.5777,-1.3135,-0.0333,-0.0004,-0.0013,-0.0120,-0.0091,-11.2106
17037,-87.7755,-0.0002,0.5000,82.4062,-1.3134,-0.0334,-0.0004,-0.0013,-0.0122,-0.0090,-11.3626
17039,-87.7759,-0.0002,0.5000,82.2362,-1.3134,-0.0335,-0.0004,-0.0013,-0.0123,-0.0090,-11.5129
17041,-87.7763,-0.0002,0.5000,82.0678,-1.3133,-0.0336,-0.0004,-0.0014,-0.0124,-0.0089,-11.6614
17043,-87.7767,-0.0002,0.5000,81.9010,-1.3133,-0.0338,-0.0004,-0.0014,-0.0126,-0.0089,-11.8083
17045,-87.7770,-0.0002,0.5000,81.7357,-1.3132,-0.0339,-0.0004,-0.0014,-0.0127,-0.0089,-11.9535
17047,-87.7774,-0.0002,0.5000,81.5720,-1.3131,-0.0340,-0.0004,-0.0014,-0.0128,-0.0089,-12.0970
17049,-87.7778,-0.0002,0.5000,81.4098,-1.3131,-0.0342,-0.0004,-0.0014,-0.0130,-0.0088,-12.2389
17051,-87.7782,-0.0002,0.5000,81.2491,-1.3130,-0.0343,-0.0004,-0.0014,-0.0131,-0.0088,-12.3792
17053,-87.7785,-0.0002,0.5000,81.0899,-1.3130,-0.0344,-0.0004,-0.0015,-0.0132,-0.0088,-12.5180
17055,-87.7789,-0.0002,0.5000,80.9322,-1.3129,-0.0345,-0.0004,-0.0015,-0.0133,-0.0088,-12.6551
17057,-87.7792,-0.0002,0.5000,80.7759,-1.3128,-0.0346,-0.0004,-0.0015,-0.0134,-0.0087,-12.7907
17059,-87.7796,-0.0002,0.5000,80.6211,-1.3128,-0.0348,-0.0004,-0.0015,-0.0136,-0.0087,-12.9248
17061,-87.7799,-0.0002,0.5000,80.4677,-1.3127,-0.0349,-0.0004,-0.0015,-0.0137,-0.0087,-13.0574
17063,-87.7803,-0.0002,0.5000,80.3158,-1.3126,-0.0350,-0.0004,-0.0015,-0.0138,-0.0087,-13.1884
17065,-87.7806,-0.0002,0.5000,80.1652,-1.3126,-0.0351,-0.0004,-0.0016,-0.0139,-0.0087,-13.3180
17067,-87.7810,-0.0002,0.5000,80.0161,-1.3125,-0.0352,-0.0004,-0.0016,-0.0140,-0.0086,-13.4462
17069,-87.7813,-0.0002,0.5000,79.8684,-1.3125,-0.0353,-0.0004,-0.0016,-0.0141,-0.0086,-13.5729
17071,-87.7816,-0.0002,0.5000,79.7220,-1.3124,-0.0355,-0.0004,-0.0016,-0.0142,-0.0086,-13.6982
17073,-87.7819,-0.0002,0.5000,79.5770,-1.3123,-0.0356,-0.0004,-0.0016,-0.0143,-0.0086,-13.8221
17075,-87.7823,-0.0002,0.5000,79.4333,-1.3123,-0.0357,-0.0004,-0.0016,-0.0144,-0.0086,-13.9446
17077,-87.7826,-0.0002,0.5000,79.2909,-1.3122,-0.0358,-0.0004,-0.0016,-0.0145,-0.0086,-14.0657
17079,-87.7829,-0.0002,0.5000,79.1499,-1.3122,-0.0359,-0.0004,-0.0017,-0.0146,-0.0085,-14.1855
17081,-87.7832,-0.0002,0.5000,79.0102,-1.3121,-0.0360,-0.0004,-0.0017,-0.0147,-0.0085,-14.3040
17083,-87.7835,-0.0002,0.5000,78.8717,-1.3120,-0.0361,-0.0004,-0.0017,-0.0148,-0.0085,-14.4211
17085,-87.7838,-0.0002,0.5000,78.7346,-1.3120,-0.0362,-0.0004,-0.0017,-0.0149,-0.0085,-14.5370
17087,-87.7841,-0.0002,0.5000,78.5987,-1.3119,-0.0363,-0.0004,-0.0017,-0.0150,-0.0085,-14.6515
17089,-87.7844,-0.0001,0.5000,78.4641,-1.3118,-0.0364,-0.0004,-0.0017,-0.0151,-0.0085,-14.7648
17091,-87.7847,-0.0001,0.5000,78.3307,-1.3118,-0.0365,-0.0004,-0.0017,-0.0151,-0.0085,-14.8769
17093,-87.7850,-0.0001,0.5000,78.1986,-1.3117,-0.0366,-0.0004,-0.0018,-0.0152,-0.0084,-14.9877
17095,-87.7853,-0.0001,0.5000,78.0677,-1.3117,-0.0367,-0.0004,-0.0018,-0.0153,-0.0084,-15.0972
17097,-87.7856,-0.0001,0.5000,77.9380,-1.3116,-0.0368,-0.0004,-0.0018,-0.0154,-0.0084,-15.2056
17099,-87.7859,-0.0001,0.5000,77.8095,-1.3116,-0.0369,-0.0004,-0.0018,-0.0155,-0.0084,-15.3128
17101,-87.7862,-0.0001,0.5000,77.6822,-1.3115,-0.0370,-0.0004,-0.0018,-0.0156,-0.0084,-15.4187
17103,-87.7864,-0.0001,0.5000,77.5561,-1.3114,-0.0371,-0.0004,-0.0018,-0.0156,-0.0084,-15.5236
17105,-87.7867,-0.0001,0.5000,77.4311,-1.3114,-0.0372,-0.0004,-0.0018,-0.0157,-0.0084,-15.6272
17107,-87.7870,-0.0001,0.5000,77.3073,-1.3113,-0.0373,-0.0004,-0.0018,-0.0158,-0.0084,-15.7298
17109,-87.7872,-0.0001,0.5000,77.1846,-1.3113,-0.0374,-0.0004,-0.0019,-0.0159,-0.0084,-15.8312
17111,-87.7875,-0.0001,0.5000,77.0631,-1.3112,-0.0375,-0.0004,-0.0019,-0.0159,-0.0083,-15.9315
17113,-87.7878,-0.0001,0.5000,76.9427,-1.3112,-0.0376,-0.0004,-0.0019,-0.0160,-0.0083,-16.0307
17115,-87.7880,-0.0001,0.5000,76.8234,-1.3111,-0.0377,-0.0004,-0.0019,-0.0161,-0.0083,-16.1288
17117,-87.7883,-0.0001,0.5000,76.7053,-1.3110,-0.0378,-0.0004,-0.0019,-0.0161,-0.0083,-16.2258
17119,-87.7885,-0.0001,0.5000,76.5882,-1.3110,-0.0379,-0.0004,-0.0019,-0.0162,-0.0083,-16.3218
17121,-87.7888,-0.0001,0.5000,76.4722,-1.3109,-0.0380,-0.0004,-0.0019,-0.0163,-0.0083,-16.4167
17123,-87.7890,-0.0001,0.5000,76.3573,-1.3109,-0.0381,-0.0004,-0.0019,-0.0163,-0.0083,-16.5106
17125,-87.7893,-0.0001,0.5000,76.2434,-1.3108,-0.0382,-0.0004,-0.0020,-0.0164,-0.0083,-16.6034
17127,-87.7895,-0.0001,0.5000,76.1306,-1.3108,-0.0383,-0.0004,-0.0020,-0.0164,-0.0083,-16.6953
17129,-87.7898,-0.0001,0.5000,76.0188,-1.3107,-0.0383,-0.0004,-0.0020,-0.0165,-0.0082,-16.7862
17131,-87.7900,-0.0001,0.5000,75.9081,-1.3107,-0.0384,-0.0004,-0.0020,-0.0166,-0.0082,-16.8760
17133,-87.7902,-0.0001,0.5000,75.7984,-1.3106,-0.0385,-0.0004,-0.0020,-0.0166,-0.0082,-16.9649
17135,-87.7905,-0.0001,0.5000,75.6898,-1.3106,-0.0386,-0.0004,-0.0020,-0.0167,-0.0082,-17.0528
17137,-87.7907,-0.0001,0.5000,75.5821,-1.3105,-0.0387,-0.0004,-0.0020,-0.0167,-0.0082,-17.1398
17139,-87.7909,-0.0001,0.5000,75.4754,-1.3105,-0.0388,-0.0004,-0.0020,-0.0168,-0.0082,-17.2258
17141,-87.7911,-0.0001,0.5000,75.3697,-1.3104,-0.0389,-0.0004,-0.0020,-0.0168,-0.0082,-17.3109
17143,-87.7914,-0.0001,0.5000,75.2650,-1.3104,-0.0389,-0.0004,-0.0021,-0.0169,-0.0082,-17.3951
17145,-87.7916,-0.0001,0.5000,75.1613,-1.3103,-0.0390,-0.0004,-0.0021,-0.0169,-0.0082,-17.4784
17147,-87.7918,-0.0001,0.5000,75.0586,-1.3103,-0.0391,-0.0004,-0.0021,-0.0170,-0.0082,-17.5607
17149,-87.7920,-0.0001,0.5000,74.9567,-1.3102,-0.0392,-0.0004,-0.0021,-0.0170,-0.0081,-17.6422
17151,-87.7922,-0.0001,0.5000,74.8559,-1.3102,-0.0393,-0.0004,-0.0021,-0.0171,-0.0081,-17.7228
17153,-87.7924,-0.0001,0.5000,74.7560,-1.3101,-0.0394,-0.0004,-0.0021,-0.0171,-0.0081,-17.8025
17155,-87.7927,-0.0001,0.5000,74.6570,-1.3101,-0.0394,-0.0004,-0.0021,-0.0172,-0.0081,-17.8814
17157,-87.7929,-0.0001,0.5000,74.5589,-1.3100,-0.0395,-0.0004,-0.0021,-0.0172,-0.0081,-17.9594
17159,-87.7931,-0.0001,0.5000,74.4617,-1.3100,-0.0396,-0.0004,-0.0021,-0.0173,-0.0081,-18.0365
17161,-87.7933,-0.0001,0.5000,74.3655,-1.3099,-0.0397,-0.0004,-0.0021,-0.0173,-0.0081,-18.1129
17163,-87.7935,-0.0001,0.5000,74.2701,-1.3099,-0.0397,-0.0004,-0.0021,-0.0173,-0.0081,-18.1884
17165,-87.7937,-0.0001,0.5000,74.1756,-1.3099,-0.0398,-0.0004,-0.0022,-0.0174,-0.0081,-18.2631
17167,-87.7939,-0.0001,0.5000,74.0820,-1.3098,-0.0399,-0.0004,-0.0022,-0.0174,-0.0081,-18.3370
17169,-87.7941,-0.0001,0.5000,73.9893,-1.3098,-0.0400,-0.0004,-0.0022,-0.0175,-0.0081,-18.4101
17171,-87.7942,-0.0001,0.5000,73.8975,-1.3097,-0.0400,-0.0004,-0.0022,-0.0175,-0.0080,-18.4824
17173,-87.7944,-0.0001,0.5000,73.8065,-1.3097,-0.0401,-0.0004,-0.0022,-0.0175,-0.0080,-18.5540
17175,-87.7946,-0.0001,0.5000,73.7163,-1.3096,-0.0402,-0.0004,-0.0022,-0.0176,-0.0080,-18.6247
17177,-87.7948,-0.0001,0.5000,73.6270,-1.3096,-0.0403,-0.0004,-0.0022,-0.0176,-0.0080,-18.6948
17179,-87.7950,-0.0001,0.5000,73.5386,-1.3096,-0.0403,-0.0004,-0.0022,-0.0176,-0.0080,-18.7640
17181,-87.7952,-0.0001,0.5000,73.4509,-1.3095,-0.0404,-0.0004,-0.0022,-0.0177,-0.0080,-18.8325
17183,-87.7954,-0.0001,0.5000,73.3641,-1.3095,-0.0405,-0.0004,-0.0022,-0.0177,-0.0080,-18.9003
17185,-87.7955,-0.0001,0.5000,73.2781,-1.3094,-0.0405,-0.0004,-0.0022,-0.0177,-0.0080,-18.9674
17187,-87.7957,-0.0001,0.5000,73.1929,-1.3094,-0.0406,-0.0004,-0.0023,-0.0178,-0.0080,-19.0337
17189,-87.7959,-0.0001,0.5000,73.1085,-1.3094,-0.0407,-0.0004,-0.0023,-0.0178,-0.0080,-19.0994
17191,-87.7961,-0.0001,0.5000,73.0249,-1.3093,-0.0407,-0.0004,-0.0023,-0.0178,-0.0080,-19.1643
17193,-87.7962,-0.0001,0.5000,72.9420,-1.3093,-0.0408,-0.0004,-0.0023,-0.0178,-0.0079,-19.2285
17195,-87.7964,-0.0001,0.5000,72.8600,-1.3092,-0.0409,-0.0004,-0.0023,-0.0179,-0.0079,-19.2921
17197,-87.7966,-0.0001,0.5000,72.7787,-1.3092,-0.0409,-0.0004,-0.0023,-0.0179,-0.0079,-19.3549
17199,-87.7967,-0.0001,0.5000,72.6982,-1.3092,-0.0410,-0.0004,-0.0023,-0.0179,-0.0079,-19.4171
17201,-87.7969,-0.0001,0.5000,72.6184,-1.3091,-0.0411,-0.0004,-0.0023,-0.0179,-0.0079,-19.4786
17203,-87.7970,-0.0001,0.5000,72.5394,-1.3091,-0.0411,-0.0004,-0.0023,-0.0180,-0.0079,-19.5395
17205,-87.7972,-0.0001,0.5000,72.4612,-1.3091,-0.0412,-0.0004,-0.0023,-0.0180,-0.0079,-19.5997
17207,-87.7974,-0.0001,0.5000,72.3836,-1.3090,-0.0413,-0.0004,-0.0023,-0.0180,-0.0079,-19.6593
17209,-87.7975,-0.0001,0.5000,72.3069,-1.3090,-0.0413,-0.0004,-0.0023,-0.0180,-0.0079,-19.7182
17211,-87.7977,-0.0001,0.5000,72.2308,-1.3089,-0.0414,-0.0004,-0.0024,-0.0181,-0.0079,-19.7766
17213,-87.7978,-0.0001,0.5000,72.1554,-1.3089,-0.0415,-0.0004,-0.0024,-0.0181,-0.0079,-19.8342
17215,-87.7980,-0.0001,0.5000,72.0808,-1.3089,-0.0415,-0.0004,-0.0024,-0.0181,-0.0079,-19.8913
17217,-87.7981,-0.0001,0.5000,72.0069,-1.3088,-0.0416,-0.0004,-0.0024,-0.0181,-0.0078,-19.9478
17219,-87.7983,-0.0001,0.5000,71.9337,-1.3088,-0.0416,-0.0004,-0.0024,-0.0181,-0.0078,-20.0036
17221,-87.7984,-0.0001,0.5000,71.8611,-1.3088,-0.0417,-0.0004,-0.0024,-0.0181,-0.0078,-20.0589
17223,-87.7986,-0.0001,0.5000,71.7893,-1.3087,-0.0418,-0.0004,-0.0024,-0.0182,-0.0078,-20.1135
17225,-87.7987,-0.0001,0.5000,71.7181,-1.3087,-0.0418,-0.0004,-0.0024,-0.0182,-0.0078,-20.1676
17227,-87.7989,-0.0001,0.5000,71.6476,-1.3087,-0.0419,-0.0004,-0.0024,-0.0182,-0.0078,-20.2211
17229,-87.7990,-0.0001,0.5000,71.5778,-1.3086,-0.0419,-0.0004,-0.0024,-0.0182,-0.0078,-20.2741
17231,-87.7991,-0.0001,0.5000,71.5087,-1.3086,-0.0420,-0.0004,-0.0024,-0.0182,-0.0078,-20.3264
17233,-87.7993,-0.0001,0.5000,71.4402,-1.3086,-0.0420,-0.0004,-0.0024,-0.0182,-0.0078,-20.3782
17235,-87.7994,-0.0001,0.5000,71.3723,-1.3085,-0.0421,-0.0004,-0.0024,-0.0183,-0.0078,-20.4295
17237,-87.7996,-0.0001,0.5000,71.3052,-1.3085,-0.0422,-0.0004,-0.0024,-0.0183,-0.0078,-20.4802
17239,-87.7997,-0.0001,0.5000,71.2386,-1.3085,-0.0422,-0.0004,-0.0024,-0.0183,-0.0078,-20.5303
17241,-87.7998,-0.0001,0.5000,71.1727,-1.3085,-0.0423,-0.0004,-0.0025,-0.0183,-0.0077,-20.5800
17243,-87.8000,-0.0001,0.5000,71.1074,-1.3084,-0.0423,-0.0004,-0.0025,-0.0183,-0.0077,-20.6291
17245,-87.8001,-0.0001,0.5000,71.0428,-1.3084,-0.0424,-0.0004,-0.0025,-0.0183,-0.0077,-20.6776
17247,-87.8002,-0.0001,0.5000,70.9787,-1.3084,-0.0424,-0.0004,-0.0025,-0.0183,-0.0077,-20.7257
17249,-87.8003,-0.0001,0.5000,70.9153,-1.3083,-0.0425,-0.0004,-0.0025,-0.0183,-0.0077,-20.7732
17251,-87.8005,-0.0001,0.5000,70.8525,-1.3083,-0.0425,-0.0004,-0.0025,-0.0183,-0.0077,-20.8202
17253,-87.8006,-0.0001,0.5000,70.7903,-1.3083,-0.0426,-0.0004,-0.0025,-0.0184,-0.0077,-20.8667
17255,-87.8007,-0.0001,0.5000,70.7287,-1.3083,-0.0426,-0.0004,-0.0025,-0.0184,-0.0077,-20.9128
17257,-87.8008,-0.0001,0.5000,70.6677,-1.3082,-0.0427,-0.0004,-0.0025,-0.0184,-0.0077,-20.9583
17259,-87.8010,-0.0001,0.5000,70.6073,-1.3082,-0.0427,-0.0004,-0.0025,-0.0184,-0.0077,-21.0033
17261,-87.8011,-0.0001,0.5000,70.5475,-1.3082,-0.0428,-0.0004,-0.0025,-0.0184,-0.0077,-21.0479
17263,-87.8012,-0.0001,0.5000,70.4882,-1.3081,-0.0429,-0.0004,-0.0025,-0.0184,-0.0077,-21.0920
17265,-87.8013,-0.0001,0.5000,70.4295,-1.3081,-0.0429,-0.0004,-0.0025,-0.0184,-0.0076,-21.1356
17267,-87.8014,-0.0001,0.5000,70.3714,-1.3081,-0.0430,-0.0004,-0.0025,-0.0184,-0.0076,-21.1787
17269,-87.8015,-0.0001,0.5000,70.3139,-1.3081,-0.0430,-0.0004,-0.0025,-0.0184,-0.0076,-21.2214
17271,-87.8017,-0.0001,0.5000,70.2569,-1.3080,-0.0430,-0.0004,-0.0025,-0.0184,-0.0076,-21.2636
17273,-87.8018,-0.0001,0.5000,70.2005,-1.3080,-0.0431,-0.0004,-0.0026,-0.0184,-0.0076,-21.3053
17275,-87.8019,-0.0001,0.5000,70.1446,-1.3080,-0.0431,-0.0004,-0.0026,-0.0184,-0.0076,-21.3466
17277,-87.8020,-0.0001,0.5000,70.0893,-1.3080,-0.0432,-0.0004,-0.0026,-0.0184,-0.0076,-21.3875
17279,-87.8021,-0.0001,0.5000,70.0345,-1.3079,-0.0432,-0.0004,-0.0026,-0.0184,-0.0076,-21.4279
17281,-87.8022,-0.0001,0.5000,69.9803,-1.3079,-0.0433,-0.0004,-0.0026,-0.0184,-0.0076,-21.4679
17283,-87.8023,-0.0001,0.5000,69.9265,-1.3079,-0.0433,-0.0004,-0.0026,-0.0184,-0.0076,-21.5075
17285,-87.8024,-0.0001,0.5000,69.8734,-1.3079,-0.0434,-0.0004,-0.0026,-0.0184,-0.0076,-21.5466
17287,-87.8025,-0.0001,0.5000,69.8207,-1.3078,-0.0434,-0.0004,-0.0026,-0.0184,-0.0076,-21.5853
17289,-87.8026,-0.0001,0.5000,69.7686,-1.3078,-0.0435,-0.0004,-0.0026,-0.0184,-0.0075,-21.6236
17291,-87.8027,-0.0001,0.5000,69.7169,-1.3078,-0.0435,-0.0004,-0.0026,-0.0184,-0.0075,-21.6614
17293,-87.8028,-0.0001,0.5000,69.6658,-1.3078,-0.0436,-0.0004,-0.0026,-0.0184,-0.0075,-21.6989
17295,-87.8029,-0.0000,0.5000,69.6152,-1.3078,-0.0436,-0.0004,-0.0026,-0.0184,-0.0075,-21.7359
17297,-87.8030,-0.0000,0.5000,69.5651,-1.3077,-0.0437,-0.0004,-0.0026,-0.0184,-0.0075,-21.7726
17299,-87.8031,-0.0000,0.5000,69.5155,-1.3077,-0.0437,-0.0004,-0.0026,-0.0184,-0.0075,-21.8088
17301,-87.8032,-0.0000,0.5000,69.4664,-1.3077,-0.0437,-0.0004,-0.0026,-0.0184,-0.0075,-21.8447
17303,-87.8033,-0.0000,0.5000,69.4177,-1.3077,-0.0438,-0.0004,-0.0026,-0.0184,-0.0075,-21.8801
17305,-87.8034,-0.0000,0.5000,69.3696,-1.3076,-0.0438,-0.0004,-0.0026,-0.0184,-0.0075,-21.9152
17307,-87.8035,-0.0000,0.5000,69.3219,-1.3076,-0.0439,-0.0004,-0.0026,-0.0184,-0.0075,-21.9499
17309,-87.8036,-0.0000,0.5000,69.2747,-1.3076,-0.0439,-0.0004,-0.0026,-0.0184,-0.0075,-21.9842
17311,-87.8037,-0.0000,0.5000,69.2280,-1.3076,-0.0440,-0.0004,-0.0026,-0.0184,-0.0075,-22.0182
17313,-87.8038,-0.0000,0.5000,69.1818,-1.3076,-0.0440,-0.0004,-0.0027,-0.0184,-0.0075,-22.0517
17315,-87.8039,-0.0000,0.5000,69.1360,-1.3075,-0.0440,-0.0004,-0.0027,-0.0184,-0.0074,-22.0849
17317,-87.8040,-0.0000,0.5000,69.0907,-1.3075,-0.0441,-0.0004,-0.0027,-0.0184,-0.0074,-22.1178
17319,-87.8041,-0.0000,0.5000,69.0459,-1.3075,-0.0441,-0.0004,-0.0027,-0.0184,-0.0074,-22.1502
17321,-87.8041,-0.0000,0.5000,69.0015,-1.3075,-0.0442,-0.0004,-0.0027,-0.0184,-0.0074,-22.1824
17323,-87.8042,-0.0000,0.5000,68.9575,-1.3075,-0.0442,-0.0004,-0.0027,-0.0184,-0.0074,-22.2141
17325,-87.8043,-0.0000,0.5000,68.9140,-1.3074,-0.0442,-0.0004,-0.0027,-0.0184,-0.0074,-22.2455
17327,-87.8044,-0.0000,0.5000,68.8710,-1.3074,-0.0443,-0.0004,-0.0027,-0.0184,-0.0074,-22.2766
17329,-87.8045,-0.0000,0.5000,68.8283,-1.3074,-0.0443,-0.0004,-0.0027,-0.0184,-0.0074,-22.3073
17331,-87.8046,-0.0000,0.5000,68.7861,-1.3074,-0.0444,-0.0004,-0.0027,-0.0183,-0.0074,-22.3377
17333,-87.8046,-0.0000,0.5000,68.7444,-1.3074,-0.0444,-0.0004,-0.0027,-0.0183,-0.0074,-22.3677
17335,-87.8047,-0.0000,0.5000,68.7031,-1.3074,-0.0444,-0.0004,-0.0027,-0.0183,-0.0074,-22.3975
17337,-87.8048,-0.0000,0.5000,68.6622,-1.3073,-0.0445,-0.0004,-0.0027,-0.0183,-0.0074,-22.4268
17339,-87.8049,-0.0000,0.5000,68.6217,-1.3073,-0.0445,-0.0004,-0.0027,-0.0183,-0.0074,-22.4559
17341,-87.8050,-0.0000,0.5000,68.5816,-1.3073,-0.0445,-0.0004,-0.0027,-0.0183,-0.0073,-22.4846
17343,-87.8050,-0.0000,0.5000,68.5420,-1.3073,-0.0446,-0.0004,-0.0027,-0.0183,-0.0073,-22.5130
17345,-87.8051,-0.0000,0.5000,68.5028,-1.3073,-0.0446,-0.0004,-0.0027,-0.0183,-0.0073,-22.5411
17347,-87.8052,-0.0000,0.5000,68.4639,-1.3072,-0.0446,-0.0004,-0.0027,-0.0183,-0.0073,-22.5689
17349,-87.8053,-0.0000,0.5000,68.4255,-1.3072,-0.0447,-0.0004,-0.0027,-0.0183,-0.0073,-22.5963
17351,-87.8053,-0.0000,0.5000,68.3875,-1.3072,-0.0447,-0.0004,-0.0027,-0.0183,-0.0073,-22.6235
17353,-87.8054,-0.0000,0.5000,68.3499,-1.3072,-0.0448,-0.0004,-0.0027,-0.0183,-0.0073,-22.6504
17355,-87.8055,-0.0000,0.5000,68.3126,-1.3072,-0.0448,-0.0004,-0.0027,-0.0182,-0.0073,-22.6769
17357,-87.8056,-0.0000,0.5000,68.2758,-1.3072,-0.0448,-0.0004,-0.0027,-0.0182,-0.0073,-22.7031
17359,-87.8056,-0.0000,0.5000,68.2394,-1.3071,-0.0449,-0.0004,-0.0027,-0.0182,-0.0073,-22.7291
17361,-87.8057,-0.0000,0.5000,68.2033,-1.3071,-0.0449,-0.0004,-0.0028,-0.0182,-0.0073,-22.7547
17363,-87.8058,-0.0000,0.5000,68.1676,-1.3071,-0.0449,-0.0004,-0.0028,-0.0182,-0.0073,-22.7801
17365,-87.8058,-0.0000,0.5000,68.1323,-1.3071,-0.0450,-0.0004,-0.0028,-0.0182,-0.0073,-22.8052
17367,-87.8059,-0.0000,0.5000,68.0974,-1.3071,-0.0450,-0.0004,-0.0028,-0.0182,-0.0073,-22.8300
17369,-87.8060,-0.0000,0.5000,68.0628,-1.3071,-0.0450,-0.0004,-0.0028,-0.0182,-0.0072,-22.8545
17371,-87.8060,-0.0000,0.5000,68.0286,-1.3071,-0.0451,-0.0004,-0.0028,-0.0182,-0.0072,-22.8787
17373,-87.8061,-0.0000,0.5000,67.9948,-1.3070,-0.0451,-0.0004,-0.0028,-0.0181,-0.0072,-22.9026
17375,-87.8062,-0.0000,0.5000,67.9614,-1.3070,-0.0451,-0.0004,-0.0028,-0.0181,-0.0072,-22.9263
17377,-87.8062,-0.0000,0.5000,67.9283,-1.3070,-0.0452,-0.0004,-0.0028,-0.0181,-0.0072,-22.9497
17379,-87.8063,-0.0000,0.5000,67.8955,-1.3070,-0.0452,-0.0004,-0.0028,-0.0181,-0.0072,-22.9728
17381,-87.8064,-0.0000,0.5000,67.8632,-1.3070,-0.0452,-0.0004,-0.0028,-0.0181,-0.0072,-22.9957
17383,-87.8064,-0.0000,0.5000,67.8311,-1.3070,-0.0453,-0.0004,-0.0028,-0.0181,-0.0072,-23.0183
17385,-87.8065,-0.0000,0.5000,67.7994,-1.3070,-0.0453,-0.0004,-0.0028,-0.0181,-0.0072,-23.0406
17387,-87.8066,-0.0000,0.5000,67.7681,-1.3069,-0.0453,-0.0004,-0.0028,-0.0180,-0.0072,-23.0627
17389,-87.8066,-0.0000,0.5000,67.7371,-1.3069,-0.0454,-0.0004,-0.0028,-0.0180,-0.0072,-23.0845
17391,-87.8067,-0.0000,0.5000,67.7065,-1.3069,-0.0454,-0.0004,-0.0028,-0.0180,-0.0072,-23.1060
17393,-87.8067,-0.0000,0.5000,67.6762,-1.3069,-0.0454,-0.0004,-0.0028,-0.0180,-0.0072,-23.1273
17395,-87.8068,-0.0000,0.5000,67.6462,-1.3069,-0.0454,-0.0004,-0.0028,-0.0180,-0.0071,-23.1484
17397,-87.8069,-0.0000,0.5000,67.6165,-1.3069,-0.0455,-0.0004,-0.0028,-0.0180,-0.0071,-23.1692
17399,-87.8069,-0.0000,0.5000,67.5872,-1.3069,-0.0455,-0.0004,-0.0028,-0.0180,-0.0071,-23.1897
17401,-87.8070,-0.0000,0.5000,67.5582,-1.3069,-0.0455,-0.0004,-0.0028,-0.0179,-0.0071,-23.2101
17403,-87.8070,-0.0000,0.5000,67.5295,-1.3068,-0.0456,-0.0004,-0.0028,-0.0179,-0.0071,-23.2301
17405,-87.8071,-0.0000,0.5000,67.5012,-1.3068,-0.0456,-0.0004,-0.0028,-0.0179,-0.0071,-23.2500
17407,-87.8071,-0.0000,0.5000,67.4732,-1.3068,-0.0456,-0.0004,-0.0028,-0.0179,-0.0071,-23.2696
17409,-87.8072,-0.0000,0.5000,67.4455,-1.3068,-0.0456,-0.0004,-0.0028,-0.0179,-0.0071,-23.2889
17411,-87.8072,-0.0000,0.5000,67.4181,-1.3068,-0.0457,-0.0004,-0.0028,-0.0179,-0.0071,-23.3080
17413,-87.8073,-0.0000,0.5000,67.3910,-1.3068,-0.0457,-0.0004,-0.0028,-0.0179,-0.0071,-23.3269
17415,-87.8073,-0.0000,0.5000,67.3642,-1.3068,-0.0457,-0.0004,-0.0028,-0.0178,-0.0071,-23.3456
17417,-87.8074,-0.0000,0.5000,67.3377,-1.3068,-0.0458,-0.0004,-0.0028,-0.0178,-0.0071,-23.3640
17419,-87.8074,-0.0000,0.5000,67.3116,-1.3068,-0.0458,-0.0004,-0.0028,-0.0178,-0.0071,-23.3822
17421,-87.8075,-0.0000,0.5000,67.2857,-1.3067,-0.0458,-0.0004,-0.0028,-0.0178,-0.0071,-23.4002
17423,-87.8076,-0.0000,0.5000,67.2601,-1.3067,-0.0458,-0.0004,-0.0029,-0.0178,-0.0070,-23.4180
17425,-87.8076,-0.0000,0.5000,67.2349,-1.3067,-0.0459,-0.0004,-0.0029,-0.0178,-0.0070,-23.4356
17427,-87.8076,-0.0000,0.5000,67.2099,-1.3067,-0.0459,-0.0004,-0.0029,-0.0177,-0.0070,-23.4529
17429,-87.8077,-0.0000,0.5000,67.1852,-1.3067,-0.0459,-0.0004,-0.0029,-0.0177,-0.0070,-23.4700
17431,-87.8077,-0.0000,0.5000,67.1608,-1.3067,-0.0460,-0.0004,-0.0029,-0.0177,-0.0070,-23.4869
17433,-87.8078,-0.0000,0.5000,67.1367,-1.3067,-0.0460,-0.0004,-0.0029,-0.0177,-0.0070,-23.5036
17435,-87.8078,-0.0000,0.5000,67.1129,-1.3067,-0.0460,-0.0004,-0.0029,-0.0177,-0.0070,-23.5201
17437,-87.8079,-0.0000,0.5000,67.0893,-1.3067,-0.0460,-0.0004,-0.0029,-0.0176,-0.0070,-23.5364
17439,-87.8079,-0.0000,0.5000,67.0661,-1.3067,-0.0461,-0.0004,-0.0029,-0.0176,-0.0070,-23.5525
17441,-87.8080,-0.0000,0.5000,67.0431,-1.3066,-0.0461,-0.0004,-0.0029,-0.0176,-0.0070,-23.5683
17443,-87.8080,-0.0000,0.5000,67.0204,-1.3066,-0.0461,-0.0004,-0.0029,-0.0176,-0.0070,-23.5840
17445,-87.8081,-0.0000,0.5000,66.9979,-1.3066,-0.0461,-0.0004,-0.0029,-0.0176,-0.0070,-23.5995
17447,-87.8081,-0.0000,0.5000,66.9758,-1.3066,-0.0462,-0.0004,-0.0029,-0.0176,-0.0070,-23.6147
17449,-87.8082,-0.0000,0.5000,66.9539,-1.3066,-0.0462,-0.0004,-0.0029,-0.0175,-0.0070,-23.6298
17451,-87.8082,-0.0000,0.5000,66.9322,-1.3066,-0.0462,-0.0004,-0.0029,-0.0175,-0.0069,-23.6447
17453,-87.8082,-0.0000,0.5000,66.9109,-1.3066,-0.0462,-0.0004,-0.0029,-0.0175,-0.0069,-23.6594
17455,-87.8083,-0.0000,0.5000,66.8898,-1.3066,-0.0463,-0.0004,-0.0029,-0.0175,-0.0069,-23.6739
17457,-87.8083,-0.0000,0.5000,66.8689,-1.3066,-0.0463,-0.0004,-0.0029,-0.0175,-0.0069,-23.6882
17459,-87.8084,-0.0000,0.5000,66.8484,-1.3066,-0.0463,-0.0004,-0.0029,-0.0174,-0.0069,-23.7023
17461,-87.8084,-0.0000,0.5000,66.8280,-1.3066,-0.0463,-0.0004,-0.0029,-0.0174,-0.0069,-23.7163
17463,-87.8084,-0.0000,0.5000,66.8080,-1.3065,-0.0464,-0.0004,-0.0029,-0.0174,-0.0069,-23.7300
17465,-87.8085,-0.0000,0.5000,66.7881,-1.3065,-0.0464,-0.0004,-0.0029,-0.0174,-0.0069,-23.7436
17467,-87.8085,-0.0000,0.5000,66.7686,-1.3065,-0.0464,-0.0004,-0.0029,-0.0174,-0.0069,-23.7570
17469,-87.8086,-0.0000,0.5000,66.7493,-1.3065,-0.0464,-0.0004,-0.0029,-0.0173,-0.0069,-23.7702
17471,-87.8086,-0.0000,0.5000,66.7302,-1.3065,-0.0464,-0.0004,-0.0029,-0.0173,-0.0069,-23.7832
17473,-87.8086,-0.0000,0.5000,66.7113,-1.3065,-0.0465,-0.0004,-0.0029,-0.0173,-0.0069,-23.7961
17475,-87.8087,-0.0000,0.5000,66.6928,-1.3065,-0.0465,-0.0004,-0.0029,-0.0173,-0.0069,-23.8087
17477,-87.8087,-0.0000,0.5000,66.6744,-1.3065,-0.0465,-0.0004,-0.0029,-0.0173,-0.0069,-23.8213
17479,-87.8087,-0.0000,0.5000,66.6563,-1.3065,-0.0465,-0.0004,-0.0029,-0.0172,-0.0069,-23.8336
17481,-87.8088,-0.0000,0.5000,66.6384,-1.3065,-0.0466,-0.0004,-0.0029,-0.0172,-0.0068,-23.8458
17483,-87.8088,-0.0000,0.5000,66.6208,-1.3065,-0.0466,-0.0004,-0.0029,-0.0172,-0.0068,-23.8577
17485,-87.8088,-0.0000,0.5000,66.6034,-1.3065,-0.0466,-0.0004,-0.0029,-0.0172,-0.0068,-23.8696
17487,-87.8089,-0.0000,0.5000,66.5862,-1.3065,-0.0466,-0.0004,-0.0029,-0.0172,-0.0068,-23.8812
17489,-87.8089,-0.0000,0.5000,66.5693,-1.3064,-0.0466,-0.0004,-0.0029,-0.0171,-0.0068,-23.8927
17491,-87.8090,-0.0000,0.5000,66.5525,-1.3064,-0.0467,-0.0004,-0.0029,-0.0171,-0.0068,-23.9041
17493,-87.8090,-0.0000,0.5000,66.5360,-1.3064,-0.0467,-0.0004,-0.0029,-0.0171,-0.0068,-23.9152
17495,-87.8090,-0.0000,0.5000,66.5198,-1.3064,-0.0467,-0.0004,-0.0029,-0.0171,-0.0068,-23.9263
17497,-87.8090,-0.0000,0.5000,66.5037,-1.3064,-0.0467,-0.0004,-0.0029,-0.0171,-0.0068,-23.9371
17499,-87.8091,-0.0000,0.5000,66.4879,-1.3064,-0.0468,-0.0004,-0.0029,-0.0170,-0.0068,-23.9478
17501,-87.8091,-0.0000,0.5000,66.4723,-1.3064,-0.0468,-0.0004,-0.0029,-0.0170,-0.0068,-23.9584
17503,-87.8091,-0.0000,0.5000,66.4569,-1.3064,-0.0468,-0.0004,-0.0029,-0.0170,-0.0068,-23.9687
17505,-87.8092,-0.0000,0.5000,66.4417,-1.3064,-0.0468,-0.0004,-0.0029,-0.0170,-0.0068,-23.9790
17507,-87.8092,-0.0000,0.5000,66.4267,-1.3064,-0.0468,-0.0004,-0.0029,-0.0170,-0.0068,-23.9891
17509,-87.8092,-0.0000,0.5000,66.4120,-1.3064,-0.0469,-0.0004,-0.0029,-0.0169,-0.0068,-23.9990
17511,-87.8093,-0.0000,0.5000,66.3974,-1.3064,-0.0469,-0.0004,-0.0029,-0.0169,-0.0067,-24.0088
17513,-87.8093,-0.0000,0.5000,66.3831,-1.3064,-0.0469,-0.0004,-0.0030,-0.0169,-0.0067,-24.0184
17515,-87.8093,-0.0000,0.5000,66.3690,-1.3064,-0.0469,-0.0004,-0.0030,-0.0169,-0.0067,-24.0279
17517,-87.8094,-0.0000,0.5000,66.3550,-1.3064,-0.0469,-0.0004,-0.0030,-0.0168,-0.0067,-24.0372
17519,-87.8094,-0.0000,0.5000,66.3413,-1.3064,-0.0470,-0.0004,-0.0030,-0.0168,-0.0067,-24.0464
17521,-87.8094,-0.0000,0.5000,66.3278,-1.3064,-0.0470,-0.0004,-0.0030,-0.0168,-0.0067,-24.0555
17523,-87.8094,-0.0000,0.5000,66.3145,-1.3063,-0.0470,-0.0004,-0.0030,-0.0168,-0.0067,-24.0644
17525,-87.8095,-0.0000,0.5000,66.3013,-1.3063,-0.0470,-0.0004,-0.0030,-0.0168,-0.0067,-24.0732
17527,-87.8095,-0.0000,0.5000,66.2884,-1.3063,-0.0470,-0.0004,-0.0030,-0.0167,-0.0067,-24.0818
17529,-87.8095,-0.0000,0.5000,66.2757,-1.3063,-0.0470,-0.0004,-0.0030,-0.0167,-0.0067,-24.0903
17531,-87.8095,-0.0000,0.5000,66.2631,-1.3063,-0.0471,-0.0004,-0.0030,-0.0167,-0.0067,-24.0987
17533,-87.8096,-0.0000,0.5000,66.2508,-1.3063,-0.0471,-0.0004,-0.0030,-0.0167,-0.0067,-24.1069
17535,-87.8096,-0.0000,0.5000,66.2386,-1.3063,-0.0471,-0.0004,-0.0030,-0.0166,-0.0067,-24.1150
17537,-87.8096,-0.0000,0.5000,66.2267,-1.3063,-0.0471,-0.0004,-0.0030,-0.0166,-0.0067,-24.1229
17539,-87.8096,-0.0000,0.5000,66.2149,-1.3063,-0.0471,-0.0004,-0.0030,-0.0166,-0.0067,-24.1308
17541,-87.8097,-0.0000,0.5000,66.2033,-1.3063,-0.0472,-0.0004,-0.0030,-0.0166,-0.0066,-24.1384
17543,-87.8097,-0.0000,0.5000,66.1919,-1.3063,-0.0472,-0.0004,-0.0030,-0.0166,-0.0066,-24.1460
17545,-87.8097,-0.0000,0.5000,66.1806,-1.3063,-0.0472,-0.0004,-0.0030,-0.0165,-0.0066,-24.1534
17547,-87.8097,-0.0000,0.5000,66.1696,-1.3063,-0.0472,-0.0004,-0.0030,-0.0165,-0.0066,-24.1607
17549,-87.8098,-0.0000,0.5000,66.1587,-1.3063,-0.0472,-0.0004,-0.0030,-0.0165,-0.0066,-24.1679
17551,-87.8098,-0.0000,0.5000,66.1480,-1.3063,-0.0472,-0.0004,-0.0030,-0.0165,-0.0066,-24.1750
17553,-87.8098,-0.0000,0.5000,66.1375,-1.3063,-0.0473,-0.0004,-0.0030,-0.0164,-0.0066,-24.1819
17555,-87.8098,-0.0000,0.5000,66.1272,-1.3063,-0.0473,-0.0004,-0.0030,-0.0164,-0.0066,-24.1887
17557,-87.8098,-0.0000,0.5000,66.1170,-1.3063,-0.0473,-0.0004,-0.0030,-0.0164,-0.0066,-24.1954
17559,-87.8099,-0.0000,0.5000,66.1070,-1.3063,-0.0473,-0.0004,-0.0030,-0.0164,-0.0066,-24.2019
17561,-87.8099,-0.0000,0.5000,66.0972,-1.3063,-0.0473,-0.0004,-0.0030,-0.0163,-0.0066,-24.2084
17563,-87.8099,-0.0000,0.5000,66.0876,-1.3063,-0.0474,-0.0004,-0.0030,-0.0163,-0.0066,-24.2147
17565,-87.8099,-0.0000,0.5000,66.0781,-1.3063,-0.0474,-0.0004,-0.0030,-0.0163,-0.0066,-24.2209
17567,-87.8099,-0.0000,0.5000,66.0688,-1.3063,-0.0474,-0.0004,-0.0030,-0.0163,-0.0066,-24.2270
17569,-87.8100,-0.0000,0.5000,66.0597,-1.3062,-0.0474,-0.0004,-0.0030,-0.0163,-0.0066,-24.2329
17571,-87.8100,-0.0000,0.5000,66.0507,-1.3062,-0.0474,-0.0004,-0.0030,-0.0162,-0.0066,-24.2388
17573,-87.8100,-0.0000,0.5000,66.0419,-1.3062,-0.0474,-0.0004,-0.0030,-0.0162,-0.0065,-24.2445
17575,-87.8100,-0.0000,0.5000,66.0332,-1.3062,-0.0474,-0.0004,-0.0030,-0.0162,-0.0065,-24.2501
17577,-87.8100,-0.0000,0.5000,66.0247,-1.3062,-0.0475,-0.0004,-0.0030,-0.0162,-0.0065,-24.2556
17579,-87.8101,-0.0000,0.5000,66.0164,-1.3062,-0.0475,-0.0004,-0.0030,-0.0161,-0.0065,-24.2610
17581,-87.8101,-0.0000,0.5000,66.0082,-1.3062,-0.0475,-0.0004,-0.0030,-0.0161,-0.0065,-24.2663
17583,-87.8101,-0.0000,0.5000,66.0002,-1.3062,-0.0475,-0.0004,-0.0030,-0.0161,-0.0065,-24.2715
17585,-87.8101,-0.0000,0.5000,65.9923,-1.3062,-0.0475,-0.0004,-0.0030,-0.0161,-0.0065,-24.2766
17587,-87.8101,-0.0000,0.5000,65.9846,-1.3062,-0.0475,-0.0004,-0.0030,-0.0160,-0.0065,-24.2815
17589,-87.8101,-0.0000,0.5000,65.9771,-1.3062,-0.0476,-0.0004,-0.0030,-0.0160,-0.0065,-24.2864
17591,-87.8102,-0.0000,0.5000,65.9697,-1.3062,-0.0476,-0.0004,-0.0030,-0.0160,-0.0065,-24.2911
17593,-87.8102,-0.0000,0.5000,65.9624,-1.3062,-0.0476,-0.0004,-0.0030,-0.0160,-0.0065,-24.2958
17595,-87.8102,-0.0000,0.5000,65.9553,-1.3062,-0.0476,-0.0004,-0.0030,-0.0160,-0.0065,-24.3003
17597,-87.8102,-0.0000,0.5000,65.9484,-1.3062,-0.0476,-0.0004,-0.0030,-0.0159,-0.0065,-24.3047
17599,-87.8102,-0.0000,0.5000,65.9416,-1.3062,-0.0476,-0.0004,-0.0030,-0.0159,-0.0065,-24.3091
17601,-87.8102,-0.0000,0.5000,65.9349,-1.3062,-0.0477,-0.0004,-0.0030,-0.0159,-0.0065,-24.3133
17603,-87.8103,-0.0000,0.5000,65.9284,-1.3062,-0.0477,-0.0004,-0.0030,-0.0159,-0.0064,-24.3174
17605,-87.8103,-0.0000,0.5000,65.9220,-1.3062,-0.0477,-0.0004,-0.0030,-0.0158,-0.0064,-24.3214
17607,-87.8103,-0.0000,0.5000,65.9158,-1.3062,-0.0477,-0.0004,-0.0030,-0.0158,-0.0064,-24.3254
17609,-87.8103,-0.0000,0.5000,65.9097,-1.3062,-0.0477,-0.0004,-0.0030,-0.0158,-0.0064,-24.3292
17611,-87.8103,-0.0000,0.5000,65.9038,-1.3062,-0.0477,-0.0004,-0.0030,-0.0158,-0.0064,-24.3329
17613,-87.8103,-0.0000,0.5000,65.8980,-1.3062,-0.0477,-0.0004,-0.0030,-0.0157,-0.0064,-24.3366
17615,-87.8103,-0.0000,0.5000,65.8923,-1.3062,-0.0478,-0.0004,-0.0030,-0.0157,-0.0064,-24.3401
17617,-87.8104,-0.0000,0.5000,65.8868,-1.3062,-0.0478,-0.0004,-0.0030,-0.0157,-0.0064,-24.3435
17619,-87.8104,-0.0000,0.5000,65.8814,-1.3062,-0.0478,-0.0004,-0.0030,-0.0157,-0.0064,-24.3469
17621,-87.8104,-0.0000,0.5000,65.8761,-1.3062,-0.0478,-0.0004,-0.0030,-0.0156,-0.0064,-24.3501
17623,-87.8104,-0.0000,0.5000,65.8710,-1.3062,-0.0478,-0.0004,-0.0030,-0.0156,-0.0064,-24.3533
17625,-87.8104,-0.0000,0.5000,65.8660,-1.3062,-0.0478,-0.0004,-0.0030,-0.0156,-0.0064,-24.3564
17627,-87.8104,-0.0000,0.5000,65.8612,-1.3062,-0.0478,-0.0004,-0.0030,-0.0156,-0.0064,-24.3593
17629,-87.8104,-0.0000,0.5000,65.8564,-1.3062,-0.0479,-0.0004,-0.0030,-0.0155,-0.0064,-24.3622
17631,-87.8104,-0.0000,0.5000,65.8518,-1.3062,-0.0479,-0.0004,-0.0030,-0.0155,-0.0064,-24.3650
17633,-87.8105,-0.0000,0.5000,65.8474,-1.3062,-0.0479,-0.0004,-0.0030,-0.0155,-0.0064,-24.3677
17635,-87.8105,-0.0000,0.5000,65.8430,-1.3062,-0.0479,-0.0004,-0.0030,-0.0155,-0.0064,-24.3703
17637,-87.8105,-0.0000,0.5000,65.8388,-1.3062,-0.0479,-0.0004,-0.0030,-0.0154,-0.0063,-24.3729
17639,-87.8105,-0.0000,0.5000,65.8347,-1.3062,-0.0479,-0.0004,-0.0030,-0.0154,-0.0063,-24.3753
17641,-87.8105,-0.0000,0.5000,65.8307,-1.3062,-0.0479,-0.0004,-0.0030,-0.0154,-0.0063,-24.3777
17643,-87.8105,-0.0000,0.5000,65.8269,-1.3062,-0.0479,-0.0004,-0.0030,-0.0154,-0.0063,-24.3799
17645,-87.8105,-0.0000,0.5000,65.8232,-1.3062,-0.0480,-0.0004,-0.0030,-0.0154,-0.0063,-24.3821
17647,-87.8105,-0.0000,0.5000,65.8196,-1.3062,-0.0480,-0.0004,-0.0030,-0.0153,-0.0063,-24.3842
17649,-87.8105,-0.0000,0.5000,65.8161,-1.3062,-0.0480,-0.0004,-0.0030,-0.0153,-0.0063,-24.3862
17651,-87.8105,-0.0000,0.5000,65.8127,-1.3062,-0.0480,-0.0004,-0.0030,-0.0153,-0.0063,-24.3882
17653,-87.8106,-0.0000,0.5000,65.8095,-1.3062,-0.0480,-0.0004,-0.0030,-0.0153,-0.0063,-24.3900
17655,-87.8106,-0.0000,0.5000,65.8064,-1.3062,-0.0480,-0.0004,-0.0030,-0.0152,-0.0063,-24.3918
17657,-87.8106,-0.0000,0.5000,65.8034,-1.3062,-0.0480,-0.0004,-0.0030,-0.0152,-0.0063,-24.3935
17659,-87.8106,-0.0000,0.5000,65.8005,-1.3062,-0.0480,-0.0004,-0.0030,-0.0152,-0.0063,-24.3951
17661,-87.8106,-0.0000,0.5000,65.7977,-1.3062,-0.0481,-0.0004,-0.0030,-0.0152,-0.0063,-24.3966
17663,-87.8106,-0.0000,0.5000,65.7951,-1.3062,-0.0481,-0.0004,-0.0030,-0.0151,-0.0063,-24.3981
17665,-87.8106,-0.0000,0.5000,65.7925,-1.3062,-0.0481,-0.0004,-0.0030,-0.0151,-0.0063,-24.3994
17667,-87.8106,-0.0000,0.5000,65.7901,-1.3062,-0.0481,-0.0004,-0.0030,-0.0151,-0.0063,-24.4007
17669,-87.8106,-0.0000,0.5000,65.7878,-1.3062,-0.0481,-0.0004,-0.0030,-0.0151,-0.0062,-24.4019
17671,-87.8106,-0.0000,0.5000,65.7855,-1.3062,-0.0481,-0.0004,-0.0030,-0.0150,-0.0062,-24.4031
17673,-87.8106,-0.0000,0.5000,65.7834,-1.3062,-0.0481,-0.0004,-0.0030,-0.0150,-0.0062,-24.4042
17675,-87.8106,-0.0000,0.5000,65.7814,-1.3062,-0.0481,-0.0004,-0.0030,-0.0150,-0.0062,-24.4051
17677,-87.8106,-0.0000,0.5000,65.7796,-1.3062,-0.0482,-0.0004,-0.0030,-0.0150,-0.0062,-24.4061
17679,-87.8107,-0.0000,0.5000,65.7778,-1.3062,-0.0482,-0.0004,-0.0030,-0.0149,-0.0062,-24.4069
17681,-87.8107,-0.0000,0.5000,65.7761,-1.3062,-0.0482,-0.0004,-0.0030,-0.0149,-0.0062,-24.4077
17683,-87.8107,-0.0000,0.5000,65.7745,-1.3062,-0.0482,-0.0004,-0.0030,-0.0149,-0.0062,-24.4084
17685,-87.8107,-0.0000,0.5000,65.7731,-1.3062,-0.0482,-0.0004,-0.0030,-0.0149,-0.0062,-24.4090
17687,-87.8107,-0.0000,0.5000,65.7717,-1.3062,-0.0482,-0.0004,-0.0030,-0.0148,-0.0062,-24.4095
17689,-87.8107,-0.0000,0.5000,65.7705,-1.3062,-0.0482,-0.0004,-0.0030,-0.0148,-0.0062,-24.4100
17691,-87.8107,-0.0000,0.5000,65.7693,-1.3062,-0.0482,-0.0004,-0.0030,-0.0148,-0.0062,-24.4104
17693,-87.8107,-0.0000,0.5000,65.7683,-1.3062,-0.0483,-0.0004,-0.0030,-0.0148,-0.0062,-24.4108
17695,-87.8107,-0.0000,0.5000,65.7673,-1.3062,-0.0483,-0.0004,-0.0030,-0.0147,-0.0062,-24.4110
17697,-87.8107,-0.0000,0.5000,65.7664,-1.3062,-0.0483,-0.0004,-0.0030,-0.0147,-0.0062,-24.4112
17699,-87.8107,-0.0000,0.5000,65.7657,-1.3062,-0.0483,-0.0004,-0.0030,-0.0147,-0.0062,-24.4114
17701,-87.8107,-0.0000,0.5000,65.7650,-1.3062,-0.0483,-0.0004,-0.0030,-0.0147,-0.0062,-24.4114
17703,-87.8107,-0.0000,0.5000,65.7645,-1.3062,-0.0483,-0.0004,-0.0030,-0.0147,-0.0061,-24.4114
17705,-87.8107,-0.0000,0.5000,65.7640,-1.3062,-0.0483,-0.0004,-0.0030,-0.0146,-0.0061,-24.4114
17707,-87.8107,-0.0000,0.5000,65.7636,-1.3062,-0.0483,-0.0004,-0.0030,-0.0146,-0.0061,-24.4112
17709,-87.8107,-0.0000,0.5000,65.7634,-1.3062,-0.0483,-0.0004,-0.0030,-0.0146,-0.0061,-24.4110
17711,-87.8107,-0.0000,0.5000,65.7632,-1.3062,-0.0484,-0.0004,-0.0031,-0.0146,-0.0061,-24.4108
17713,-87.8107,-0.0000,0.5000,65.7631,-1.3062,-0.0484,-0.0004,-0.0031,-0.0145,-0.0061,-24.4105
17715,-87.8107,-0.0000,0.5000,65.7631,-1.3062,-0.0484,-0.0004,-0.0031,-0.0145,-0.0061,-24.4101
17717,-87.8107,-0.0000,0.5000,65.7632,-1.3062,-0.0484,-0.0004,-0.0031,-0.0145,-0.0061,-24.4096
17719,-87.8107,-0.0000,0.5000,65.7634,-1.3062,-0.0484,-0.0004,-0.0031,-0.0145,-0.0061,-24.4091
17721,-87.8107,-0.0000,0.5000,65.7637,-1.3062,-0.0484,-0.0004,-0.0031,-0.0144,-0.0061,-24.4085
17723,-87.8107,-0.0000,0.5000,65.7640,-1.3062,-0.0484,-0.0004,-0.0031,-0.0144,-0.0061,-24.4079
17725,-87.8108,-0.0000,0.5000,65.7645,-1.3062,-0.0484,-0.0004,-0.0031,-0.0144,-0.0061,-24.4072
17727,-87.8108,-0.0000,0.5000,65.7650,-1.3062,-0.0484,-0.0004,-0.0031,-0.0144,-0.0061,-24.4064
17729,-87.8108,-0.0000,0.5000,65.7657,-1.3062,-0.0484,-0.0004,-0.0031,-0.0143,-0.0061,-24.4056
17731,-87.8108,-0.0000,0.5000,65.7664,-1.3062,-0.0485,-0.0004,-0.0031,-0.0143,-0.0061,-24.4047
17733,-87.8108,-0.0000,0.5000,65.7672,-1.3062,-0.0485,-0.0004,-0.0031,-0.0143,-0.0061,-24.4037
17735,-87.8108,-0.0000,0.5000,65.7681,-1.3062,-0.0485,-0.0004,-0.0031,-0.0143,-0.0061,-24.4027
17737,-87.8108,-0.0000,0.5000,65.7691,-1.3062,-0.0485,-0.0004,-0.0031,-0.0142,-0.0060,-24.4017
17739,-87.8108,-0.0000,0.5000,65.7701,-1.3062,-0.0485,-0.0004,-0.0031,-0.0142,-0.0060,-24.4006
17741,-87.8108,-0.0000,0.5000,65.7713,-1.3062,-0.0485,-0.0004,-0.0031,-0.0142,-0.0060,-24.3994
17743,-87.8108,-0.0000,0.5000,65.7725,-1.3062,-0.0485,-0.0004,-0.0031,-0.0142,-0.0060,-24.3981
17745,-87.8108,-0.0000,0.5000,65.7738,-1.3062,-0.0485,-0.0004,-0.0031,-0.0141,-0.0060,-24.3969
17747,-87.8108,-0.0000,0.5000,65.7752,-1.3062,-0.0485,-0.0004,-0.0031,-0.0141,-0.0060,-24.3955
17749,-87.8108,-0.0000,0.5000,65.7767,-1.3062,-0.0485,-0.0004,-0.0031,-0.0141,-0.0060,-24.3941
17751,-87.8108,-0.0000,0.5000,65.7782,-1.3062,-0.0486,-0.0004,-0.0031,-0.0141,-0.0060,-24.3927
17753,-87.8108,-0.0000,0.5000,65.7798,-1.3062,-0.0486,-0.0004,-0.0031,-0.0140,-0.0060,-24.3911
17755,-87.8108,-0.0000,0.5000,65.7815,-1.3062,-0.0486,-0.0004,-0.0031,-0.0140,-0.0060,-24.3896
17757,-87.8108,-0.0000,0.5000,65.7833,-1.3062,-0.0486,-0.0004,-0.0031,-0.0140,-0.0060,-24.3880
17759,-87.8108,0.0000,0.5000,65.7852,-1.3062,-0.0486,-0.0004,-0.0031,-0.0140,-0.0060,-24.3863
17761,-87.8108,0.0000,0.5000,65.7871,-1.3062,-0.0486,-0.0004,-0.0031,-0.0140,-0.0060,-24.3845
17763,-87.8108,0.0000,0.5000,65.7892,-1.3062,-0.0486,-0.0004,-0.0031,-0.0139,-0.0060,-24.3828
17765,-87.8108,0.0000,0.5000,65.7912,-1.3062,-0.0486,-0.0004,-0.0031,-0.0139,-0.0060,-24.3809
17767,-87.8108,0.0000,0.5000,65.7934,-1.3062,-0.0486,-0.0004,-0.0031,-0.0139,-0.0060,-24.3791
17769,-87.8108,0.0000,0.5000,65.7956,-1.3062,-0.0486,-0.0004,-0.0031,-0.0139,-0.0060,-24.3771
17771,-87.8108,0.0000,0.5000,65.7980,-1.3062,-0.0486,-0.0004,-0.0031,-0.0138,-0.0060,-24.3751
17773,-87.8108,0.0000,0.5000,65.8003,-1.3062,-0.0487,-0.0004,-0.0031,-0.0138,-0.0059,-24.3731
17775,-87.8108,0.0000,0.5000,65.8028,-1.3062,-0.0487,-0.0004,-0.0031,-0.0138,-0.0059,-24.3710
17777,-87.8108,0.0000,0.5000,65.8053,-1.3062,-0.0487,-0.0004,-0.0031,-0.0138,-0.0059,-24.3689
17779,-87.8108,0.0000,0.5000,65.8079,-1.3062,-0.0487,-0.0004,-0.0031,-0.0137,-0.0059,-24.3667
17781,-87.8108,0.0000,0.5000,65.8106,-1.3062,-0.0487,-0.0004,-0.0031,-0.0137,-0.0059,-24.3645
17783,-87.8108,0.0000,0.5000,65.8134,-1.3062,-0.0487,-0.0004,-0.0031,-0.0137,-0.0059,-24.3622
17785,-87.8108,0.0000,0.5000,65.8162,-1.3062,-0.0487,-0.0004,-0.0031,-0.0137,-0.0059,-24.3598
17787,-87.8108,0.0000,0.5000,65.8190,-1.3062,-0.0487,-0.0004,-0.0031,-0.0136,-0.0059,-24.3575
17789,-87.8108,0.0000,0.5000,65.8220,-1.3062,-0.0487,-0.0004,-0.0031,-0.0136,-0.0059,-24.3550
17791,-87.8107,0.0000,0.5000,65.8250,-1.3062,-0.0487,-0.0004,-0.0031,-0.0136,-0.0059,-24.3526
17793,-87.8107,0.0000,0.5000,65.8281,-1.3062,-0.0487,-0.0004,-0.0031,-0.0136,-0.0059,-24.3500
17795,-87.8107,0.0000,0.5000,65.8313,-1.3062,-0.0488,-0.0004,-0.0031,-0.0135,-0.0059,-24.3475
17797,-87.8107,0.0000,0.5000,65.8345,-1.3062,-0.0488,-0.0004,-0.0031,-0.0135,-0.0059,-24.3449
17799,-87.8107,0.0000,0.5000,65.8378,-1.3062,-0.0488,-0.0004,-0.0031,-0.0135,-0.0059,-24.3422
17801,-87.8107,0.0000,0.5000,65.8411,-1.3062,-0.0488,-0.0004,-0.0031,-0.0135,-0.0059,-24.3395
17803,-87.8107,0.0000,0.5000,65.8445,-1.3062,-0.0488,-0.0004,-0.0031,-0.0135,-0.0059,-24.3368
17805,-87.8107,0.0000,0.5000,65.8480,-1.3062,-0.0488,-0.0004,-0.0031,-0.0134,-0.0059,-24.3340
17807,-87.8107,0.0000,0.5000,65.8515,-1.3062,-0.0488,-0.0004,-0.0031,-0.0134,-0.0058,-24.3311
17809,-87.8107,0.0000,0.5000,65.8551,-1.3062,-0.0488,-0.0004,-0.0031,-0.0134,-0.0058,-24.3282
17811,-87.8107,0.0000,0.5000,65.8588,-1.3062,-0.0488,-0.0004,-0.0031,-0.0134,-0.0058,-24.3253
17813,-87.8107,0.0000,0.5000,65.8625,-1.3062,-0.0488,-0.0004,-0.0031,-0.0133,-0.0058,-24.3224
17815,-87.8107,0.0000,0.5000,65.8663,-1.3062,-0.0488,-0.0004,-0.0031,-0.0133,-0.0058,-24.3193
17817,-87.8107,0.0000,0.5000,65.8702,-1.3062,-0.0488,-0.0004,-0.0031,-0.0133,-0.0058,-24.3163
17819,-87.8107,0.0000,0.5000,65.8741,-1.3062,-0.0489,-0.0004,-0.0031,-0.0133,-0.0058,-24.3132
17821,-87.8107,0.0000,0.5000,65.8780,-1.3062,-0.0489,-0.0004,-0.0031,-0.0132,-0.0058,-24.3101
17823,-87.8107,0.0000,0.5000,65.8821,-1.3062,-0.0489,-0.0004,-0.0031,-0.0132,-0.0058,-24.3069
17825,-87.8107,0.0000,0.5000,65.8862,-1.3062,-0.0489,-0.0004,-0.0031,-0.0132,-0.0058,-24.3037
17827,-87.8107,0.0000,0.5000,65.8903,-1.3062,-0.0489,-0.0004,-0.0031,-0.0132,-0.0058,-24.3004
17829,-87.8107,0.0000,0.5000,65.8945,-1.3062,-0.0489,-0.0004,-0.0031,-0.0131,-0.0058,-24.2971
17831,-87.8107,0.0000,0.5000,65.8988,-1.3062,-0.0489,-0.0004,-0.0031,-0.0131,-0.0058,-24.2938
17833,-87.8107,0.0000,0.5000,65.9031,-1.3063,-0.0489,-0.0004,-0.0031,-0.0131,-0.0058,-24.2904
17835,-87.8107,0.0000,0.5000,65.9075,-1.3063,-0.0489,-0.0004,-0.0031,-0.0131,-0.0058,-24.2870
17837,-87.8107,0.0000,0.5000,65.9119,-1.3063,-0.0489,-0.0004,-0.0031,-0.0131,-0.0058,-24.2835
17839,-87.8107,0.0000,0.5000,65.9164,-1.3063,-0.0489,-0.0004,-0.0031,-0.0130,-0.0058,-24.2800
17841,-87.8107,0.0000,0.5000,65.9209,-1.3063,-0.0489,-0.0004,-0.0031,-0.0130,-0.0058,-24.2765
17843,-87.8107,0.0000,0.5000,65.9255,-1.3063,-0.0490,-0.0004,-0.0031,-0.0130,-0.0058,-24.2729
17845,-87.8106,0.0000,0.5000,65.9302,-1.3063,-0.0490,-0.0004,-0.0031,-0.0130,-0.0057,-24.2693
17847,-87.8106,0.0000,0.5000,65.9349,-1.3063,-0.0490,-0.0004,-0.0031,-0.0129,-0.0057,-24.2657
17849,-87.8106,0.0000,0.5000,65.9396,-1.3063,-0.0490,-0.0004,-0.0031,-0.0129,-0.0057,-24.2620
17851,-87.8106,0.0000,0.5000,65.9445,-1.3063,-0.0490,-0.0004,-0.0031,-0.0129,-0.0057,-24.2583
17853,-87.8106,0.0000,0.5000,65.9493,-1.3063,-0.0490,-0.0004,-0.0031,-0.0129,-0.0057,-24.2545
17855,-87.8106,0.0000,0.5000,65.9542,-1.3063,-0.0490,-0.0004,-0.0031,-0.0128,-0.0057,-24.2507
17857,-87.8106,0.0000,0.5000,65.9592,-1.3063,-0.0490,-0.0004,-0.0031,-0.0128,-0.0057,-24.2469
17859,-87.8106,0.0000,0.5000,65.9642,-1.3063,-0.0490,-0.0004,-0.0031,-0.0128,-0.0057,-24.2430
17861,-87.8106,0.0000,0.5000,65.9693,-1.3063,-0.0490,-0.0004,-0.0031,-0.0128,-0.0057,-24.2391
17863,-87.8106,0.0000,0.5000,65.9744,-1.3063,-0.0490,-0.0004,-0.0031,-0.0128,-0.0057,-24.2352
17865,-87.8106,0.0000,0.5000,65.9796,-1.3063,-0.0490,-0.0004,-0.0031,-0.0127,-0.0057,-24.2312
17867,-87.8106,0.0000,0.5000,65.9848,-1.3063,-0.0490,-0.0004,-0.0031,-0.0127,-0.0057,-24.2272
17869,-87.8106,0.0000,0.5000,65.9901,-1.3063,-0.0491,-0.0004,-0.0031,-0.0127,-0.0057,-24.2232
17871,-87.8106,0.0000,0.5000,65.9954,-1.3063,-0.0491,-0.0004,-0.0031,-0.0127,-0.0057,-24.2191
17873,-87.8106,0.0000,0.5000,66.0007,-1.3063,-0.0491,-0.0004,-0.0031,-0.0126,-0.0057,-24.2150
17875,-87.8106,0.0000,0.5000,66.0062,-1.3063,-0.0491,-0.0004,-0.0031,-0.0126,-0.0057,-24.2109
17877,-87.8106,0.0000,0.5000,66.0116,-1.3063,-0.0491,-0.0004,-0.0031,-0.0126,-0.0057,-24.2067
17879,-87.8105,0.0000,0.5000,66.0171,-1.3063,-0.0491,-0.0004,-0.0031,-0.0126,-0.0057,-24.2025
17881,-87.8105,0.0000,0.5000,66.0227,-1.3063,-0.0491,-0.0004,-0.0031,-0.0126,-0.0056,-24.1982
17883,-87.8105,0.0000,0.5000,66.0283,-1.3063,-0.0491,-0.0004,-0.0031,-0.0125,-0.0056,-24.1940
17885,-87.8105,0.0000,0.5000,66.0339,-1.3063,-0.0491,-0.0004,-0.0031,-0.0125,-0.0056,-24.1897
17887,-87.8105,0.0000,0.5000,66.0396,-1.3063,-0.0491,-0.0004,-0.0031,-0.0125,-0.0056,-24.1853
17889,-87.8105,0.0000,0.5000,66.0453,-1.3063,-0.0491,-0.0004,-0.0031,-0.0125,-0.0056,-24.1810
17891,-87.8105,0.0000,0.5000,66.0511,-1.3063,-0.0491,-0.0004,-0.0031,-0.0124,-0.0056,-24.1766
17893,-87.8105,0.0000,0.5000,66.0569,-1.3063,-0.0491,-0.0004,-0.0031,-0.0124,-0.0056,-24.1721
17895,-87.8105,0.0000,0.5000,66.0628,-1.3063,-0.0491,-0.0004,-0.0031,-0.0124,-0.0056,-24.1677
17897,-87.8105,0.0000,0.5000,66.0687,-1.3063,-0.0491,-0.0004,-0.0031,-0.0124,-0.0056,-24.1632
17899,-87.8105,0.0000,0.5000,66.0747,-1.3063,-0.0492,-0.0004,-0.0031,-0.0123,-0.0056,-24.1587
17901,-87.8105,0.0000,0.5000,66.0807,-1.3063,-0.0492,-0.0004,-0.0031,-0.0123,-0.0056,-24.1541
17903,-87.8105,0.0000,0.5000,66.0867,-1.3063,-0.0492,-0.0004,-0.0031,-0.0123,-0.0056,-24.1495
17905,-87.8105,0.0000,0.5000,66.0928,-1.3064,-0.0492,-0.0004,-0.0031,-0.0123,-0.0056,-24.1449
17907,-87.8104,0.0000,0.5000,66.0989,-1.3064,-0.0492,-0.0004,-0.0031,-0.0123,-0.0056,-24.1403
17909,-87.8104,0.0000,0.5000,66.1051,-1.3064,-0.0492,-0.0004,-0.0031,-0.0122,-0.0056,-24.1356
17911,-87.8104,0.0000,0.5000,66.1113,-1.3064,-0.0492,-0.0004,-0.0031,-0.0122,-0.0056,-24.1309
17913,-87.8104,0.0000,0.5000,66.1175,-1.3064,-0.0492,-0.0004,-0.0031,-0.0122,-0.0056,-24.1262
17915,-87.8104,0.0000,0.5000,66.1238,-1.3064,-0.0492,-0.0004,-0.0031,-0.0122,-0.0056,-24.1215
17917,-87.8104,0.0000,0.5000,66.1301,-1.3064,-0.0492,-0.0004,-0.0031,-0.0121,-0.0056,-24.1167
17919,-87.8104,0.0000,0.5000,66.1365,-1.3064,-0.0492,-0.0004,-0.0031,-0.0121,-0.0055,-24.1119
17921,-87.8104,0.0000,0.5000,66.1429,-1.3064,-0.0492,-0.0004,-0.0031,-0.0121,-0.0055,-24.1070
17923,-87.8104,0.0000,0.5000,66.1493,-1.3064,-0.0492,-0.0004,-0.0031,-0.0121,-0.0055,-24.1022
17925,-87.8104,0.0000,0.5000,66.1558,-1.3064,-0.0492,-0.0004,-0.0031,-0.0121,-0.0055,-24.0973
17927,-87.8104,0.0000,0.5000,66.1623,-1.3064,-0.0492,-0.0004,-0.0031,-0.0120,-0.0055,-24.0924
17929,-87.8104,0.0000,0.5000,66.1689,-1.3064,-0.0493,-0.0004,-0.0031,-0.0120,-0.0055,-24.0874
17931,-87.8104,0.0000,0.5000,66.1755,-1.3064,-0.0493,-0.0004,-0.0031,-0.0120,-0.0055,-24.0824
17933,-87.8103,0.0000,0.5000,66.1821,-1.3064,-0.0493,-0.0004,-0.0031,-0.0120,-0.0055,-24.0774
17935,-87.8103,0.0000,0.5000,66.1888,-1.3064,-0.0493,-0.0004,-0.0031,-0.0119,-0.0055,-24.0724
17937,-87.8103,0.0000,0.5000,66.1955,-1.3064,-0.0493,-0.0004,-0.0031,-0.0119,-0.0055,-24.0674
17939,-87.8103,0.0000,0.5000,66.2022,-1.3064,-0.0493,-0.0004,-0.0031,-0.0119,-0.0055,-24.0623
17941,-87.8103,0.0000,0.5000,66.2090,-1.3064,-0.0493,-0.0004,-0.0031,-0.0119,-0.0055,-24.0572
17943,-87.8103,0.0000,0.5000,66.2158,-1.3064,-0.0493,-0.0004,-0.0031,-0.0119,-0.0055,-24.0521
17945,-87.8103,0.0000,0.5000,66.2226,-1.3064,-0.0493,-0.0004,-0.0031,-0.0118,-0.0055,-24.0469
17947,-87.8103,0.0000,0.5000,66.2295,-1.3064,-0.0493,-0.0004,-0.0031,-0.0118,-0.0055,-24.0417
17949,-87.8103,0.0000,0.5000,66.2364,-1.3064,-0.0493,-0.0004,-0.0031,-0.0118,-0.0055,-24.0365
17951,-87.8103,0.0000,0.5000,66.2434,-1.3064,-0.0493,-0.0004,-0.0031,-0.0118,-0.0055,-24.0313
17953,-87.8103,0.0000,0.5000,66.2504,-1.3064,-0.0493,-0.0004,-0.0031,-0.0118,-0.0055,-24.0260
17955,-87.8102,0.0000,0.5000,66.2574,-1.3064,-0.0493,-0.0004,-0.0031,-0.0117,-0.0055,-24.0208
17957,-87.8102,0.0000,0.5000,66.2644,-1.3064,-0.0493,-0.0004,-0.0031,-0.0117,-0.0054,-24.0155
17959,-87.8102,0.0000,0.5000,66.2715,-1.3064,-0.0493,-0.0004,-0.0031,-0.0117,-0.0054,-24.0102
17961,-87.8102,0.0000,0.5000,66.2786,-1.3064,-0.0494,-0.0004,-0.0031,-0.0117,-0.0054,-24.0048
17963,-87.8102,0.0000,0.5000,66.2858,-1.3064,-0.0494,-0.0004,-0.0031,-0.0116,-0.0054,-23.9994
17965,-87.8102,0.0000,0.5000,66.2929,-1.3065,-0.0494,-0.0004,-0.0031,-0.0116,-0.0054,-23.9941
17967,-87.8102,0.0000,0.5000,66.3002,-1.3065,-0.0494,-0.0004,-0.0031,-0.0116,-0.0054,-23.9886
17969,-87.8102,0.0000,0.5000,66.3074,-1.3065,-0.0494,-0.0004,-0.0031,-0.0116,-0.0054,-23.9832
17971,-87.8102,0.0000,0.5000,66.3147,-1.3065,-0.0494,-0.0004,-0.0031,-0.0116,-0.0054,-23.9777
17973,-87.8102,0.0000,0.5000,66.3220,-1.3065,-0.0494,-0.0004,-0.0031,-0.0115,-0.0054,-23.9723
17975,-87.8101,0.0000,0.5000,66.3293,-1.3065,-0.0494,-0.0004,-0.0031,-0.0115,-0.0054,-23.9668
17977,-87.8101,0.0000,0.5000,66.3367,-1.3065,-0.0494,-0.0004,-0.0031,-0.0115,-0.0054,-23.9612
17979,-87.8101,0.0000,0.5000,66.3441,-1.3065,-0.0494,-0.0004,-0.0031,-0.0115,-0.0054,-23.9557
17981,-87.8101,0.0000,0.5000,66.3515,-1.3065,-0.0494,-0.0004,-0.0031,-0.0115,-0.0054,-23.9501
17983,-87.8101,0.0000,0.5000,66.3590,-1.3065,-0.0494,-0.0004,-0.0031,-0.0114,-0.0054,-23.9445
17985,-87.8101,0.0000,0.5000,66.3664,-1.3065,-0.0494,-0.0004,-0.0030,-0.0114,-0.0054,-23.9389
17987,-87.8101,0.0000,0.5000,66.3740,-1.3065,-0.0494,-0.0004,-0.0030,-0.0114,-0.0054,-23.9333
17989,-87.8101,0.0000,0.5000,66.3815,-1.3065,-0.0494,-0.0004,-0.0030,-0.0114,-0.0054,-23.9276
17991,-87.8101,0.0000,0.5000,66.3891,-1.3065,-0.0494,-0.0004,-0.0030,-0.0113,-0.0054,-23.9220
17993,-87.8101,0.0000,0.5000,66.3967,-1.3065,-0.0494,-0.0004,-0.0030,-0.0113,-0.0054,-23.9163
17995,-87.8100,0.0000,0.5000,66.4043,-1.3065,-0.0495,-0.0004,-0.0030,-0.0113,-0.0054,-23.9106
17997,-87.8100,0.0000,0.5000,66.4120,-1.3065,-0.0495,-0.0004,-0.0030,-0.0113,-0.0053,-23.9048
17999,-87.8100,0.0000,0.5000,66.4196,-1.3065,-0.0495,-0.0004,-0.0030,-0.0113,-0.0053,-23.8991
18001,-87.8100,0.0000,0.5000,66.4274,-1.3065,-0.0495,-0.0004,-0.0030,-0.0112,-0.0053,-23.8933
18003,-87.8100,0.0000,0.5000,66.4351,-1.3065,-0.0495,-0.0004,-0.0030,-0.0112,-0.0053,-23.8875
18005,-87.8100,0.0000,0.5000,66.4429,-1.3065,-0.0495,-0.0004,-0.0030,-0.0112,-0.0053,-23.8846
18007,-87.8100,0.0000,0.5000,66.4506,-1.3065,-0.0495,-0.0004,-0.0030,-0.0112,-0.0053,-23.8788
18009,-87.8100,0.0000,0.5000,66.4585,-1.3065,-0.0495,-0.0004,-0.0030,-0.0112,-0.0053,-23.8729
18011,-48.3620,78.8956,0.5000,66.4656,-791.9675,-7.5640,-0.1757,4.4035,6.6368,0.0166,393.3253
18013,20.8511,11.2658,0.5000,66.6848,-3823.8421,-82.4542,-6988.0253,708.3091,12.9874,0.8474,0.7450
18015,33.0413,3.1312,0.5000,80.9753,-788.1021,-60.8464,-3740.8010,1844.7763,33.2542,3.5290,0.2293
18017,33.6168,-0.6915,0.5000,151.1320,-245.2860,-59.3362,-1296.0228,1897.4208,57.1289,6.9238,0.2181
18019,32.7155,-0.1285,0.5000,265.4539,-91.0660,-60.0161,-1838.2640,1577.3805,74.2549,10.3180,0.2381
18021,33.2918,0.4699,0.5000,380.0537,-35.4789,-58.6693,-2191.7386,1296.6705,84.7346,13.7957,0.2238
18023,34.5177,0.6700,0.5000,481.0778,-14.9555,-56.6994,-2269.2967,1108.0118,90.0022,17.2094,0.1997
18025,36.0177,0.7585,0.5000,555.2978,-5.8134,-54.3605,-2315.7418,959.1430,92.6096,21.1500,0.1723
18027,37.3798,0.6268,0.5000,606.9666,-2.1738,-52.1635,-2158.9934,841.7294,93.2003,25.4992,0.1503
18029,38.4531,0.4852,0.5000,645.8496,-0.8755,-50.5147,-2006.8913,753.2764,92.7592,29.6906,0.1361
18031,39.2747,0.3696,0.5000,676.0290,-0.3309,-49.0947,-1864.2294,673.7355,91.7864,34.3079,0.1255
18033,39.8975,0.2793,0.5000,699.7432,-0.1241,-47.9419,-1742.0613,605.8139,90.5678,39.0601,0.1180
18035,40.3655,0.2089,0.5000,718.4153,-0.0463,-46.9956,-1637.1161,547.2622,89.2544,43.9137,0.1127
18037,40.7120,0.1534,0.5000,733.0355,-0.0163,-46.1763,-1541.9388,494.0821,87.8675,49.0745,0.1089
18039,40.9619,0.1091,0.5000,744.3359,-0.0064,-45.5574,-1466.5993,452.0635,86.6535,53.7607,0.1064
18041,41.1340,0.0731,0.5000,752.8790,-0.0025,-45.0303,-1399.3897,414.7477,85.4978,58.4495,0.1048
18043,41.2425,0.0436,0.5000,759.1096,-0.0009,-44.5653,-1337.1673,380.4417,84.3791,63.2617,0.1038
18045,41.2985,0.0191,0.5000,763.3879,-0.0004,-44.1986,-1285.7184,352.3210,83.4278,67.6108,0.1033
18047,41.3105,-0.0014,0.5000,766.0099,-0.0001,-43.8249,-1230.6600,322.5486,82.3927,72.6620,0.1032
18049,41.2853,-0.0189,0.5000,767.2214,-0.0001,-43.5147,-1182.5525,296.8745,81.4810,77.4312,0.1035
18051,41.2282,-0.0340,0.5000,767.2289,-0.0000,-43.2421,-1138.1154,273.4994,80.6386,82.1468,0.1041
18053,41.1437,-0.0470,0.5000,766.2069,-0.0000,-43.0011,-1096.8720,252.1496,79.8608,86.8025,0.1050
18055,41.0350,-0.0585,0.5000,764.3037,-0.0000,-42.7870,-1058.4378,232.5992,79.1425,91.3933,0.1062
18057,40.9052,-0.0686,0.5000,761.6462,-0.0000,-42.5960,-1022.5004,214.6614,78.4792,95.9148,0.1077
18059,40.7564,-0.0777,0.5000,758.3431,-0.0000,-42.4249,-988.8016,198.1778,77.8660,100.3638,0.1093
18061,40.5907,-0.0858,0.5000,754.4882,-0.0000,-42.3081,-964.8651,186.6869,77.4365,103.6512,0.1107
18063,40.4097,-0.0932,0.5000,750.1624,-0.0000,-42.1660,-934.5835,172.4320,76.9009,107.9668,0.1127
18065,40.2147,-0.1000,0.5000,745.4357,-0.0000,-42.0376,-906.0210,159.2982,76.4044,112.2035,0.1149
18067,40.0069,-0.1062,0.5000,740.3688,-0.0000,-41.8815,-869.4743,142.9745,75.7819,117.8696,0.1182
18069,39.7874,-0.1119,0.5000,735.0146,-0.0000,-41.8206,-854.6050,136.4983,75.5329,120.2564,0.1198
18071,39.5570,-0.1171,0.5000,729.4193,-0.0000,-41.7086,-826.2457,124.4323,75.0648,124.9450,0.1231
18073,39.3166,-0.1220,0.5000,723.6228,-0.0000,-41.6241,-803.8962,115.2000,74.7021,128.7697,0.1260
18075,39.0668,-0.1266,0.5000,717.6602,-0.0000,-41.5469,-782.6567,106.6671,74.3624,132.5147,0.1292
18077,38.8082,-0.1308,0.5000,711.5618,-0.0000,-41.4762,-762.4516,98.7769,74.0434,136.1801,0.1325
18079,38.5416,-0.1348,0.5000,705.3543,-0.0000,-41.4112,-743.2158,91.4812,73.7433,139.7662,0.1360
18081,38.2672,-0.1385,0.5000,699.0611,-0.0000,-41.3514,-724.8890,84.7352,73.4603,143.2731,0.1397
18083,37.9858,-0.1420,0.5000,692.7026,-0.0000,-41.2962,-707.4159,78.4972,73.1927,146.7016,0.1436
18085,37.6977,-0.1453,0.5000,686.2969,-0.0000,-41.2451,-690.7454,72.7285,72.9391,150.0522,0.1477
18087,37.4034,-0.1483,0.5000,679.8594,-0.0000,-41.1974,-674.8307,67.3935,72.6982,153.3257,0.1520
18089,37.1032,-0.1511,0.5000,673.4039,-0.0000,-41.1528,-659.6282,62.4592,72.4685,156.5229,0.1566
18091,36.7975,-0.1538,0.5000,666.9424,-0.0000,-41.1109,-645.0982,57.8958,72.2491,159.6449,0.1613
18093,36.4868,-0.1563,0.5000,660.4853,-0.0000,-41.0712,-631.2032,53.6751,72.0388,162.6926,0.1663
18095,36.1713,-0.1586,0.5000,654.0419,-0.0000,-41.0334,-617.9089,49.7711,71.8368,165.6671,0.1715
18097,35.8514,-0.1607,0.5000,647.6201,-0.0000,-40.9970,-605.1833,46.1599,71.6422,168.5697,0.1769
18099,35.5274,-0.1627,0.5000,641.2269,-0.0000,-40.9618,-592.9963,42.8194,71.4541,171.4016,0.1826
18101,35.1997,-0.1646,0.5000,634.8683,-0.0000,-40.9275,-581.3199,39.7291,71.2717,174.1639,0.1885
18103,34.8684,-0.1662,0.5000,628.5496,-0.0000,-40.8938,-570.1283,36.8701,71.0946,176.8581,0.1947
18105,34.5340,-0.1678,0.5000,622.2753,-0.0000,-40.8679,-561.8164,34.8130,70.9613,178.8892,0.1996
18107,34.1966,-0.1692,0.5000,616.0494,-0.0000,-40.8288,-549.7090,31.9190,70.7636,181.8953,0.2074
18109,33.8566,-0.1705,0.5000,609.8751,-0.0000,-40.7920,-538.8965,29.4385,70.5831,184.6289,0.2151
18111,33.5141,-0.1716,0.5000,603.7555,-0.0000,-40.7437,-525.6910,26.5441,70.3565,188.0323,0.2254
18113,33.1695,-0.1727,0.5000,597.6929,-0.0000,-40.7200,-519.5985,25.2594,70.2493,189.6274,0.2306
18115,32.8230,-0.1736,0.5000,591.6894,-0.0000,-40.6959,-513.6696,24.0401,70.1431,191.1952,0.2359
18117,32.4747,-0.1744,0.5000,585.7467,-0.0000,-40.6463,-502.2824,21.7844,69.9335,194.2503,0.2469
18119,32.1250,-0.1751,0.5000,579.8664,-0.0000,-40.6206,-496.8143,20.7417,69.8299,195.7386,0.2527
18121,31.7740,-0.1757,0.5000,574.0495,-0.0000,-40.5673,-486.3057,18.8123,69.6247,198.6387,0.2646
18123,31.4220,-0.1762,0.5000,568.2969,-0.0000,-40.5397,-481.2566,17.9203,69.5228,200.0515,0.2708
18125,31.0691,-0.1766,0.5000,562.6095,-0.0000,-40.4820,-471.5481,16.2690,69.3206,202.8044,0.2836
18127,30.7155,-0.1769,0.5000,556.9877,-0.0000,-40.4437,-465.6331,15.3044,69.1927,204.5060,0.2921
18129,30.3613,-0.1771,0.5000,551.4319,-0.0000,-40.4086,-460.5690,14.5035,69.0802,205.9780,0.2999
18131,30.0069,-0.1773,0.5000,545.9423,-0.0000,-40.3625,-454.3449,13.5508,68.9377,207.8068,0.3100
18133,29.6523,-0.1773,0.5000,540.5191,-0.0000,-40.3105,-447.8798,12.5981,68.7844,209.7303,0.3213
18135,29.2976,-0.1773,0.5000,535.1623,-0.0000,-40.2577,-441.8376,11.7419,68.6357,211.5506,0.3326
18137,28.9431,-0.1772,0.5000,529.8716,-0.0000,-40.1993,-435.6815,10.9032,68.4783,213.4288,0.3451
18139,28.5888,-0.1771,0.5000,524.6470,-0.0000,-40.1209,-428.1651,9.9256,68.2774,215.7554,0.3617
18141,28.2350,-0.1768,0.5000,519.4881,-0.0000,-40.0608,-422.9172,9.2730,68.1308,217.4026,0.3743
18143,27.8816,-0.1766,0.5000,514.3946,-0.0000,-39.9983,-417.8593,8.6675,67.9841,219.0088,0.3873
18145,27.5289,-0.1762,0.5000,509.3662,-0.0000,-39.9334,-412.9841,8.1056,67.8373,220.5749,0.4007
18147,27.1770,-0.1758,0.5000,504.4023,-0.0000,-39.8660,-408.2835,7.5835,67.6904,222.1022,0.4145
18149,26.8259,-0.1754,0.5000,499.5024,-0.0000,-39.7961,-403.7512,7.0988,67.5433,223.5917,0.4288
18151,26.4758,-0.1749,0.5000,494.6661,-0.0000,-39.7237,-399.3805,6.6485,67.3960,225.0444,0.4435
18153,26.1268,-0.1743,0.5000,489.8927,-0.0000,-39.6487,-395.1651,6.2301,67.2485,226.4614,0.4587
18155,25.7789,-0.1737,0.5000,485.1817,-0.0000,-39.5712,-391.0990,5.8411,67.1008,227.8437,0.4743
18157,25.4322,-0.1731,0.5000,480.5324,-0.0000,-39.4912,-387.1766,5.4795,66.9529,229.1921,0.4904
18159,25.0868,-0.1724,0.5000,475.9441,-0.0000,-39.4087,-383.3926,5.1431,66.8047,230.5077,0.5070
18161,24.7428,-0.1717,0.5000,471.4162,-0.0000,-39.3236,-379.7419,4.8301,66.6564,231.7913,0.5241
18163,24.4003,-0.1710,0.5000,466.9480,-0.0000,-39.2361,-376.2197,4.5388,66.5079,233.0438,0.5416
18165,24.0593,-0.1702,0.5000,462.5389,-0.0000,-39.1460,-372.8214,4.2676,66.3591,234.2661,0.5597
18167,23.7199,-0.1694,0.5000,458.1881,-0.0000,-39.0535,-369.5426,4.0150,66.2102,235.4589,0.5783
18169,23.3820,-0.1686,0.5000,453.8948,-0.0000,-38.9586,-366.3793,3.7798,66.0610,236.6230,0.5973
18171,23.0459,-0.1677,0.5000,449.6584,-0.0000,-38.8612,-363.3275,3.5605,65.9119,237.7593,0.6169
18173,22.7115,-0.1669,0.5000,445.4782,-0.0000,-38.7614,-360.3835,3.3561,65.7628,238.8683,0.6371
18175,22.3789,-0.1660,0.5000,441.3535,-0.0000,-38.6593,-357.5438,3.1654,65.6135,239.9510,0.6577
18177,22.0481,-0.1651,0.5000,437.2834,-0.0000,-38.5549,-354.8051,2.9876,65.4640,241.0078,0.6789
18179,21.7192,-0.1641,0.5000,433.2673,-0.0000,-38.4482,-352.1639,2.8216,65.3144,242.0395,0.7007
18181,21.3921,-0.1632,0.5000,429.3044,-0.0000,-38.3393,-349.6172,2.6667,65.1649,243.0468,0.7230
18183,21.0670,-0.1622,0.5000,425.3941,-0.0000,-38.2751,-348.1818,2.5815,65.0782,243.6202,0.7362
18185,20.7438,-0.1612,0.5000,421.5356,-0.0000,-38.1684,-345.8965,2.4492,64.9362,244.5422,0.7583
18187,20.4226,-0.1602,0.5000,417.7282,-0.0000,-38.0233,-342.9775,2.2858,64.7473,245.7369,0.7884
18189,20.1034,-0.1592,0.5000,413.9712,-0.0000,-37.8753,-340.1983,2.1361,64.5590,246.8937,0.8194
18191,19.7863,-0.1582,0.5000,410.2638,-0.0000,-37.7557,-338.0868,2.0260,64.4099,247.7862,0.8447
18193,19.4712,-0.1572,0.5000,406.6054,-0.0000,-37.6340,-336.0537,1.9231,64.2609,248.6576,0.8705
18195,19.1582,-0.1561,0.5000,402.9954,-0.0000,-37.5105,-334.0965,1.8268,64.1121,249.5084,0.8970
18197,18.8472,-0.1551,0.5000,399.4329,-0.0000,-37.3850,-332.2131,1.7367,63.9635,250.3392,0.9240
18199,18.5384,-0.1540,0.5000,395.9173,-0.0000,-37.2577,-330.4011,1.6523,63.8152,251.1502,0.9517
18201,18.2317,-0.1530,0.5000,392.4479,-0.0000,-37.1286,-328.6583,1.5733,63.6671,251.9421,0.9800
18203,17.9271,-0.1519,0.5000,389.0242,-0.0000,-36.9977,-326.9825,1.4993,63.5193,252.7151,1.0089
18205,17.6247,-0.1508,0.5000,385.6453,-0.0000,-36.8652,-325.3717,1.4299,63.3719,253.4697,1.0385
18207,17.3244,-0.1497,0.5000,382.3107,-0.0000,-36.7310,-323.8237,1.3648,63.2248,254.2063,1.0686
18209,17.0263,-0.1487,0.5000,379.0198,-0.0000,-36.5951,-322.3366,1.3039,63.0780,254.9252,1.0995
18211,16.7303,-0.1476,0.5000,375.7718,-0.0000,-36.4578,-320.9081,1.2467,62.9317,255.6269,1.1309
18213,16.4365,-0.1465,0.5000,372.5662,-0.0000,-36.3189,-319.5364,1.1931,62.7858,256.3115,1.1631
18215,16.1448,-0.1454,0.5000,369.4023,-0.0000,-36.1786,-318.2194,1.1428,62.6403,256.9795,1.1958
18217,15.8553,-0.1443,0.5000,366.2795,-0.0000,-36.0368,-316.9550,1.0956,62.4953,257.6311,1.2293
18219,15.5680,-0.1433,0.5000,363.1973,-0.0000,-35.8937,-315.7414,1.0512,62.3508,258.2667,1.2634
18221,15.2828,-0.1422,0.5000,360.1550,-0.0000,-35.7493,-314.5765,1.0095,62.2068,258.8865,1.2982
18223,14.9998,-0.1411,0.5000,357.1520,-0.0000,-35.6037,-313.4582,0.9700,62.0633,259.4907,1.3336
18225,14.7189,-0.1401,0.5000,354.1878,-0.0000,-35.5157,-312.8087,0.9471,61.9775,259.8459,1.3552
18227,14.4401,-0.1390,0.5000,351.2618,-0.0000,-35.3385,-311.5562,0.9014,61.8064,260.5401,1.3991
18229,14.1634,-0.1379,0.5000,348.3735,-0.0000,-35.1795,-310.4924,0.8580,61.6551,261.1392,1.4390
18231,13.8889,-0.1369,0.5000,345.5222,-0.0000,-35.0395,-309.5978,0.8181,61.5232,261.6498,1.4746
18233,13.6165,-0.1358,0.5000,342.7074,-0.0000,-34.8985,-308.7353,0.7786,61.3918,262.1478,1.5107
18235,13.3461,-0.1348,0.5000,339.9287,-0.0000,-34.7567,-307.9034,0.7408,61.2610,262.6334,1.5475
18237,13.0779,-0.1337,0.5000,337.1854,-0.0000,-34.6363,-307.2236,0.7106,61.1510,263.0337,1.5790
18239,12.8117,-0.1327,0.5000,334.4771,-0.0000,-34.3940,-305.9221,0.6557,60.9322,263.8084,1.6433
18241,12.5475,-0.1317,0.5000,331.8033,-0.0000,-34.2392,-305.1334,0.6243,60.7943,264.2820,1.6850
18243,12.2852,-0.1307,0.5000,329.1633,-0.0000,-34.0836,-304.3713,0.5954,60.6570,264.7420,1.7275
18245,12.0250,-0.1298,0.5000,326.5568,-0.0000,-33.9273,-303.6336,0.5688,60.5204,265.1883,1.7707
18247,11.7667,-0.1288,0.5000,323.9832,-0.0000,-33.7704,-302.9184,0.5444,60.3846,265.6212,1.8146
18249,11.5103,-0.1279,0.5000,321.4421,-0.0000,-33.6129,-302.2237,0.5220,60.2494,266.0406,1.8593
18251,11.2557,-0.1269,0.5000,318.9329,-0.0000,-33.4548,-301.5474,0.5014,60.1150,266.4466,1.9047
18253,11.0030,-0.1260,0.5000,316.4553,-0.0000,-33.2961,-300.8877,0.4825,59.9812,266.8393,1.9509
18255,10.7521,-0.1251,0.5000,314.0087,-0.0000,-33.1371,-300.2424,0.4652,59.8482,267.2187,1.9978
18257,10.5029,-0.1243,0.5000,311.5927,-0.0000,-32.9776,-299.6097,0.4495,59.7159,267.5848,2.0455
18259,10.2554,-0.1234,0.5000,309.2068,-0.0000,-32.8177,-298.9875,0.4352,59.5843,267.9377,2.0941
18261,10.0097,-0.1226,0.5000,306.8507,-0.0000,-32.6575,-298.3738,0.4221,59.4533,268.2772,2.1434
18263,9.7655,-0.1218,0.5000,304.5238,-0.0000,-32.4971,-297.7667,0.4103,59.3231,268.6036,2.1935
18265,9.5229,-0.1210,0.5000,302.2257,-0.0000,-32.3364,-297.1641,0.3997,59.1937,268.9166,2.2445
18267,9.2819,-0.1202,0.5000,299.9561,-0.0000,-32.1755,-296.5641,0.3901,59.0649,269.2162,2.2963
18269,9.0423,-0.1195,0.5000,297.7144,-0.0000,-32.0145,-295.9648,0.3815,58.9367,269.5025,2.3490
18271,8.8042,-0.1188,0.5000,295.5004,-0.0000,-31.8534,-295.3641,0.3739,58.8090,269.7753,2.4025
18273,8.5675,-0.1181,0.5000,293.3135,-0.0000,-31.6923,-294.7602,0.3672,58.6823,270.0346,2.4569
18275,8.3321,-0.1175,0.5000,291.1534,-0.0000,-31.5311,-294.1509,0.3613,58.5562,270.2802,2.5122
18277,8.0980,-0.1168,0.5000,289.0197,-0.0000,-31.4246,-293.7442,0.3578,58.4732,270.4352,2.5493
18279,7.8651,-0.1162,0.5000,286.9120,-0.0000,-31.2116,-292.9191,0.3519,58.3079,270.7269,2.6247
18281,7.6334,-0.1157,0.5000,284.8300,-0.0000,-31.1052,-292.4995,0.3493,58.2257,270.8636,2.6631
18283,7.4028,-0.1151,0.5000,282.7732,-0.0000,-30.8382,-291.4201,0.3443,58.0202,271.1800,2.7614
18285,7.1732,-0.1146,0.5000,280.7413,-0.0000,-30.6777,-290.7499,0.3421,57.8973,271.3515,2.8219
18287,6.9446,-0.1141,0.5000,278.7339,-0.0000,-30.5175,-290.0620,0.3405,57.7749,271.5086,2.8834
18289,6.7169,-0.1137,0.5000,276.7507,-0.0000,-30.3576,-289.3543,0.3394,57.6531,271.6510,2.9461
18291,6.4901,-0.1133,0.5000,274.7914,-0.0000,-30.1981,-288.6249,0.3389,57.5317,271.7787,3.0099
18293,6.2640,-0.1129,0.5000,272.8555,-0.0000,-30.0389,-287.8715,0.3389,57.4109,271.8914,3.0748
18295,6.0387,-0.1125,0.5000,270.9428,-0.0000,-29.8801,-287.0923,0.3393,57.2905,271.9888,3.1409
18297,5.8140,-0.1122,0.5000,269.0528,-0.0000,-29.7218,-286.2850,0.3403,57.1705,272.0708,3.2082
18299,5.5899,-0.1120,0.5000,267.1854,-0.0000,-29.5640,-285.4475,0.3416,57.0509,272.1371,3.2769
18301,5.3662,-0.1117,0.5000,265.3401,-0.0000,-29.4067,-284.5776,0.3434,56.9317,272.1875,3.3468
18303,5.1430,-0.1115,0.5000,263.5166,-0.0000,-29.2500,-283.6731,0.3456,56.8129,272.2217,3.4181
18305,4.9201,-0.1114,0.5000,261.7147,-0.0000,-29.0938,-282.7318,0.3483,56.6943,272.2393,3.4908
18307,4.6975,-0.1113,0.5000,259.9340,-0.0000,-28.9383,-281.7512,0.3513,56.5761,272.2402,3.5650
18309,4.4750,-0.1112,0.5000,258.1742,-0.0000,-28.7835,-280.7291,0.3546,56.4581,272.2239,3.6407
18311,4.2526,-0.1112,0.5000,256.4350,-0.0000,-28.6294,-279.6630,0.3584,56.3403,272.1902,3.7180
18313,4.0302,-0.1112,0.5000,254.7161,-0.0000,-28.4761,-278.5504,0.3625,56.2226,272.1387,3.7969
18315,3.8077,-0.1113,0.5000,253.0173,-0.0000,-28.3235,-277.3887,0.3670,56.1052,272.0691,3.8776
18317,3.5849,-0.1114,0.5000,251.3381,-0.0000,-28.1717,-276.1752,0.3718,55.9878,271.9808,3.9601
18319,3.3619,-0.1116,0.5000,249.6785,-0.0000,-28.0208,-274.9074,0.3770,55.8704,271.8736,4.0444
18321,3.1386,-0.1118,0.5000,248.0381,-0.0000,-27.8708,-273.5823,0.3825,55.7531,271.7470,4.1307
18323,2.9147,-0.1121,0.5000,246.4165,-0.0000,-27.7217,-272.1971,0.3884,55.6357,271.6006,4.2190
18325,2.6902,-0.1124,0.5000,244.8136,-0.0000,-27.5735,-270.7486,0.3946,55.5182,271.4338,4.3095
18327,2.4650,-0.1128,0.5000,243.2291,-0.0000,-27.4264,-269.2341,0.4011,55.4006,271.2463,4.4023
18329,2.2389,-0.1132,0.5000,241.6628,-0.0000,-27.2802,-267.6502,0.4080,55.2828,271.0374,4.4974
18331,2.0119,-0.1137,0.5000,240.1143,-0.0000,-27.1351,-265.9938,0.4152,55.1648,270.8067,4.5950
18333,1.7839,-0.1142,0.5000,238.5834,-0.0000,-26.9911,-264.2615,0.4228,55.0465,270.5535,4.6952
18335,1.5546,-0.1149,0.5000,237.0699,-0.0000,-26.8482,-262.4499,0.4308,54.9278,270.2774,4.7982
18337,1.3240,-0.1156,0.5000,235.5736,-0.0000,-26.7065,-260.5558,0.4391,54.8087,269.9775,4.9041
18339,1.0920,-0.1163,0.5000,234.0941,-0.0000,-26.5660,-258.5749,0.4478,54.6891,269.6535,5.0130
18341,0.8583,-0.1171,0.5000,232.6313,-0.0000,-26.4267,-256.5046,0.4568,54.5690,269.3044,5.1251
18343,0.6230,-0.1180,0.5000,231.1849,-0.0000,-26.2886,-254.3406,0.4663,54.4482,268.9297,5.2406
18345,0.3857,-0.1190,0.5000,229.7547,-0.0000,-26.1519,-252.0797,0.4761,54.3268,268.5286,5.3597
18347,0.1464,-0.1201,0.5000,228.3405,-0.0000,-26.0165,-249.7181,0.4864,54.2046,268.1004,5.4826
18349,-0.0952,-0.1212,0.5000,226.9420,-0.0000,-25.8824,-247.2525,0.4971,54.0815,267.6442,5.6096
18351,-0.3391,-0.1224,0.5000,225.5590,-0.0000,-25.7498,-244.6794,0.5083,53.9575,267.1593,5.7407
18353,-0.5855,-0.1237,0.5000,224.1913,-0.0000,-25.6186,-241.9957,0.5199,53.8326,266.6448,5.8764
18355,-0.8346,-0.1251,0.5000,222.8387,-0.0000,-25.4888,-239.1983,0.5320,53.7065,266.0998,6.0168
18357,-1.0866,-0.1266,0.5000,221.5010,-0.0000,-25.3606,-236.2848,0.5446,53.5792,265.5234,6.1623
18359,-1.3416,-0.1281,0.5000,220.1779,-0.0000,-25.2339,-233.2528,0.5577,53.4506,264.9147,6.3132
18361,-1.5999,-0.1298,0.5000,218.8693,-0.0000,-25.1087,-230.1007,0.5714,53.3207,264.2728,6.4698
18363,-1.8616,-0.1315,0.5000,217.5750,-0.0000,-24.9851,-226.8291,0.5857,53.1892,263.5966,6.6324
18365,-2.1269,-0.1333,0.5000,216.2946,-0.0000,-24.8632,-223.4334,0.6005,53.0562,262.8853,6.8014
18367,-2.3959,-0.1352,0.5000,215.0281,-0.0000,-24.7428,-219.9201,0.6161,52.9214,262.1379,6.9772
18369,-2.6689,-0.1372,0.5000,213.7752,-0.0000,-24.6241,-216.2849,0.6323,52.7848,261.3534,7.1602
18371,-2.9460,-0.1393,0.5000,212.5357,-0.0000,-24.5071,-212.5351,0.6492,52.6463,260.5309,7.3509
18373,-3.2273,-0.1415,0.5000,211.3094,-0.0000,-24.3918,-208.6757,0.6669,52.5058,259.6693,7.5496
18375,-3.5131,-0.1437,0.5000,210.0962,-0.0000,-24.2782,-204.7126,0.6853,52.3631,258.7680,7.7570
18377,-3.8035,-0.1460,0.5000,208.8958,-0.0000,-24.2067,-202.1433,0.6975,52.2711,258.1732,7.8937
18379,-4.0985,-0.1484,0.5000,207.7079,-0.0000,-24.1359,-199.5347,0.7101,52.1781,257.5616,8.0342
18381,-4.3983,-0.1508,0.5000,206.5326,-0.0000,-23.9964,-194.2218,0.7362,51.9892,256.2878,8.3271
18383,-4.7030,-0.1532,0.5000,205.3694,-0.0000,-23.9276,-191.5260,0.7499,51.8932,255.6251,8.4799
18385,-5.0125,-0.1557,0.5000,204.2183,-0.0000,-23.7921,-186.0772,0.7785,51.6980,254.2478,8.7985
18387,-5.3270,-0.1581,0.5000,203.0791,-0.0000,-23.7253,-183.3347,0.7934,51.5987,253.5330,8.9647
18389,-5.6463,-0.1606,0.5000,201.9515,-0.0000,-23.5935,-177.8442,0.8246,51.3968,252.0506,9.3115
18391,-5.9704,-0.1629,0.5000,200.8354,-0.0000,-23.4642,-172.3932,0.8577,51.1901,250.4980,9.6784
18393,-6.2991,-0.1652,0.5000,199.7306,-0.0000,-23.4003,-169.7023,0.8750,51.0850,249.6955,9.8697
18395,-6.6322,-0.1673,0.5000,198.6370,-0.0000,-23.2742,-164.4346,0.9111,50.8712,248.0389,10.2684
18397,-6.9694,-0.1694,0.5000,197.5543,-0.0000,-23.2118,-161.8773,0.9300,50.7624,247.1852,10.4761
18399,-7.3104,-0.1712,0.5000,196.4826,-0.0000,-23.0884,-156.9691,0.9695,50.5413,245.4284,10.9083
18401,-7.6548,-0.1728,0.5000,195.4215,-0.0000,-23.0272,-154.6409,0.9901,50.4290,244.5261,11.1330
18403,-8.0019,-0.1741,0.5000,194.3709,-0.0001,-22.9058,-150.2984,1.0331,50.2008,242.6759,11.5996
18405,-8.3513,-0.1750,0.5000,193.3309,-0.0001,-22.7854,-146.4550,1.0785,49.9682,240.7687,12.0891
18407,-8.7022,-0.1756,0.5000,192.3012,-0.0001,-22.7254,-144.7558,1.1021,49.8504,239.7955,12.3422
18409,-9.0538,-0.1758,0.5000,191.2818,-0.0001,-22.6055,-141.8674,1.1512,49.6119,237.8140,12.8646
18411,-9.4051,-0.1755,0.5000,190.2727,-0.0001,-22.5456,-140.7063,1.1767,49.4914,236.8074,13.1336
18413,-9.7552,-0.1747,0.5000,189.2738,-0.0001,-22.4253,-139.0185,1.2296,49.2484,234.7679,13.6857
18415,-10.1030,-0.1733,0.5000,188.2851,-0.0001,-22.3648,-138.5186,1.2569,49.1260,233.7372,13.9682
18417,-10.4473,-0.1713,0.5000,187.3068,-0.0001,-22.2429,-138.2710,1.3133,48.8801,231.6601,14.5443
18419,-10.7867,-0.1687,0.5000,186.3387,-0.0001,-22.1193,-139.1055,1.3718,48.6336,229.5713,15.1319
18421,-11.1199,-0.1653,0.5000,185.3812,-0.0001,-22.0567,-139.9551,1.4018,48.5105,228.5261,15.4285
18423,-11.4455,-0.1612,0.5000,184.4343,-0.0002,-21.9296,-142.5633,1.4630,48.2654,226.4420,16.0241
18425,-11.7619,-0.1563,0.5000,183.4982,-0.0002,-21.8649,-144.3356,1.4942,48.1438,225.4063,16.3216
18427,-12.0676,-0.1507,0.5000,182.5733,-0.0002,-21.7330,-148.8395,1.5573,47.9034,223.3560,16.9116
18429,-12.3610,-0.1443,0.5000,181.6597,-0.0002,-21.6657,-151.5704,1.5892,47.7850,222.3449,17.2024
18431,-12.6406,-0.1370,0.5000,180.7580,-0.0002,-21.5280,-158.0083,1.6531,47.5529,220.3593,17.7704
18433,-12.9049,-0.1291,0.5000,179.8684,-0.0003,-21.3860,-165.6849,1.7168,47.3285,218.4338,18.3136
18435,-13.1523,-0.1204,0.5000,178.9915,-0.0003,-21.3133,-169.9749,1.7483,47.2198,217.4979,18.5733
18437,-13.3815,-0.1110,0.5000,178.1278,-0.0003,-21.1643,-179.3950,1.8103,47.0105,215.6877,19.0634
18439,-13.5910,-0.1010,0.5000,177.2780,-0.0003,-21.0879,-184.4935,1.8405,46.9103,214.8165,19.2917
18441,-13.7799,-0.0904,0.5000,176.4426,-0.0004,-20.9315,-195.3767,1.8991,46.7200,213.1489,19.7102
18443,-13.9470,-0.0794,0.5000,175.6224,-0.0004,-20.8515,-201.1196,1.9271,46.6303,212.3550,19.8984
18445,-14.0916,-0.0680,0.5000,174.8181,-0.0004,-20.6876,-213.0923,1.9804,46.4629,210.8527,20.2288
18447,-14.2131,-0.0563,0.5000,174.0305,-0.0004,-20.5190,-225.5466,2.0292,46.3124,209.4705,20.4935
18449,-14.3109,-0.0445,0.5000,173.2604,-0.0004,-20.4329,-231.8885,2.0517,46.2439,208.8264,20.5999
18451,-14.3849,-0.0325,0.5000,172.5087,-0.0005,-20.2574,-244.6668,2.0924,46.1210,207.6346,20.7592
18453,-14.4352,-0.0207,0.5000,171.7762,-0.0005,-20.1680,-251.0487,2.1105,46.0669,207.0876,20.8117
18455,-14.4619,-0.0090,0.5000,171.0639,-0.0005,-19.9864,-263.6662,2.1419,45.9734,206.0922,20.8627
18457,-14.4655,0.0024,0.5000,170.3725,-0.0005,-19.8941,-269.8402,2.1550,45.9343,205.6439,20.8615
18459,-14.4468,0.0135,0.5000,169.7029,-0.0005,-19.7414,-279.6953,2.1728,45.8810,204.9800,20.8224
18461,-14.4065,0.0241,0.5000,169.0559,-0.0005,-19.5268,-292.6001,2.1897,45.8296,204.2022,20.6960
18463,-14.3458,0.0341,0.5000,168.4322,-0.0005,-19.4318,-297.9290,2.1942,45.8150,203.9115,20.6159
18465,-14.2659,0.0434,0.5000,167.8326,-0.0005,-19.2401,-307.8962,2.1981,45.8001,203.4172,20.4149
18467,-14.1682,0.0520,0.5000,167.2577,-0.0005,-19.1436,-312.5011,2.1976,45.7995,203.2117,20.2957
18469,-14.0544,0.0598,0.5000,166.7079,-0.0004,-18.9496,-320.8712,2.1917,45.8116,202.8791,20.0246
18471,-13.9260,0.0667,0.5000,166.1838,-0.0004,-18.7546,-328.0392,2.1799,45.8402,202.6433,19.7167
18473,-13.7848,0.0727,0.5000,165.6857,-0.0004,-18.5997,-332.8115,2.1666,45.8738,202.5186,19.4518
18475,-13.6329,0.0778,0.5000,165.2137,-0.0004,-18.4448,-336.7510,2.1503,45.9161,202.4431,19.1731
18477,-13.4719,0.0819,0.5000,164.7679,-0.0004,-18.2902,-339.8523,2.1312,45.9665,202.4109,18.8848
18479,-13.3040,0.0851,0.5000,164.3483,-0.0004,-18.1361,-342.0825,2.1097,46.0240,202.4166,18.5904
18481,-13.1310,0.0872,0.5000,163.9546,-0.0003,-17.9827,-343.4740,2.0863,46.0878,202.4540,18.2940
18483,-12.9549,0.0884,0.5000,163.5866,-0.0003,-17.8304,-344.0391,2.0613,46.1569,202.5174,17.9987
18485,-12.7776,0.0887,0.5000,163.2436,-0.0003,-17.6793,-343.8132,2.0352,46.2305,202.6008,17.7077
18487,-12.6009,0.0881,0.5000,162.9251,-0.0003,-17.5297,-342.8314,2.0082,46.3076,202.6987,17.4237
18489,-12.4264,0.0866,0.5000,162.6304,-0.0003,-17.3817,-341.1420,1.9808,46.3872,202.8055,17.1493
18491,-12.2558,0.0844,0.5000,162.3585,-0.0003,-17.2355,-338.8015,1.9533,46.4686,202.9161,16.8863
18493,-12.0906,0.0815,0.5000,162.1085,-0.0002,-17.0914,-335.8724,1.9260,46.5508,203.0256,16.6366
18495,-11.9320,0.0779,0.5000,161.8794,-0.0002,-16.9494,-332.4200,1.8993,46.6330,203.1294,16.4016
18497,-11.7812,0.0738,0.5000,161.6699,-0.0002,-16.8096,-328.5117,1.8733,46.7144,203.2237,16.1823
18499,-11.6393,0.0692,0.5000,161.4789,-0.0002,-16.6723,-324.2154,1.8483,46.7943,203.3045,15.9796
18501,-11.5069,0.0643,0.5000,161.3050,-0.0002,-16.5373,-319.5983,1.8244,46.8720,203.3688,15.7940
18503,-11.3850,0.0590,0.5000,161.1471,-0.0002,-16.4048,-314.7253,1.8019,46.9470,203.4136,15.6258
18505,-11.2739,0.0535,0.5000,161.0037,-0.0002,-16.2748,-309.6577,1.7808,47.0185,203.4366,15.4752
18507,-11.1740,0.0478,0.5000,160.8736,-0.0002,-16.1475,-304.4521,1.7613,47.0862,203.4358,15.3422
18509,-11.0857,0.0420,0.5000,160.7555,-0.0002,-16.0225,-299.1600,1.7434,47.1497,203.4095,15.2266
18511,-11.0090,0.0362,0.5000,160.6480,-0.0002,-15.9349,-295.3525,1.7316,47.1922,203.3744,15.1546
18513,-10.9440,0.0303,0.5000,160.5501,-0.0002,-15.8119,-289.9088,1.7162,47.2486,203.2998,15.0667
18515,-10.8906,0.0245,0.5000,160.4604,-0.0002,-15.6914,-284.4920,1.7027,47.2997,203.1958,14.9959
18517,-10.8487,0.0188,0.5000,160.3778,-0.0002,-15.5735,-279.1344,1.6909,47.3453,203.0619,14.9418
18519,-10.8180,0.0133,0.5000,160.3014,-0.0002,-15.4580,-273.8626,1.6808,47.3853,202.8976,14.9038
18521,-10.7983,0.0078,0.5000,160.2301,-0.0002,-15.3566,-269.2250,1.6733,47.4163,202.7244,14.8831
18523,-10.7892,0.0026,0.5000,160.1629,-0.0002,-15.2674,-265.1616,1.6677,47.4401,202.5489,14.8749
18525,-10.7905,-0.0025,0.5000,160.0991,-0.0002,-15.1508,-259.8783,1.6619,47.4660,202.2847,14.8787
18527,-10.8017,-0.0074,0.5000,160.0378,-0.0002,-15.0368,-254.7596,1.6579,47.4854,201.9863,14.8985
18529,-10.8224,-0.0121,0.5000,159.9784,-0.0002,-14.9527,-251.0338,1.6561,47.4957,201.7404,14.9236
18531,-10.8522,-0.0166,0.5000,159.9202,-0.0002,-14.8439,-246.2640,1.6552,47.5038,201.3870,14.9696
18533,-10.8908,-0.0209,0.5000,159.8626,-0.0002,-14.7441,-241.9657,1.6559,47.5058,201.0278,15.0255
18535,-10.9376,-0.0249,0.5000,159.8052,-0.0002,-14.6398,-237.5520,1.6581,47.5023,200.6146,15.0981
18537,-10.9923,-0.0288,0.5000,159.7475,-0.0002,-14.5125,-232.2907,1.6630,47.4899,200.0567,15.2068
18539,-11.0544,-0.0324,0.5000,159.6891,-0.0002,-14.4501,-229.7659,1.6664,47.4805,199.7611,15.2683
18541,-11.1236,-0.0359,0.5000,159.6298,-0.0002,-14.3275,-224.9166,1.6746,47.4555,199.1366,15.4052
18543,-11.1993,-0.0391,0.5000,159.5692,-0.0002,-14.2379,-221.4756,1.6821,47.4318,198.6434,15.5187
18545,-11.2814,-0.0421,0.5000,159.5072,-0.0002,-14.1499,-218.1786,1.6908,47.4040,198.1273,15.6417
18547,-11.3692,-0.0450,0.5000,159.4436,-0.0002,-14.0632,-215.0237,1.7005,47.3722,197.5888,15.7737
18549,-11.4625,-0.0476,0.5000,159.3782,-0.0002,-13.9779,-212.0091,1.7113,47.3367,197.0288,15.9146
18551,-11.5608,-0.0501,0.5000,159.3109,-0.0002,-13.8939,-209.1335,1.7232,47.2975,196.4481,16.0638
18553,-11.6639,-0.0524,0.5000,159.2417,-0.0002,-13.8112,-206.3956,1.7360,47.2550,195.8475,16.2211
18555,-11.7713,-0.0545,0.5000,159.1706,-0.0002,-13.7296,-203.7944,1.7497,47.2094,195.2278,16.3860
18557,-11.8826,-0.0564,0.5000,159.0976,-0.0002,-13.6492,-201.3293,1.7644,47.1607,194.5898,16.5584
18559,-11.9976,-0.0581,0.5000,159.0226,-0.0002,-13.5698,-198.9996,1.7800,47.1092,193.9344,16.7377
18561,-12.1158,-0.0597,0.5000,158.9458,-0.0002,-13.4914,-196.8051,1.7964,47.0552,193.2625,16.9237
18563,-12.2369,-0.0611,0.5000,158.8673,-0.0002,-13.4141,-194.7455,1.8137,46.9987,192.5749,17.1160
18565,-12.3606,-0.0623,0.5000,158.7871,-0.0002,-13.3376,-192.8206,1.8317,46.9399,191.8726,17.3142
18567,-12.4865,-0.0633,0.5000,158.7053,-0.0003,-13.2621,-191.0303,1.8505,46.8792,191.1566,17.5179
18569,-12.6143,-0.0642,0.5000,158.6221,-0.0003,-13.1873,-189.3741,1.8700,46.8165,190.4278,17.7267
18571,-12.7437,-0.0649,0.5000,158.5377,-0.0003,-13.1134,-187.8519,1.8903,46.7522,189.6871,17.9401
18573,-12.8742,-0.0655,0.5000,158.4523,-0.0003,-13.0402,-186.4629,1.9111,46.6864,188.9356,18.1578
18575,-13.0057,-0.0659,0.5000,158.3659,-0.0003,-12.9678,-185.2063,1.9326,46.6193,188.1742,18.3792
18577,-13.1377,-0.0661,0.5000,158.2789,-0.0003,-12.8960,-184.0811,1.9546,46.5511,187.4040,18.6040
18579,-13.2701,-0.0662,0.5000,158.1914,-0.0003,-12.8248,-183.0859,1.9772,46.4819,186.6260,18.8315
18581,-13.4023,-0.0661,0.5000,158.1037,-0.0003,-12.7543,-182.2188,2.0003,46.4120,185.8412,19.0614
18583,-13.5343,-0.0659,0.5000,158.0161,-0.0003,-12.6843,-181.4779,2.0238,46.3415,185.0506,19.2932
18585,-13.6655,-0.0655,0.5000,157.9286,-0.0004,-12.6149,-180.8606,2.0477,46.2706,184.2552,19.5262
18587,-13.7959,-0.0650,0.5000,157.8418,-0.0004,-12.5460,-180.3643,2.0719,46.1994,183.4561,19.7599
18589,-13.9250,-0.0643,0.5000,157.7557,-0.0004,-12.4775,-179.9857,2.0964,46.1281,182.6543,19.9939
18591,-14.0527,-0.0635,0.5000,157.6706,-0.0004,-12.4096,-179.7215,2.1212,46.0570,181.8508,20.2275
18593,-14.1786,-0.0626,0.5000,157.5870,-0.0004,-12.3420,-179.5681,2.1462,45.9861,181.0465,20.4603
18595,-14.3025,-0.0616,0.5000,157.5049,-0.0004,-12.2749,-179.5216,2.1713,45.9157,180.2424,20.6916
18597,-14.4242,-0.0604,0.5000,157.4248,-0.0005,-12.2082,-179.5780,2.1965,45.8458,179.4395,20.9209
18599,-14.5435,-0.0591,0.5000,157.3469,-0.0005,-12.1418,-179.7331,2.2217,45.7767,178.6387,21.1477
18601,-14.6600,-0.0578,0.5000,157.2715,-0.0005,-12.0758,-179.9829,2.2468,45.7084,177.8409,21.3714
18603,-14.7737,-0.0563,0.5000,157.1989,-0.0005,-12.0101,-180.3233,2.2719,45.6412,177.0470,21.5914
18605,-14.8843,-0.0547,0.5000,157.1293,-0.0005,-11.9448,-180.7501,2.2968,45.5751,176.2579,21.8073
18607,-14.9916,-0.0530,0.5000,157.0632,-0.0006,-11.8797,-181.2595,2.3215,45.5103,175.4743,22.0185
18609,-15.0954,-0.0513,0.5000,157.0006,-0.0006,-11.8149,-181.8478,2.3460,45.4470,174.6971,22.2244
18611,-15.1957,-0.0494,0.5000,156.9420,-0.0006,-11.7504,-182.5115,2.3701,45.3851,173.9270,22.4247
18613,-15.2921,-0.0475,0.5000,156.8875,-0.0006,-11.6861,-183.2474,2.3939,45.3250,173.1649,22.6186
18615,-15.3847,-0.0455,0.5000,156.8375,-0.0006,-11.6221,-184.0525,2.4172,45.2665,172.4115,22.8059
18617,-15.4732,-0.0435,0.5000,156.7921,-0.0006,-11.5583,-184.9243,2.4400,45.2100,171.6674,22.9860
18619,-15.5575,-0.0414,0.5000,156.7516,-0.0007,-11.4947,-185.8603,2.4623,45.1554,170.9334,23.1585
18621,-15.6375,-0.0392,0.5000,156.7162,-0.0007,-11.4313,-186.8587,2.4840,45.1028,170.2102,23.3229
18623,-15.7131,-0.0369,0.5000,156.6862,-0.0007,-11.3681,-187.9177,2.5051,45.0524,169.4983,23.4787
18625,-15.7842,-0.0347,0.5000,156.6618,-0.0007,-11.3051,-189.0357,2.5255,45.0042,168.7985,23.6257
18627,-15.8506,-0.0323,0.5000,156.6430,-0.0007,-11.2422,-190.2119,2.5451,44.9583,168.1114,23.7633
18629,-15.9122,-0.0299,0.5000,156.6302,-0.0008,-11.1795,-191.4449,2.5639,44.9148,167.4375,23.8912
18631,-15.9690,-0.0275,0.5000,156.6234,-0.0008,-11.1169,-192.7341,2.5819,44.8737,166.7775,24.0090
18633,-16.0209,-0.0250,0.5000,156.6229,-0.0008,-11.0544,-194.0790,2.5990,44.8351,166.1320,24.1163
18635,-16.0677,-0.0225,0.5000,156.6287,-0.0008,-10.9921,-195.4789,2.6151,44.7991,165.5015,24.2129
18637,-16.1094,-0.0199,0.5000,156.6411,-0.0008,-10.9299,-196.9333,2.6304,44.7657,164.8866,24.2984
18639,-16.1459,-0.0173,0.5000,156.6600,-0.0008,-10.8677,-198.4418,2.6445,44.7350,164.2878,24.3725
18641,-16.1772,-0.0146,0.5000,156.6857,-0.0008,-10.8057,-200.0040,2.6577,44.7070,163.7057,24.4350
18643,-16.2030,-0.0119,0.5000,156.7182,-0.0008,-10.7437,-201.6193,2.6698,44.6818,163.1409,24.4855
18645,-16.2235,-0.0092,0.5000,156.7576,-0.0008,-10.6818,-203.2872,2.6807,44.6595,162.5937,24.5238
18647,-16.2384,-0.0064,0.5000,156.8039,-0.0008,-10.6200,-205.0070,2.6905,44.6400,162.0648,24.5498
18649,-16.2478,-0.0036,0.5000,156.8573,-0.0009,-10.5582,-206.7779,2.6991,44.6235,161.5546,24.5632
18651,-16.2515,-0.0008,0.5000,156.9178,-0.0009,-10.4965,-208.5988,2.7066,44.6099,161.0637,24.5639
18653,-16.2496,0.0020,0.5000,156.9854,-0.0009,-10.4348,-210.4685,2.7128,44.5993,160.5924,24.5518
18655,-16.2419,0.0049,0.5000,157.0602,-0.0009,-10.3731,-212.3857,2.7177,44.5917,160.1412,24.5268
18657,-16.2284,0.0078,0.5000,157.1422,-0.0009,-10.3115,-214.3486,2.7214,44.5872,159.7106,24.4887
18659,-16.2091,0.0108,0.5000,157.2314,-0.0009,-10.2498,-216.3553,2.7237,44.5858,159.3010,24.4377
18661,-16.1839,0.0137,0.5000,157.3278,-0.0008,-10.1882,-218.4036,2.7248,44.5875,158.9127,24.3736
18663,-16.1528,0.0166,0.5000,157.4314,-0.0008,-10.1266,-220.4910,2.7246,44.5923,158.5463,24.2966
18665,-16.1158,0.0196,0.5000,157.5422,-0.0008,-10.0650,-222.6145,2.7230,44.6003,158.2019,24.2068
18667,-16.0729,0.0226,0.5000,157.6601,-0.0008,-10.0034,-224.7710,2.7201,44.6114,157.8800,24.1041
18669,-16.0240,0.0255,0.5000,157.7852,-0.0008,-9.9418,-226.9569,2.7159,44.6257,157.5808,23.9890
18671,-15.9693,0.0285,0.5000,157.9174,-0.0008,-9.8801,-229.1684,2.7104,44.6431,157.3046,23.8614
18673,-15.9086,0.0314,0.5000,158.0566,-0.0008,-9.8185,-231.4011,2.7036,44.6638,157.0518,23.7218
18675,-15.8420,0.0344,0.5000,158.2028,-0.0008,-9.7568,-233.6504,2.6955,44.6875,156.8224,23.5703
18677,-15.7696,0.0373,0.5000,158.3559,-0.0008,-9.6951,-235.9114,2.6861,44.7145,156.6166,23.4074
18679,-15.6915,0.0402,0.5000,158.5158,-0.0007,-9.6334,-238.1787,2.6755,44.7445,156.4347,23.2334
18681,-15.6076,0.0430,0.5000,158.6824,-0.0007,-9.5717,-240.4467,2.6636,44.7777,156.2767,23.0488
18683,-15.5181,0.0458,0.5000,158.8556,-0.0007,-9.5099,-242.7093,2.6506,44.8139,156.1426,22.8539
18685,-15.4231,0.0485,0.5000,159.0352,-0.0007,-9.4481,-244.9603,2.6363,44.8531,156.0324,22.6494
18687,-15.3227,0.0512,0.5000,159.2212,-0.0007,-9.3863,-247.1932,2.6210,44.8954,155.9463,22.4357
18689,-15.2170,0.0538,0.5000,159.4133,-0.0006,-9.3245,-249.4012,2.6046,44.9405,155.8840,22.2134
18691,-15.1062,0.0563,0.5000,159.6114,-0.0006,-9.2627,-251.5776,2.5871,44.9885,155.8454,21.9832
18693,-14.9905,0.0588,0.5000,159.8153,-0.0006,-9.2009,-253.7153,2.5687,45.0393,155.8303,21.7456
18695,-14.8699,0.0611,0.5000,160.0248,-0.0006,-9.1391,-255.8074,2.5494,45.0929,155.8386,21.5014
18697,-14.7448,0.0634,0.5000,160.2397,-0.0006,-9.0774,-257.8467,2.5292,45.1491,155.8700,21.2512
18699,-14.6153,0.0655,0.5000,160.4598,-0.0005,-9.0156,-259.8265,2.5081,45.2078,155.9240,20.9957
18701,-14.4817,0.0676,0.5000,160.6847,-0.0005,-8.9539,-261.7398,2.4864,45.2689,156.0004,20.7356
18703,-14.3442,0.0695,0.5000,160.9144,-0.0005,-8.8923,-263.5801,2.4640,45.3325,156.0987,20.4716
18705,-14.2031,0.0712,0.5000,161.1484,-0.0005,-8.8308,-265.3412,2.4409,45.3982,156.2184,20.2045
18707,-14.0586,0.0728,0.5000,161.3865,-0.0005,-8.7693,-267.0169,2.4174,45.4660,156.3590,19.9350
18709,-13.9110,0.0743,0.5000,161.6283,-0.0004,-8.7079,-268.6017,2.3934,45.5358,156.5198,19.6638
18711,-13.7607,0.0756,0.5000,161.8737,-0.0004,-8.6467,-270.0905,2.3690,45.6075,156.7004,19.3916
18713,-13.6079,0.0768,0.5000,162.1221,-0.0004,-8.5856,-271.4784,2.3442,45.6809,156.8999,19.1191
18715,-13.4530,0.0778,0.5000,162.3734,-0.0004,-8.5247,-272.7612,2.3192,45.7558,157.1178,18.8470
18717,-13.2962,0.0787,0.5000,162.6271,-0.0004,-8.4640,-273.9353,2.2941,45.8321,157.3532,18.5759
18719,-13.1380,0.0794,0.5000,162.8829,-0.0003,-8.4036,-274.9973,2.2688,45.9097,157.6053,18.3064
18721,-12.9786,0.0799,0.5000,163.1403,-0.0003,-8.3433,-275.9445,2.2435,45.9884,157.8733,18.0392
18723,-12.8184,0.0802,0.5000,163.3992,-0.0003,-8.2833,-276.7748,2.2182,46.0681,158.1565,17.7748
18725,-12.6577,0.0804,0.5000,163.6589,-0.0003,-8.2236,-277.4864,2.1930,46.1485,158.4539,17.5138
18727,-12.4969,0.0804,0.5000,163.9193,-0.0003,-8.1642,-278.0781,2.1679,46.2295,158.7645,17.2566
18729,-12.3363,0.0802,0.5000,164.1798,-0.0003,-8.1052,-278.5489,2.1430,46.3110,159.0876,17.0038
18731,-12.1762,0.0799,0.5000,164.4400,-0.0003,-8.0465,-278.8985,2.1184,46.3928,159.4221,16.7558
18733,-12.0170,0.0794,0.5000,164.6997,-0.0002,-7.9882,-279.1268,2.0941,46.4747,159.7672,16.5129
18735,-11.8591,0.0787,0.5000,164.9584,-0.0002,-7.9304,-279.2339,2.0701,46.5566,160.1217,16.2756
18737,-11.7026,0.0779,0.5000,165.2158,-0.0002,-7.8729,-279.2205,2.0465,46.6383,160.4849,16.0442
18739,-11.5480,0.0769,0.5000,165.4713,-0.0002,-7.8160,-279.0872,2.0233,46.7196,160.8556,15.8190
18741,-11.3956,0.0758,0.5000,165.7248,-0.0002,-7.7595,-278.8351,2.0006,46.8004,161.2328,15.6002
18743,-11.2456,0.0745,0.5000,165.9758,-0.0002,-7.7035,-278.4653,1.9783,46.8805,161.6157,15.3881
18745,-11.0983,0.0731,0.5000,166.2239,-0.0002,-7.6480,-277.9791,1.9566,46.9599,162.0032,15.1830
18747,-10.9541,0.0715,0.5000,166.4688,-0.0002,-7.5931,-277.3779,1.9354,47.0382,162.3942,14.9850
18749,-10.8132,0.0698,0.5000,166.7102,-0.0002,-7.5387,-276.6634,1.9147,47.1155,162.7878,14.7942
18751,-10.6759,0.0680,0.5000,166.9477,-0.0002,-7.4850,-275.8373,1.8946,47.1914,163.1831,14.6109
18753,-10.5425,0.0660,0.5000,167.1810,-0.0001,-7.4318,-274.9014,1.8752,47.2660,163.5789,14.4351
18755,-10.4131,0.0639,0.5000,167.4098,-0.0001,-7.3793,-273.8576,1.8563,47.3391,163.9743,14.2670
18757,-10.2880,0.0617,0.5000,167.6339,-0.0001,-7.3273,-272.7081,1.8380,47.4105,164.3684,14.1066
18759,-10.1675,0.0594,0.5000,167.8528,-0.0001,-7.2761,-271.4550,1.8203,47.4802,164.7601,13.9540
18761,-10.0517,0.0570,0.5000,168.0664,-0.0001,-7.2254,-270.1007,1.8033,47.5480,165.1485,13.8092
18763,-9.9410,0.0544,0.5000,168.2744,-0.0001,-7.1755,-268.6475,1.7869,47.6137,165.5326,13.6724
18765,-9.8353,0.0518,0.5000,168.4765,-0.0001,-7.1262,-267.0983,1.7711,47.6774,165.9115,13.5435
18767,-9.7351,0.0491,0.5000,168.6726,-0.0001,-7.0776,-265.4555,1.7559,47.7388,166.2843,13.4225
18769,-9.6403,0.0463,0.5000,168.8623,-0.0001,-7.0297,-263.7223,1.7414,47.7979,166.6501,13.3096
18771,-9.5512,0.0435,0.5000,169.0454,-0.0001,-6.9825,-261.9016,1.7275,47.8547,167.0079,13.2045
18773,-9.4679,0.0405,0.5000,169.2219,-0.0001,-6.9360,-259.9967,1.7143,47.9089,167.3569,13.1075
18775,-9.3906,0.0375,0.5000,169.3914,-0.0001,-6.8903,-258.0110,1.7017,47.9605,167.6963,13.0184
18777,-9.3194,0.0345,0.5000,169.5538,-0.0001,-6.8452,-255.9479,1.6897,48.0094,168.0251,12.9373
18779,-9.2543,0.0313,0.5000,169.7090,-0.0001,-6.8008,-253.8112,1.6784,48.0556,168.3426,12.8642
18781,-9.1956,0.0282,0.5000,169.8567,-0.0001,-6.7572,-251.6046,1.6677,48.0990,168.6480,12.7989
18783,-9.1432,0.0250,0.5000,169.9969,-0.0001,-6.7143,-249.3320,1.6576,48.1395,168.9405,12.7416
18785,-9.0973,0.0217,0.5000,170.1294,-0.0001,-6.6720,-246.9975,1.6482,48.1771,169.2195,12.6921
18787,-9.0579,0.0185,0.5000,170.2541,-0.0001,-6.6305,-244.6053,1.6395,48.2116,169.4841,12.6505
18789,-9.0251,0.0152,0.5000,170.3709,-0.0001,-6.5897,-242.1595,1.6314,48.2431,169.7337,12.6168
18791,-8.9989,0.0119,0.5000,170.4797,-0.0001,-6.5496,-239.6645,1.6239,48.2715,169.9676,12.5908
18793,-8.9793,0.0085,0.5000,170.5804,-0.0001,-6.5102,-237.1246,1.6171,48.2968,170.1853,12.5726
18795,-8.9663,0.0052,0.5000,170.6729,-0.0001,-6.4714,-234.5442,1.6109,48.3189,170.3861,12.5622
18797,-8.9600,0.0019,0.5000,170.7572,-0.0001,-6.4334,-231.9279,1.6054,48.3378,170.5695,12.5596
18799,-8.9604,-0.0014,0.5000,170.8332,-0.0001,-6.3960,-229.2802,1.6006,48.3534,170.7349,12.5646
18801,-8.9674,-0.0047,0.5000,170.9010,-0.0001,-6.3593,-226.6055,1.5964,48.3658,170.8819,12.5774
18803,-8.9809,-0.0080,0.5000,170.9603,-0.0001,-6.3232,-223.9085,1.5929,48.3750,171.0100,12.5978
18805,-9.0010,-0.0113,0.5000,171.0114,-0.0001,-6.2878,-221.1938,1.5901,48.3808,171.1187,12.6259
18807,-9.0277,-0.0145,0.5000,171.0540,-0.0001,-6.2530,-218.4661,1.5879,48.3833,171.2078,12.6616
18809,-9.0607,-0.0177,0.5000,171.0883,-0.0001,-6.2189,-215.7300,1.5865,48.3826,171.2767,12.7050
18811,-9.1001,-0.0209,0.5000,171.1142,-0.0001,-6.1853,-212.9902,1.5857,48.3785,171.3252,12.7559
18813,-9.1458,-0.0240,0.5000,171.1318,-0.0001,-6.1524,-210.2514,1.5857,48.3712,171.3531,12.8144
18815,-9.1977,-0.0271,0.5000,171.1411,-0.0001,-6.1200,-207.5183,1.5864,48.3606,171.3600,12.8805
18817,-9.2556,-0.0301,0.5000,171.1421,-0.0001,-6.0882,-204.7959,1.5878,48.3467,171.3458,12.9541
18819,-9.3195,-0.0331,0.5000,171.1349,-0.0001,-6.0570,-202.0888,1.5899,48.3297,171.3102,13.0352
18821,-9.3893,-0.0360,0.5000,171.1196,-0.0001,-6.0264,-199.4019,1.5928,48.3094,171.2532,13.1239
18823,-9.4648,-0.0388,0.5000,171.0962,-0.0001,-5.9962,-196.7402,1.5964,48.2859,171.1747,13.2200
18825,-9.5458,-0.0415,0.5000,171.0649,-0.0001,-5.9666,-194.1085,1.6007,48.2593,171.0745,13.3235
18827,-9.6322,-0.0442,0.5000,171.0257,-0.0001,-5.9375,-191.5118,1.6059,48.2296,170.9528,13.4345
18829,-9.7240,-0.0468,0.5000,170.9787,-0.0001,-5.9089,-188.9552,1.6117,48.1968,170.8094,13.5528
18831,-9.8208,-0.0493,0.5000,170.9240,-0.0001,-5.8807,-186.4435,1.6184,48.1611,170.6445,13.6785
18833,-9.9225,-0.0518,0.5000,170.8618,-0.0001,-5.8531,-183.9819,1.6258,48.1224,170.4583,13.8114
18835,-10.0289,-0.0541,0.5000,170.7923,-0.0001,-5.8259,-181.5753,1.6340,48.0808,170.2507,13.9515
18837,-10.1399,-0.0563,0.5000,170.7154,-0.0001,-5.7991,-179.2288,1.6430,48.0365,170.0222,14.0988
18839,-10.2552,-0.0584,0.5000,170.6316,-0.0001,-5.7727,-176.9473,1.6528,47.9894,169.7728,14.2531
18841,-10.3746,-0.0604,0.5000,170.5408,-0.0001,-5.7468,-174.7358,1.6634,47.9396,169.5028,14.4144
18843,-10.4979,-0.0624,0.5000,170.4432,-0.0001,-5.7213,-172.5991,1.6748,47.8873,169.2127,14.5825
18845,-10.6248,-0.0641,0.5000,170.3392,-0.0001,-5.6961,-170.5421,1.6870,47.8325,168.9028,14.7573
18847,-10.7552,-0.0658,0.5000,170.2288,-0.0001,-5.6713,-168.5692,1.6999,47.7752,168.5734,14.9387
18849,-10.8888,-0.0674,0.5000,170.1124,-0.0001,-5.6469,-166.6852,1.7137,47.7157,168.2252,15.1266
18851,-11.0253,-0.0688,0.5000,169.9900,-0.0002,-5.6228,-164.8941,1.7282,47.6541,167.8585,15.3207
18853,-11.1645,-0.0701,0.5000,169.8621,-0.0002,-5.5991,-163.2003,1.7435,47.5903,167.4739,15.5208
18855,-11.3061,-0.0712,0.5000,169.7287,-0.0002,-5.5756,-161.6075,1.7595,47.5246,167.0720,15.7267
18857,-11.4498,-0.0722,0.5000,169.5903,-0.0002,-5.5525,-160.1192,1.7763,47.4570,166.6535,15.9382
18859,-11.5954,-0.0731,0.5000,169.4471,-0.0002,-5.5297,-158.7389,1.7939,47.3877,166.2189,16.1551
18861,-11.7426,-0.0739,0.5000,169.2993,-0.0002,-5.5072,-157.4693,1.8121,47.3168,165.7691,16.3769
18863,-11.8911,-0.0745,0.5000,169.1474,-0.0002,-5.4849,-156.3130,1.8311,47.2445,165.3048,16.6035
18865,-12.0406,-0.0749,0.5000,168.9915,-0.0002,-5.4629,-155.2720,1.8507,47.1709,164.8267,16.8345
18867,-12.1908,-0.0752,0.5000,168.8321,-0.0002,-5.4412,-154.3482,1.8710,47.0961,164.3357,17.0694
18869,-12.3415,-0.0754,0.5000,168.6695,-0.0002,-5.4197,-153.5426,1.8919,47.0203,163.8326,17.3080
18871,-12.4923,-0.0754,0.5000,168.5040,-0.0002,-5.3984,-152.8559,1.9135,46.9436,163.3182,17.5498
18873,-12.6430,-0.0753,0.5000,168.3360,-0.0003,-5.3774,-152.2884,1.9355,46.8662,162.7934,17.7944
18875,-12.7932,-0.0750,0.5000,168.1659,-0.0003,-5.3566,-151.8397,1.9581,46.7883,162.2592,18.0414
18877,-12.9428,-0.0746,0.5000,167.9941,-0.0003,-5.3360,-151.5088,1.9812,46.7099,161.7164,18.2902
18879,-13.0913,-0.0741,0.5000,167.8209,-0.0003,-5.3156,-151.2946,2.0048,46.6313,161.1659,18.5404
18881,-13.2386,-0.0734,0.5000,167.6468,-0.0003,-5.2954,-151.1949,2.0287,46.5526,160.6088,18.7915
18883,-13.3843,-0.0725,0.5000,167.4721,-0.0003,-5.2753,-151.2076,2.0531,46.4739,160.0459,19.0429
18885,-13.5282,-0.0716,0.5000,167.2974,-0.0003,-5.2555,-151.3297,2.0777,46.3955,159.4782,19.2941
18887,-13.6701,-0.0705,0.5000,167.1229,-0.0004,-5.2358,-151.5580,2.1026,46.3175,158.9065,19.5446
18889,-13.8097,-0.0693,0.5000,166.9491,-0.0004,-5.2163,-151.8889,2.1276,46.2400,158.3319,19.7938
18891,-13.9467,-0.0680,0.5000,166.7765,-0.0004,-5.1970,-152.3184,2.1529,46.1632,157.7552,20.0412
18893,-14.0809,-0.0666,0.5000,166.6054,-0.0004,-5.1777,-152.8425,2.1782,46.0873,157.1773,20.2862
18895,-14.2121,-0.0650,0.5000,166.4363,-0.0004,-5.1587,-153.4568,2.2036,46.0123,156.5991,20.5282
18897,-14.3402,-0.0634,0.5000,166.2696,-0.0004,-5.1397,-154.1569,2.2290,45.9384,156.0215,20.7668
18899,-14.4648,-0.0617,0.5000,166.1057,-0.0005,-5.1209,-154.9383,2.2542,45.8659,155.4452,21.0013
18901,-14.5859,-0.0598,0.5000,165.9449,-0.0005,-5.1022,-155.7967,2.2794,45.7947,154.8712,21.2312
18903,-14.7032,-0.0579,0.5000,165.7877,-0.0005,-5.0836,-156.7278,2.3043,45.7250,154.3002,21.4560
18905,-14.8166,-0.0560,0.5000,165.6344,-0.0005,-5.0651,-157.7274,2.3291,45.6570,153.7330,21.6752
18907,-14.9259,-0.0539,0.5000,165.4853,-0.0005,-5.0466,-158.7918,2.3534,45.5907,153.1703,21.8883
18909,-15.0311,-0.0518,0.5000,165.3410,-0.0006,-5.0283,-159.9174,2.3775,45.5262,152.6128,22.0947
18911,-15.1319,-0.0496,0.5000,165.2016,-0.0006,-5.0100,-161.1008,2.4011,45.4638,152.0614,22.2941
18913,-15.2282,-0.0473,0.5000,165.0674,-0.0006,-4.9917,-162.3394,2.4242,45.4034,151.5165,22.4859
18915,-15.3200,-0.0450,0.5000,164.9389,-0.0006,-4.9735,-163.6304,2.4468,45.3451,150.9790,22.6697
18917,-15.4071,-0.0427,0.5000,164.8162,-0.0006,-4.9554,-164.9717,2.4688,45.2891,150.4494,22.8451
18919,-15.4895,-0.0403,0.5000,164.6996,-0.0007,-4.9373,-166.3616,2.4902,45.2354,149.9284,23.0117
18921,-15.5669,-0.0378,0.5000,164.5894,-0.0007,-4.9191,-167.7983,2.5109,45.1841,149.4166,23.1690
18923,-15.6395,-0.0353,0.5000,164.4857,-0.0007,-4.9010,-169.2808,2.5308,45.1353,148.9145,23.3168
18925,-15.7070,-0.0328,0.5000,164.3888,-0.0007,-4.8829,-170.8081,2.5500,45.0890,148.4228,23.4545
18927,-15.7694,-0.0302,0.5000,164.2989,-0.0007,-4.8648,-172.3794,2.5683,45.0452,147.9420,23.5820
18929,-15.8266,-0.0276,0.5000,164.2161,-0.0007,-4.8467,-173.9941,2.5858,45.0041,147.4726,23.6988
18931,-15.8786,-0.0250,0.5000,164.1406,-0.0007,-4.8285,-175.6519,2.6023,44.9657,147.0153,23.8047
18933,-15.9253,-0.0223,0.5000,164.0725,-0.0008,-4.8103,-177.3523,2.6179,44.9301,146.5704,23.8994
18935,-15.9666,-0.0196,0.5000,164.0119,-0.0008,-4.7921,-179.0949,2.6325,44.8972,146.1386,23.9826
18937,-16.0024,-0.0169,0.5000,163.9589,-0.0008,-4.7738,-180.8795,2.6460,44.8672,145.7204,24.0541
18939,-16.0328,-0.0142,0.5000,163.9136,-0.0008,-4.7554,-182.7056,2.6586,44.8400,145.3161,24.1136
18941,-16.0576,-0.0114,0.5000,163.8760,-0.0008,-4.7370,-184.5727,2.6700,44.8158,144.9265,24.1609
18943,-16.0769,-0.0086,0.5000,163.8463,-0.0008,-4.7185,-186.4803,2.6803,44.7944,144.5518,24.1959
18945,-16.0905,-0.0057,0.5000,163.8243,-0.0008,-4.6999,-188.4275,2.6894,44.7761,144.1925,24.2185
18947,-16.0984,-0.0029,0.5000,163.8103,-0.0008,-4.6813,-190.4134,2.6974,44.7608,143.8492,24.2284
18949,-16.1006,-0.0000,0.5000,163.8041,-0.0008,-4.6626,-192.4369,2.7041,44.7484,143.5222,24.2257
18951,-16.0971,0.0028,0.5000,163.8059,-0.0008,-4.6437,-194.4966,2.7097,44.7392,143.2120,24.2102
18953,-16.0878,0.0057,0.5000,163.8155,-0.0008,-4.6248,-196.5908,2.7140,44.7330,142.9189,24.1819
18955,-16.0727,0.0086,0.5000,163.8329,-0.0008,-4.6058,-198.7177,2.7170,44.7299,142.6434,24.1408
18957,-16.0518,0.0115,0.5000,163.8581,-0.0008,-4.5866,-200.8751,2.7188,44.7299,142.3859,24.0870
18959,-16.0251,0.0145,0.5000,163.8912,-0.0008,-4.5674,-203.0605,2.7194,44.7330,142.1465,24.0205
18961,-15.9925,0.0174,0.5000,163.9319,-0.0008,-4.5480,-205.2713,2.7187,44.7393,141.9259,23.9415
18963,-15.9541,0.0203,0.5000,163.9802,-0.0008,-4.5285,-207.5043,2.7167,44.7486,141.7241,23.8501
18965,-15.9100,0.0232,0.5000,164.0362,-0.0008,-4.5089,-209.7561,2.7134,44.7611,141.5415,23.7465
18967,-15.8600,0.0260,0.5000,164.0996,-0.0008,-4.4892,-212.0231,2.7089,44.7767,141.3783,23.6309
18969,-15.8044,0.0289,0.5000,164.1704,-0.0008,-4.4694,-214.3013,2.7031,44.7954,141.2349,23.5036
18971,-15.7430,0.0317,0.5000,164.2485,-0.0008,-4.4494,-216.5862,2.6961,44.8172,141.1113,23.3649
18973,-15.6760,0.0345,0.5000,164.3337,-0.0007,-4.4293,-218.8734,2.6878,44.8420,141.0078,23.2151
18975,-15.6035,0.0373,0.5000,164.4259,-0.0007,-4.4090,-221.1579,2.6784,44.8699,140.9244,23.0547
18977,-15.5255,0.0400,0.5000,164.5250,-0.0007,-4.3887,-223.4345,2.6678,44.9008,140.8614,22.8840
18979,-15.4421,0.0427,0.5000,164.6308,-0.0007,-4.3682,-225.6978,2.6561,44.9346,140.8186,22.7035
18981,-15.3535,0.0453,0.5000,164.7431,-0.0007,-4.3475,-227.9420,2.6433,44.9714,140.7963,22.5137
18983,-15.2597,0.0478,0.5000,164.8618,-0.0007,-4.3268,-230.1614,2.6294,45.0110,140.7943,22.3151
18985,-15.1610,0.0503,0.5000,164.9867,-0.0006,-4.3059,-232.3499,2.6145,45.0535,140.8126,22.1084
18987,-15.0573,0.0527,0.5000,165.1176,-0.0006,-4.2848,-234.5014,2.5986,45.0987,140.8512,21.8940
18989,-14.9491,0.0550,0.5000,165.2541,-0.0006,-4.2637,-236.6098,2.5818,45.1465,140.9098,21.6725
18991,-14.8363,0.0572,0.5000,165.3962,-0.0006,-4.2424,-238.6688,2.5641,45.1970,140.9882,21.4447
18993,-14.7192,0.0593,0.5000,165.5435,-0.0006,-4.2210,-240.6724,2.5456,45.2499,141.0864,21.2111
18995,-14.5981,0.0613,0.5000,165.6959,-0.0005,-4.1995,-242.6144,2.5263,45.3053,141.2039,20.9724
18997,-14.4731,0.0632,0.5000,165.8529,-0.0005,-4.1779,-244.4891,2.5063,45.3629,141.3405,20.7293
18999,-14.3445,0.0650,0.5000,166.0144,-0.0005,-4.1562,-246.2907,2.4857,45.4228,141.4958,20.4825
19001,-14.2125,0.0666,0.5000,166.1800,-0.0005,-4.1344,-248.0138,2.4645,45.4848,141.6694,20.2325
19003,-14.0775,0.0681,0.5000,166.3495,-0.0005,-4.1126,-249.6533,2.4428,45.5487,141.8609,19.9802
19005,-13.9396,0.0694,0.5000,166.5225,-0.0004,-4.0906,-251.2045,2.4207,45.6146,142.0697,19.7262
19007,-13.7992,0.0707,0.5000,166.6987,-0.0004,-4.0686,-252.6631,2.3981,45.6821,142.2954,19.4711
19009,-13.6565,0.0717,0.5000,166.8777,-0.0004,-4.0465,-254.0250,2.3753,45.7512,142.5374,19.2156
19011,-13.5119,0.0726,0.5000,167.0592,-0.0004,-4.0244,-255.2869,2.3522,45.8218,142.7952,18.9603
19013,-13.3657,0.0734,0.5000,167.2429,-0.0004,-4.0022,-256.4456,2.3289,45.8936,143.0679,18.7058
19015,-13.2181,0.0740,0.5000,167.4283,-0.0004,-3.9800,-257.4988,2.3055,45.9667,143.3551,18.4527
19017,-13.0695,0.0745,0.5000,167.6151,-0.0003,-3.9578,-258.4442,2.2820,46.0407,143.6561,18.2015
19019,-12.9202,0.0747,0.5000,167.8031,-0.0003,-3.9356,-259.2802,2.2586,46.1156,143.9700,17.9529
19021,-12.7705,0.0749,0.5000,167.9916,-0.0003,-3.9134,-260.0057,2.2351,46.1913,144.2962,17.7073
19023,-12.6207,0.0749,0.5000,168.1805,-0.0003,-3.8912,-260.6200,2.2118,46.2675,144.6340,17.4651
19025,-12.4712,0.0747,0.5000,168.3693,-0.0003,-3.8690,-261.1227,2.1887,46.3441,144.9825,17.2269
19027,-12.3222,0.0744,0.5000,168.5577,-0.0003,-3.8469,-261.5137,2.1657,46.4209,145.3409,16.9930
19029,-12.1741,0.0739,0.5000,168.7453,-0.0003,-3.8249,-261.7934,2.1430,46.4979,145.7085,16.7638
19031,-12.0271,0.0732,0.5000,168.9317,-0.0002,-3.8029,-261.9626,2.1206,46.5748,146.0845,16.5396
19033,-11.8816,0.0725,0.5000,169.1166,-0.0002,-3.7810,-262.0219,2.0985,46.6515,146.4679,16.3209
19035,-11.7378,0.0715,0.5000,169.2996,-0.0002,-3.7593,-261.9727,2.0767,46.7279,146.8581,16.1078
19037,-11.5960,0.0705,0.5000,169.4803,-0.0002,-3.7376,-261.8161,2.0554,46.8037,147.2541,15.9006
19039,-11.4565,0.0693,0.5000,169.6586,-0.0002,-3.7160,-261.5537,2.0345,46.8790,147.6551,15.6996
19041,-11.3196,0.0680,0.5000,169.8339,-0.0002,-3.6946,-261.1870,2.0140,46.9534,148.0602,15.5049
19043,-11.1855,0.0665,0.5000,170.0060,-0.0002,-3.6734,-260.7179,1.9940,47.0270,148.4687,15.3168
19045,-11.0544,0.0649,0.5000,170.1747,-0.0002,-3.6523,-260.1480,1.9745,47.0995,148.8796,15.1354
19047,-10.9266,0.0632,0.5000,170.3395,-0.0002,-3.6313,-259.4794,1.9555,47.1708,149.2922,14.9608
19049,-10.8024,0.0614,0.5000,170.5003,-0.0002,-3.6105,-258.7140,1.9370,47.2409,149.7056,14.7932
19051,-10.6819,0.0595,0.5000,170.6567,-0.0002,-3.5900,-257.8539,1.9191,47.3095,150.1189,14.6327
19053,-10.5653,0.0575,0.5000,170.8085,-0.0001,-3.5696,-256.9012,1.9017,47.3766,150.5314,14.4793
19055,-10.4529,0.0554,0.5000,170.9554,-0.0001,-3.5494,-255.8580,1.8848,47.4421,150.9422,14.3331
19057,-10.3448,0.0532,0.5000,171.0973,-0.0001,-3.5294,-254.7267,1.8685,47.5058,151.3505,14.1942
19059,-10.2412,0.0509,0.5000,171.2339,-0.0001,-3.5097,-253.5095,1.8528,47.5677,151.7555,14.0626
19061,-10.1423,0.0486,0.5000,171.3649,-0.0001,-3.4901,-252.2088,1.8376,47.6277,152.1564,13.9383
19063,-10.0482,0.0461,0.5000,171.4903,-0.0001,-3.4709,-250.8272,1.8230,47.6856,152.5523,13.8215
19065,-9.9592,0.0436,0.5000,171.6097,-0.0001,-3.4518,-249.3671,1.8090,47.7413,152.9426,13.7120
19067,-9.8752,0.0410,0.5000,171.7231,-0.0001,-3.4330,-247.8313,1.7955,47.7949,153.3265,13.6099
19069,-9.7965,0.0384,0.5000,171.8303,-0.0001,-3.4144,-246.2225,1.7826,47.8462,153.7032,13.5152
19071,-9.7232,0.0356,0.5000,171.9311,-0.0001,-3.3961,-244.5436,1.7703,47.8951,154.0720,13.4279
19073,-9.6553,0.0329,0.5000,172.0254,-0.0001,-3.3780,-242.7975,1.7586,47.9416,154.4322,13.3481
19075,-9.5931,0.0301,0.5000,172.1130,-0.0001,-3.3602,-240.9872,1.7475,47.9856,154.7830,13.2755
19077,-9.5365,0.0272,0.5000,172.1939,-0.0001,-3.3427,-239.1159,1.7369,48.0270,155.1238,13.2104
19079,-9.4856,0.0244,0.5000,172.2680,-0.0001,-3.3254,-237.1868,1.7270,48.0658,155.4540,13.1526
19081,-9.4405,0.0214,0.5000,172.3351,-0.0001,-3.3084,-235.2033,1.7176,48.1019,155.7728,13.1021
19083,-9.4013,0.0185,0.5000,172.3952,-0.0001,-3.2916,-233.1687,1.7088,48.1353,156.0797,13.0589
19085,-9.3680,0.0155,0.5000,172.4482,-0.0001,-3.2751,-231.0866,1.7006,48.1659,156.3740,13.0230
19087,-9.3406,0.0126,0.5000,172.4940,-0.0001,-3.2589,-228.9605,1.6929,48.1937,156.6552,12.9944
19089,-9.3192,0.0096,0.5000,172.5326,-0.0001,-3.2429,-226.7941,1.6859,48.2187,156.9227,12.9730
19091,-9.3038,0.0066,0.5000,172.5639,-0.0001,-3.2272,-224.5910,1.6795,48.2408,157.1760,12.9589
19093,-9.2944,0.0036,0.5000,172.5879,-0.0001,-3.2117,-222.3550,1.6736,48.2600,157.4146,12.9519
19095,-9.2909,0.0006,0.5000,172.6046,-0.0001,-3.1965,-220.0899,1.6684,48.2762,157.6380,12.9521
19097,-9.2935,-0.0024,0.5000,172.6140,-0.0001,-3.1816,-217.7995,1.6638,48.2895,157.8457,12.9594
19099,-9.3019,-0.0053,0.5000,172.6160,-0.0001,-3.1669,-215.4877,1.6598,48.2998,158.0373,12.9738
19101,-9.3163,-0.0083,0.5000,172.6106,-0.0001,-3.1525,-213.1585,1.6564,48.3072,158.2124,12.9954
19103,-9.3366,-0.0112,0.5000,172.5979,-0.0001,-3.1383,-210.8159,1.6537,48.3116,158.3707,13.0240
19105,-9.3626,-0.0141,0.5000,172.5779,-0.0001,-3.1244,-208.4637,1.6515,48.3130,158.5117,13.0597
19107,-9.3944,-0.0170,0.5000,172.5506,-0.0001,-3.1107,-206.1062,1.6500,48.3114,158.6353,13.1024
19109,-9.4320,-0.0198,0.5000,172.5160,-0.0001,-3.0972,-203.7473,1.6492,48.3068,158.7410,13.1520
19111,-9.4751,-0.0226,0.5000,172.4742,-0.0001,-3.0840,-201.3912,1.6490,48.2993,158.8287,13.2087
19113,-9.5237,-0.0253,0.5000,172.4253,-0.0001,-3.0710,-199.0419,1.6495,48.2888,158.8981,13.2723
19115,-9.5778,-0.0280,0.5000,172.3692,-0.0001,-3.0583,-196.7037,1.6506,48.2753,158.9489,13.3429
19117,-9.6372,-0.0307,0.5000,172.3061,-0.0001,-3.0457,-194.3808,1.6524,48.2590,158.9812,13.4203
19119,-9.7017,-0.0333,0.5000,172.2361,-0.0001,-3.0334,-192.0773,1.6549,48.2398,158.9947,13.5046
19121,-9.7714,-0.0358,0.5000,172.1592,-0.0001,-3.0213,-189.7975,1.6580,48.2177,158.9893,13.5956
19123,-9.8461,-0.0382,0.5000,172.0755,-0.0001,-3.0094,-187.5458,1.6619,48.1928,158.9651,13.6935
19125,-9.9255,-0.0406,0.5000,171.9852,-0.0001,-2.9977,-185.3263,1.6664,48.1652,158.9218,13.7981
19127,-10.0096,-0.0429,0.5000,171.8883,-0.0001,-2.9863,-183.1433,1.6716,48.1348,158.8597,13.9094
19129,-10.0983,-0.0452,0.5000,171.7850,-0.0001,-2.9750,-181.0013,1.6776,48.1017,158.7787,14.0273
19131,-10.1913,-0.0473,0.5000,171.6755,-0.0001,-2.9639,-178.9044,1.6842,48.0660,158.6788,14.1517
19133,-10.2885,-0.0494,0.5000,171.5597,-0.0001,-2.9529,-176.8569,1.6916,48.0278,158.5603,14.2826
19135,-10.3897,-0.0513,0.5000,171.4380,-0.0001,-2.9422,-174.8631,1.6996,47.9870,158.4232,14.4199
19137,-10.4948,-0.0532,0.5000,171.3105,-0.0001,-2.9317,-172.9272,1.7084,47.9438,158.2678,14.5635
19139,-10.6035,-0.0550,0.5000,171.1772,-0.0001,-2.9213,-171.0533,1.7179,47.8982,158.0943,14.7133
19141,-10.7156,-0.0567,0.5000,171.0385,-0.0001,-2.9110,-169.2455,1.7281,47.8504,157.9029,14.8692
19143,-10.8310,-0.0583,0.5000,170.8945,-0.0001,-2.9010,-167.5077,1.7390,47.8003,157.6941,15.0310
19145,-10.9495,-0.0598,0.5000,170.7454,-0.0002,-2.8911,-165.8438,1.7506,47.7481,157.4680,15.1986
19147,-11.0707,-0.0611,0.5000,170.5914,-0.0002,-2.8813,-164.2575,1.7630,47.6939,157.2250,15.3719
19149,-11.1945,-0.0624,0.5000,170.4327,-0.0002,-2.8717,-162.7522,1.7760,47.6378,156.9657,15.5505
19151,-11.3207,-0.0635,0.5000,170.2696,-0.0002,-2.8623,-161.3314,1.7897,47.5798,156.6905,15.7345
19153,-11.4490,-0.0645,0.5000,170.1024,-0.0002,-2.8530,-159.9982,1.8041,47.5201,156.3997,15.9235
19155,-11.5792,-0.0654,0.5000,169.9311,-0.0002,-2.8438,-158.7554,1.8191,47.4588,156.0940,16.1173
19157,-11.7111,-0.0662,0.5000,169.7562,-0.0002,-2.8347,-157.6057,1.8348,47.3959,155.7739,16.3157
19159,-11.8444,-0.0669,0.5000,169.5779,-0.0002,-2.8258,-156.5514,1.8511,47.3317,155.4400,16.5184
19161,-11.9788,-0.0674,0.5000,169.3964,-0.0002,-2.8170,-155.5944,1.8680,47.2661,155.0928,16.7251
19163,-12.1141,-0.0678,0.5000,169.2121,-0.0002,-2.8083,-154.7365,1.8856,47.1995,154.7331,16.9355
19165,-12.2501,-0.0681,0.5000,169.0253,-0.0002,-2.7997,-153.9789,1.9037,47.1318,154.3615,17.1493
19167,-12.3865,-0.0682,0.5000,168.8363,-0.0002,-2.7913,-153.3226,1.9223,47.0632,153.9787,17.3662
19169,-12.5231,-0.0683,0.5000,168.6453,-0.0003,-2.7829,-152.7681,1.9415,46.9938,153.5853,17.5857
19171,-12.6595,-0.0682,0.5000,168.4528,-0.0003,-2.7747,-152.3155,1.9612,46.9238,153.1822,17.8075
19173,-12.7956,-0.0679,0.5000,168.2590,-0.0003,-2.7666,-151.9646,1.9813,46.8533,152.7700,18.0312
19175,-12.9310,-0.0676,0.5000,168.0643,-0.0003,-2.7585,-151.7147,2.0018,46.7824,152.3496,18.2564
19177,-13.0657,-0.0671,0.5000,167.8691,-0.0003,-2.7506,-151.5647,2.0228,46.7113,151.9216,18.4826
19179,-13.1992,-0.0665,0.5000,167.6737,-0.0003,-2.7427,-151.5132,2.0440,46.6402,151.4869,18.7095
19181,-13.3314,-0.0658,0.5000,167.4784,-0.0003,-2.7349,-151.5584,2.0656,46.5691,151.0463,18.9365
19183,-13.4620,-0.0650,0.5000,167.2836,-0.0003,-2.7272,-151.6980,2.0875,46.4981,150.6004,19.1633
19185,-13.5909,-0.0641,0.5000,167.0897,-0.0004,-2.7196,-151.9297,2.1095,46.4275,150.1502,19.3892
19187,-13.7177,-0.0630,0.5000,166.8971,-0.0004,-2.7121,-152.2506,2.1318,46.3574,149.6964,19.6140
19189,-13.8424,-0.0619,0.5000,166.7060,-0.0004,-2.7046,-152.6578,2.1542,46.2878,149.2397,19.8370
19191,-13.9646,-0.0606,0.5000,166.5169,-0.0004,-2.6973,-153.1482,2.1767,46.2190,148.7809,20.0579
19193,-14.0842,-0.0593,0.5000,166.3301,-0.0004,-2.6899,-153.7184,2.1992,46.1511,148.3208,20.2761
19195,-14.2010,-0.0579,0.5000,166.1460,-0.0004,-2.6827,-154.3650,2.2217,46.0841,147.8601,20.4911
19197,-14.3148,-0.0563,0.5000,165.9650,-0.0004,-2.6754,-155.0847,2.2441,46.0182,147.3995,20.7026
19199,-14.4255,-0.0547,0.5000,165.7872,-0.0005,-2.6683,-155.8741,2.2664,45.9535,146.9398,20.9099
19201,-14.5329,-0.0531,0.5000,165.6132,-0.0005,-2.6611,-156.7297,2.2886,45.8901,146.4817,21.1128
19203,-14.6369,-0.0513,0.5000,165.4431,-0.0005,-2.6541,-157.6485,2.3105,45.8282,146.0257,21.3106
19205,-14.7372,-0.0495,0.5000,165.2774,-0.0005,-2.6470,-158.6273,2.3322,45.7678,145.5727,21.5031
19207,-14.8339,-0.0476,0.5000,165.1162,-0.0005,-2.6400,-159.6633,2.3535,45.7090,145.1233,21.6897
19209,-14.9267,-0.0457,0.5000,164.9600,-0.0005,-2.6330,-160.7537,2.3745,45.6520,144.6780,21.8700
19211,-15.0155,-0.0437,0.5000,164.8089,-0.0006,-2.6260,-161.8962,2.3951,45.5967,144.2376,22.0436
19213,-15.1002,-0.0416,0.5000,164.6632,-0.0006,-2.6191,-163.0884,2.4152,45.5434,143.8025,22.2103
19215,-15.1808,-0.0395,0.5000,164.5232,-0.0006,-2.6121,-164.3284,2.4348,45.4921,143.3735,22.3694
19217,-15.2571,-0.0373,0.5000,164.3891,-0.0006,-2.6051,-165.6145,2.4539,45.4427,142.9510,22.5208
19219,-15.3291,-0.0352,0.5000,164.2610,-0.0006,-2.5982,-166.9451,2.4724,45.3956,142.5356,22.6640
19221,-15.3966,-0.0329,0.5000,164.1392,-0.0006,-2.5912,-168.3188,2.4902,45.3506,142.1279,22.7988
19223,-15.4596,-0.0306,0.5000,164.0239,-0.0007,-2.5842,-169.7345,2.5074,45.3078,141.7284,22.9248
19225,-15.5180,-0.0283,0.5000,163.9152,-0.0007,-2.5772,-171.1910,2.5238,45.2674,141.3376,23.0416
19227,-15.5718,-0.0260,0.5000,163.8132,-0.0007,-2.5702,-172.6878,2.5395,45.2293,140.9560,23.1491
19229,-15.6208,-0.0236,0.5000,163.7181,-0.0007,-2.5631,-174.2237,2.5544,45.1936,140.5842,23.2469
19231,-15.6650,-0.0212,0.5000,163.6300,-0.0007,-2.5560,-175.7981,2.5685,45.1604,140.2226,23.3349
19233,-15.7043,-0.0188,0.5000,163.5490,-0.0007,-2.5489,-177.4103,2.5817,45.1297,139.8716,23.4127
19235,-15.7388,-0.0163,0.5000,163.4752,-0.0007,-2.5417,-179.0594,2.5940,45.1015,139.5318,23.4801
19237,-15.7683,-0.0138,0.5000,163.4086,-0.0007,-2.5345,-180.7448,2.6054,45.0759,139.2036,23.5370
19239,-15.7928,-0.0113,0.5000,163.3493,-0.0007,-2.5272,-182.4654,2.6158,45.0530,138.8875,23.5833
19241,-15.8122,-0.0088,0.5000,163.2973,-0.0007,-2.5199,-184.2205,2.6253,45.0326,138.5838,23.6186
19243,-15.8266,-0.0062,0.5000,163.2527,-0.0007,-2.5125,-186.0088,2.6337,45.0150,138.2930,23.6430
19245,-15.8358,-0.0037,0.5000,163.2156,-0.0007,-2.5050,-187.8293,2.6412,45.0000,138.0155,23.6562
19247,-15.8399,-0.0011,0.5000,163.1857,-0.0008,-2.4975,-189.6806,2.6476,44.9878,137.7516,23.6584
19249,-15.8388,0.0015,0.5000,163.1633,-0.0008,-2.4899,-191.5610,2.6529,44.9783,137.5019,23.6493
19251,-15.8326,0.0041,0.5000,163.1483,-0.0008,-2.4823,-193.4690,2.6572,44.9716,137.2665,23.6289
19253,-15.8211,0.0067,0.5000,163.1406,-0.0008,-2.4745,-195.4025,2.6603,44.9677,137.0459,23.5974
19255,-15.8044,0.0093,0.5000,163.1402,-0.0008,-2.4667,-197.3594,2.6624,44.9666,136.8404,23.5547
19257,-15.7825,0.0119,0.5000,163.1470,-0.0007,-2.4588,-199.3373,2.6634,44.9682,136.6503,23.5008
19259,-15.7554,0.0145,0.5000,163.1611,-0.0007,-2.4509,-201.3337,2.6633,44.9727,136.4758,23.4359
19261,-15.7231,0.0171,0.5000,163.1823,-0.0007,-2.4428,-203.3457,2.6621,44.9800,136.3174,23.3602
19263,-15.6856,0.0197,0.5000,163.2105,-0.0007,-2.4347,-205.3702,2.6597,44.9900,136.1751,23.2737
19265,-15.6430,0.0223,0.5000,163.2457,-0.0007,-2.4264,-207.4040,2.6563,45.0029,136.0493,23.1767
19267,-15.5953,0.0248,0.5000,163.2877,-0.0007,-2.4181,-209.4434,2.6518,45.0185,135.9401,23.0694
19269,-15.5426,0.0273,0.5000,163.3365,-0.0007,-2.4097,-211.4847,2.6462,45.0369,135.8477,22.9520
19271,-15.4848,0.0298,0.5000,163.3920,-0.0007,-2.4012,-213.5239,2.6396,45.0580,135.7722,22.8249
19273,-15.4222,0.0322,0.5000,163.4539,-0.0007,-2.3926,-215.5568,2.6319,45.0818,135.7138,22.6884
19275,-15.3547,0.0346,0.5000,163.5222,-0.0007,-2.3839,-217.5789,2.6232,45.1083,135.6726,22.5429
19277,-15.2825,0.0370,0.5000,163.5966,-0.0007,-2.3751,-219.5856,2.6135,45.1375,135.6486,22.3886
19279,-15.2056,0.0393,0.5000,163.6771,-0.0006,-2.3663,-221.5723,2.6028,45.1692,135.6418,22.2261
19281,-15.1242,0.0415,0.5000,163.7635,-0.0006,-2.3573,-223.5340,2.5912,45.2035,135.6522,22.0557
19283,-15.0385,0.0437,0.5000,163.8556,-0.0006,-2.3483,-225.4657,2.5787,45.2403,135.6798,21.8780
19285,-14.9484,0.0458,0.5000,163.9531,-0.0006,-2.3391,-227.3624,2.5654,45.2795,135.7246,21.6934
19287,-14.8543,0.0478,0.5000,164.0559,-0.0006,-2.3299,-229.2190,2.5512,45.3211,135.7863,21.5025
19289,-14.7562,0.0498,0.5000,164.1638,-0.0006,-2.3206,-231.0304,2.5362,45.3650,135.8649,21.3057
19291,-14.6544,0.0516,0.5000,164.2765,-0.0005,-2.3112,-232.7916,2.5205,45.4111,135.9601,21.1036
19293,-14.5490,0.0533,0.5000,164.3938,-0.0005,-2.3017,-234.4976,2.5042,45.4594,136.0717,20.8968
19295,-14.4402,0.0550,0.5000,164.5155,-0.0005,-2.2921,-236.1435,2.4872,45.5097,136.1995,20.6858
19297,-14.3283,0.0565,0.5000,164.6412,-0.0005,-2.2824,-237.7248,2.4696,45.5620,136.3432,20.4712
19299,-14.2134,0.0580,0.5000,164.7707,-0.0005,-2.2727,-239.2368,2.4514,45.6161,136.5025,20.2535
19301,-14.0958,0.0593,0.5000,164.9038,-0.0005,-2.2629,-240.6754,2.4328,45.6720,136.6769,20.0334
19303,-13.9757,0.0605,0.5000,165.0401,-0.0004,-2.2531,-242.0366,2.4138,45.7295,136.8661,19.8114
19305,-13.8534,0.0615,0.5000,165.1794,-0.0004,-2.2431,-243.3167,2.3944,45.7886,137.0697,19.5881
19307,-13.7291,0.0625,0.5000,165.3213,-0.0004,-2.2332,-244.5123,2.3747,45.8491,137.2871,19.3639
19309,-13.6031,0.0633,0.5000,165.4655,-0.0004,-2.2231,-245.6206,2.3547,45.9109,137.5179,19.1396
19311,-13.4756,0.0640,0.5000,165.6118,-0.0004,-2.2130,-246.6387,2.3345,45.9738,137.7616,18.9155
19313,-13.3470,0.0645,0.5000,165.7597,-0.0004,-2.2029,-247.5646,2.3142,46.0378,138.0176,18.6923
19315,-13.2174,0.0649,0.5000,165.9091,-0.0003,-2.1927,-248.3961,2.2937,46.1027,138.2853,18.4703
19317,-13.0872,0.0652,0.5000,166.0595,-0.0003,-2.1825,-249.1320,2.2732,46.1684,138.5642,18.2501
19319,-12.9567,0.0653,0.5000,166.2106,-0.0003,-2.1723,-249.7709,2.2527,46.2348,138.8536,18.0322
19321,-12.8260,0.0653,0.5000,166.3621,-0.0003,-2.1621,-250.3121,2.2323,46.3017,139.1529,17.8169
19323,-12.6955,0.0652,0.5000,166.5136,-0.0003,-2.1518,-250.7551,2.2119,46.3689,139.4614,17.6047
19325,-12.5655,0.0649,0.5000,166.6649,-0.0003,-2.1416,-251.0999,2.1917,46.4364,139.7785,17.3960
19327,-12.4362,0.0645,0.5000,166.8157,-0.0003,-2.1313,-251.3464,2.1716,46.5040,140.1035,17.1910
19329,-12.3078,0.0640,0.5000,166.9655,-0.0003,-2.1211,-251.4953,2.1517,46.5716,140.4356,16.9902
19331,-12.1807,0.0633,0.5000,167.1140,-0.0003,-2.1108,-251.5472,2.1321,46.6391,140.7743,16.7939
19333,-12.0551,0.0625,0.5000,167.2610,-0.0002,-2.1006,-251.5029,2.1128,46.7062,141.1187,16.6023
19335,-11.9312,0.0616,0.5000,167.4062,-0.0002,-2.0904,-251.3637,2.0937,46.7730,141.4682,16.4156
19337,-11.8094,0.0605,0.5000,167.5493,-0.0002,-2.0803,-251.1309,2.0750,46.8392,141.8221,16.2342
19339,-11.6897,0.0594,0.5000,167.6899,-0.0002,-2.0702,-250.8058,2.0567,46.9048,142.1795,16.0583
19341,-11.5724,0.0581,0.5000,167.8277,-0.0002,-2.0601,-250.3901,2.0387,46.9695,142.5399,15.8879
19343,-11.4578,0.0568,0.5000,167.9626,-0.0002,-2.0501,-249.8855,2.0212,47.0334,142.9025,15.7234
19345,-11.3461,0.0553,0.5000,168.0942,-0.0002,-2.0401,-249.2938,2.0040,47.0963,143.2665,15.5649
19347,-11.2375,0.0537,0.5000,168.2224,-0.0002,-2.0302,-248.6170,1.9873,47.1580,143.6313,15.4124
19349,-11.1321,0.0521,0.5000,168.3467,-0.0002,-2.0204,-247.8570,1.9711,47.2185,143.9961,15.2661
19351,-11.0302,0.0503,0.5000,168.4671,-0.0002,-2.0106,-247.0158,1.9553,47.2776,144.3602,15.1262
19353,-10.9318,0.0485,0.5000,168.5833,-0.0002,-2.0010,-246.0957,1.9400,47.3354,144.7229,14.9927
19355,-10.8373,0.0465,0.5000,168.6950,-0.0002,-1.9914,-245.0987,1.9252,47.3916,145.0835,14.8657
19357,-10.7467,0.0445,0.5000,168.8022,-0.0002,-1.9819,-244.0272,1.9109,47.4461,145.4413,14.7452
19359,-10.6602,0.0425,0.5000,168.9045,-0.0002,-1.9724,-242.8835,1.8971,47.4990,145.7957,14.6313
19361,-10.5779,0.0403,0.5000,169.0018,-0.0001,-1.9631,-241.6698,1.8838,47.5500,146.1460,14.5240
19363,-10.5000,0.0381,0.5000,169.0941,-0.0001,-1.9539,-240.3888,1.8710,47.5992,146.4914,14.4235
19365,-10.4266,0.0359,0.5000,169.1810,-0.0001,-1.9447,-239.0427,1.8587,47.6465,146.8314,14.3296
19367,-10.3578,0.0335,0.5000,169.2624,-0.0001,-1.9357,-237.6342,1.8470,47.6917,147.1653,14.2425
19369,-10.2937,0.0312,0.5000,169.3383,-0.0001,-1.9268,-236.1659,1.8357,47.7348,147.4924,14.1621
19371,-10.2344,0.0288,0.5000,169.4085,-0.0001,-1.9180,-234.6404,1.8250,47.7757,147.8123,14.0885
19373,-10.1799,0.0263,0.5000,169.4729,-0.0001,-1.9093,-233.0605,1.8149,47.8145,148.1242,14.0216
19375,-10.1304,0.0238,0.5000,169.5313,-0.0001,-1.9007,-231.4291,1.8053,47.8510,148.4276,13.9615
19377,-10.0859,0.0213,0.5000,169.5838,-0.0001,-1.8922,-229.7489,1.7962,47.8851,148.7218,13.9081
19379,-10.0465,0.0187,0.5000,169.6302,-0.0001,-1.8838,-228.0229,1.7876,47.9169,149.0065,13.8615
19381,-10.0122,0.0162,0.5000,169.6704,-0.0001,-1.8756,-226.2541,1.7796,47.9463,149.2810,13.8216
19383,-9.9831,0.0136,0.5000,169.7044,-0.0001,-1.8675,-224.4456,1.7722,47.9732,149.5448,13.7884
19385,-9.9592,0.0110,0.5000,169.7321,-0.0001,-1.8594,-222.6005,1.7653,47.9977,149.7974,13.7620
19387,-9.9405,0.0084,0.5000,169.7535,-0.0001,-1.8515,-220.7219,1.7589,48.0196,150.0383,13.7422
19389,-9.9270,0.0058,0.5000,169.7685,-0.0001,-1.8438,-218.8132,1.7531,48.0390,150.2671,13.7290
19391,-9.9187,0.0031,0.5000,169.7771,-0.0001,-1.8361,-216.8775,1.7479,48.0558,150.4834,13.7226
19393,-9.9157,0.0005,0.5000,169.7794,-0.0001,-1.8286,-214.9183,1.7432,48.0700,150.6867,13.7227
19395,-9.9179,-0.0021,0.5000,169.7752,-0.0001,-1.8211,-212.9388,1.7391,48.0816,150.8766,13.7295
19397,-9.9253,-0.0047,0.5000,169.7646,-0.0001,-1.8138,-210.9426,1.7356,48.0906,151.0529,13.7428
19399,-9.9378,-0.0072,0.5000,169.7476,-0.0001,-1.8066,-208.9331,1.7327,48.0969,151.2150,13.7627
19401,-9.9555,-0.0098,0.5000,169.7243,-0.0001,-1.7996,-206.9138,1.7303,48.1006,151.3628,13.7891
19403,-9.9783,-0.0123,0.5000,169.6945,-0.0001,-1.7926,-204.8882,1.7285,48.1017,151.4959,13.8220
19405,-10.0060,-0.0148,0.5000,169.6584,-0.0001,-1.7858,-202.8599,1.7273,48.1002,151.6140,13.8614
19407,-10.0388,-0.0173,0.5000,169.6160,-0.0001,-1.7790,-200.8325,1.7267,48.0960,151.7170,13.9072
19409,-10.0764,-0.0197,0.5000,169.5674,-0.0001,-1.7724,-198.8097,1.7267,48.0893,151.8045,13.9594
19411,-10.1188,-0.0221,0.5000,169.5125,-0.0001,-1.7659,-196.7950,1.7273,48.0799,151.8765,14.0180
19413,-10.1660,-0.0245,0.5000,169.4516,-0.0001,-1.7595,-194.7922,1.7285,48.0680,151.9327,14.0829
19415,-10.2178,-0.0268,0.5000,169.3845,-0.0001,-1.7532,-192.8049,1.7303,48.0535,151.9730,14.1540
19417,-10.2741,-0.0290,0.5000,169.3115,-0.0001,-1.7470,-190.8369,1.7328,48.0364,151.9974,14.2314
19419,-10.3348,-0.0312,0.5000,169.2326,-0.0001,-1.7409,-188.8918,1.7358,48.0169,152.0056,14.3149
19421,-10.3999,-0.0333,0.5000,169.1479,-0.0001,-1.7349,-186.9733,1.7395,47.9949,151.9978,14.4046
19423,-10.4691,-0.0354,0.5000,169.0575,-0.0001,-1.7290,-185.0852,1.7438,47.9705,151.9738,14.5003
19425,-10.5424,-0.0374,0.5000,168.9615,-0.0001,-1.7232,-183.2310,1.7487,47.9437,151.9338,14.6020
19427,-10.6195,-0.0393,0.5000,168.8600,-0.0001,-1.7175,-181.4145,1.7543,47.9146,151.8776,14.7096
19429,-10.7005,-0.0412,0.5000,168.7532,-0.0001,-1.7119,-179.6393,1.7605,47.8832,151.8055,14.8229
19431,-10.7851,-0.0430,0.5000,168.6411,-0.0001,-1.7064,-177.9089,1.7673,47.8495,151.7175,14.9421
19433,-10.8731,-0.0447,0.5000,168.5241,-0.0002,-1.7009,-176.2269,1.7747,47.8137,151.6138,15.0668
19435,-10.9645,-0.0463,0.5000,168.4021,-0.0002,-1.6956,-174.5968,1.7828,47.7758,151.4945,15.1970
19437,-11.0590,-0.0478,0.5000,168.2753,-0.0002,-1.6903,-173.0218,1.7915,47.7358,151.3599,15.3326
19439,-11.1564,-0.0493,0.5000,168.1440,-0.0002,-1.6851,-171.5054,1.8008,47.6938,151.2101,15.4735
19441,-11.2566,-0.0506,0.5000,168.0083,-0.0002,-1.6800,-170.0505,1.8107,47.6500,151.0454,15.6195
19443,-11.3594,-0.0519,0.5000,167.8683,-0.0002,-1.6750,-168.6604,1.8213,47.6043,150.8662,15.7704
19445,-11.4646,-0.0530,0.5000,167.7243,-0.0002,-1.6701,-167.3378,1.8324,47.5569,150.6727,15.9261
19447,-11.5720,-0.0541,0.5000,167.5765,-0.0002,-1.6652,-166.0856,1.8442,47.5079,150.4653,16.0864
19449,-11.6814,-0.0551,0.5000,167.4251,-0.0002,-1.6604,-164.9062,1.8565,47.4573,150.2444,16.2512
19451,-11.7927,-0.0559,0.5000,167.2704,-0.0002,-1.6557,-163.8020,1.8694,47.4052,150.0104,16.4201
19453,-11.9055,-0.0567,0.5000,167.1124,-0.0002,-1.6510,-162.7752,1.8828,47.3517,149.7637,16.5929
19455,-12.0197,-0.0573,0.5000,166.9515,-0.0002,-1.6464,-161.8277,1.8968,47.2970,149.5048,16.7695
19457,-12.1351,-0.0579,0.5000,166.7880,-0.0002,-1.6419,-160.9611,1.9114,47.2411,149.2342,16.9496
19459,-12.2514,-0.0583,0.5000,166.6220,-0.0002,-1.6374,-160.1769,1.9264,47.1841,148.9524,17.1329
19461,-12.3685,-0.0587,0.5000,166.4538,-0.0002,-1.6330,-159.4763,1.9420,47.1261,148.6598,17.3191
19463,-12.4861,-0.0589,0.5000,166.2837,-0.0003,-1.6287,-158.8600,1.9580,47.0673,148.3572,17.5079
19465,-12.6041,-0.0590,0.5000,166.1120,-0.0003,-1.6244,-158.3288,1.9744,47.0078,148.0450,17.6991
19467,-12.7221,-0.0590,0.5000,165.9390,-0.0003,-1.6201,-157.8828,1.9913,46.9476,147.7238,17.8922
19469,-12.8400,-0.0589,0.5000,165.7648,-0.0003,-1.6159,-157.5221,2.0085,46.8869,147.3942,18.0870
19471,-12.9576,-0.0587,0.5000,165.5899,-0.0003,-1.6118,-157.2463,2.0261,46.8258,147.0568,18.2831
19473,-13.0747,-0.0584,0.5000,165.4145,-0.0003,-1.6077,-157.0550,2.0441,46.7645,146.7123,18.4802
19475,-13.1910,-0.0580,0.5000,165.2389,-0.0003,-1.6037,-156.9473,2.0624,46.7029,146.3614,18.6779
19477,-13.3063,-0.0575,0.5000,165.0634,-0.0003,-1.5997,-156.9219,2.0809,46.6414,146.0045,18.8757
19479,-13.4205,-0.0569,0.5000,164.8883,-0.0003,-1.5957,-156.9777,2.0997,46.5799,145.6424,19.0734
19481,-13.5334,-0.0562,0.5000,164.7139,-0.0003,-1.5918,-157.1129,2.1186,46.5186,145.2757,19.2705
19483,-13.6447,-0.0553,0.5000,164.5405,-0.0004,-1.5879,-157.3258,2.1377,46.4575,144.9051,19.4666
19485,-13.7543,-0.0544,0.5000,164.3684,-0.0004,-1.5841,-157.6144,2.1570,46.3969,144.5312,19.6614
19487,-13.8620,-0.0535,0.5000,164.1980,-0.0004,-1.5803,-157.9766,2.1763,46.3369,144.1547,19.8544
19489,-13.9676,-0.0524,0.5000,164.0295,-0.0004,-1.5765,-158.4101,2.1957,46.2774,143.7761,20.0452
19491,-14.0709,-0.0512,0.5000,163.8631,-0.0004,-1.5728,-158.9126,2.2151,46.2187,143.3962,20.2335
19493,-14.1718,-0.0500,0.5000,163.6993,-0.0004,-1.5691,-159.4816,2.2344,46.1609,143.0155,20.4188
19495,-14.2702,-0.0487,0.5000,163.5382,-0.0004,-1.5654,-160.1148,2.2536,46.1040,142.6347,20.6008
19497,-14.3659,-0.0473,0.5000,163.3802,-0.0005,-1.5617,-160.8098,2.2728,46.0482,142.2543,20.7790
19499,-14.4587,-0.0459,0.5000,163.2256,-0.0005,-1.5581,-161.5641,2.2917,45.9935,141.8751,20.9531
19501,-14.5485,-0.0443,0.5000,163.0745,-0.0005,-1.5544,-162.3754,2.3105,45.9401,141.4975,21.1227
19503,-14.6352,-0.0428,0.5000,162.9272,-0.0005,-1.5508,-163.2414,2.3290,45.8880,141.1221,21.2874
19505,-14.7187,-0.0411,0.5000,162.7841,-0.0005,-1.5472,-164.1600,2.3472,45.8373,140.7496,21.4469
19507,-14.7988,-0.0394,0.5000,162.6453,-0.0005,-1.5436,-165.1291,2.3651,45.7881,140.3804,21.6008
19509,-14.8755,-0.0377,0.5000,162.5110,-0.0005,-1.5400,-166.1469,2.3827,45.7404,140.0151,21.7487
19511,-14.9486,-0.0359,0.5000,162.3814,-0.0006,-1.5364,-167.2114,2.3998,45.6945,139.6542,21.8904
19513,-15.0180,-0.0340,0.5000,162.2568,-0.0006,-1.5328,-168.3209,2.4164,45.6502,139.2983,22.0255
19515,-15.0837,-0.0321,0.5000,162.1374,-0.0006,-1.5292,-169.4740,2.4326,45.6077,138.9479,22.1538
19517,-15.1456,-0.0302,0.5000,162.0232,-0.0006,-1.5256,-170.6691,2.4483,45.5671,138.6034,22.2748
19519,-15.2036,-0.0282,0.5000,161.9145,-0.0006,-1.5220,-171.9049,2.4634,45.5284,138.2654,22.3884
19521,-15.2576,-0.0262,0.5000,161.8115,-0.0006,-1.5184,-173.1802,2.4779,45.4917,137.9343,22.4942
19523,-15.3075,-0.0242,0.5000,161.7141,-0.0006,-1.5147,-174.4936,2.4917,45.4570,137.6106,22.5921
19525,-15.3533,-0.0221,0.5000,161.6227,-0.0006,-1.5111,-175.8442,2.5050,45.4243,137.2947,22.6818
19527,-15.3949,-0.0200,0.5000,161.5372,-0.0006,-1.5074,-177.2307,2.5175,45.3938,136.9871,22.7630
19529,-15.4323,-0.0179,0.5000,161.4579,-0.0007,-1.5037,-178.6521,2.5293,45.3655,136.6882,22.8355
19531,-15.4654,-0.0157,0.5000,161.3846,-0.0007,-1.5000,-180.1073,2.5403,45.3393,136.3985,22.8992
19533,-15.4941,-0.0135,0.5000,161.3177,-0.0007,-1.4962,-181.5951,2.5506,45.3154,136.1183,22.9540
19535,-15.5184,-0.0113,0.5000,161.2570,-0.0007,-1.4924,-183.1145,2.5601,45.2938,135.8481,22.9995
19537,-15.5383,-0.0091,0.5000,161.2027,-0.0007,-1.4886,-184.6642,2.5688,45.2744,135.5882,23.0358
19539,-15.5538,-0.0069,0.5000,161.1547,-0.0007,-1.4848,-186.2429,2.5766,45.2574,135.3391,23.0626
19541,-15.5647,-0.0046,0.5000,161.1132,-0.0007,-1.4809,-187.8492,2.5835,45.2428,135.1010,23.0800
19543,-15.5712,-0.0024,0.5000,161.0781,-0.0007,-1.4770,-189.4816,2.5896,45.2306,134.8743,23.0878
19545,-15.5731,-0.0001,0.5000,161.0494,-0.0007,-1.4730,-191.1385,2.5948,45.2207,134.6594,23.0860
19547,-15.5704,0.0022,0.5000,161.0272,-0.0007,-1.4690,-192.8182,2.5991,45.2133,134.4566,23.0745
19549,-15.5631,0.0045,0.5000,161.0113,-0.0007,-1.4650,-194.5188,2.6024,45.2083,134.2662,23.0534
19551,-15.5513,0.0068,0.5000,161.0019,-0.0007,-1.4609,-196.2381,2.6048,45.2058,134.0885,23.0227
19553,-15.5349,0.0091,0.5000,160.9988,-0.0007,-1.4568,-197.9741,2.6063,45.2057,133.9237,22.9824
19555,-15.5140,0.0113,0.5000,161.0020,-0.0007,-1.4526,-199.7244,2.6069,45.2081,133.7721,22.9326
19557,-15.4884,0.0136,0.5000,161.0115,-0.0007,-1.4484,-201.4863,2.6065,45.2129,133.6340,22.8735
19559,-15.4584,0.0159,0.5000,161.0272,-0.0007,-1.4441,-203.2573,2.6052,45.2202,133.5096,22.8050
19561,-15.4239,0.0181,0.5000,161.0490,-0.0007,-1.4398,-205.0343,2.6029,45.2299,133.3990,22.7275
19563,-15.3849,0.0203,0.5000,161.0768,-0.0007,-1.4354,-206.8145,2.5997,45.2421,133.3025,22.6410
19565,-15.3415,0.0225,0.5000,161.1106,-0.0007,-1.4310,-208.5944,2.5956,45.2567,133.2202,22.5459
19567,-15.2937,0.0247,0.5000,161.1502,-0.0006,-1.4265,-210.3709,2.5906,45.2737,133.1522,22.4422
19569,-15.2416,0.0268,0.5000,161.1956,-0.0006,-1.4219,-212.1403,2.5847,45.2931,133.0987,22.3303
19571,-15.1853,0.0289,0.5000,161.2466,-0.0006,-1.4174,-213.8990,2.5779,45.3148,133.0597,22.2105
19573,-15.1249,0.0310,0.5000,161.3030,-0.0006,-1.4127,-215.6431,2.5703,45.3389,133.0352,22.0830
19575,-15.0605,0.0330,0.5000,161.3648,-0.0006,-1.4080,-217.3689,2.5618,45.3652,133.0254,21.9482
19577,-14.9920,0.0349,0.5000,161.4318,-0.0006,-1.4033,-219.0722,2.5525,45.3938,133.0301,21.8065
19579,-14.9198,0.0368,0.5000,161.5038,-0.0006,-1.3985,-220.7490,2.5425,45.4246,133.0495,21.6582
19581,-14.8438,0.0387,0.5000,161.5807,-0.0006,-1.3937,-222.3953,2.5316,45.4575,133.0833,21.5037
19583,-14.7642,0.0404,0.5000,161.6622,-0.0006,-1.3888,-224.0068,2.5201,45.4925,133.1316,21.3435
19585,-14.6812,0.0421,0.5000,161.7483,-0.0005,-1.3838,-225.5794,2.5078,45.5295,133.1943,21.1779
19587,-14.5949,0.0438,0.5000,161.8386,-0.0005,-1.3788,-227.1090,2.4949,45.5685,133.2710,21.0074
19589,-14.5055,0.0453,0.5000,161.9331,-0.0005,-1.3738,-228.5916,2.4814,45.6094,133.3618,20.8324
19591,-14.4131,0.0467,0.5000,162.0314,-0.0005,-1.3687,-230.0232,2.4673,45.6521,133.4664,20.6535
19593,-14.3179,0.0481,0.5000,162.1334,-0.0005,-1.3636,-231.3999,2.4527,45.6966,133.5845,20.4710
19595,-14.2201,0.0494,0.5000,162.2389,-0.0005,-1.3584,-232.7181,2.4376,45.7426,133.7159,20.2854
19597,-14.1199,0.0505,0.5000,162.3475,-0.0005,-1.3532,-233.9741,2.4220,45.7903,133.8603,20.0973
19599,-14.0175,0.0516,0.5000,162.4591,-0.0004,-1.3479,-235.1646,2.4061,45.8394,134.0174,19.9071
19601,-13.9130,0.0526,0.5000,162.5734,-0.0004,-1.3426,-236.2866,2.3897,45.8899,134.1868,19.7152
19603,-13.8068,0.0534,0.5000,162.6901,-0.0004,-1.3373,-237.3371,2.3731,45.9417,134.3681,19.5222
19605,-13.6990,0.0542,0.5000,162.8090,-0.0004,-1.3319,-238.3134,2.3562,45.9946,134.5609,19.3285
19607,-13.5899,0.0548,0.5000,162.9298,-0.0004,-1.3265,-239.2133,2.3390,46.0487,134.7649,19.1345
19609,-13.4797,0.0553,0.5000,163.0522,-0.0004,-1.3211,-240.0345,2.3217,46.1036,134.9795,18.9408
19611,-13.3685,0.0557,0.5000,163.1760,-0.0004,-1.3156,-240.7754,2.3042,46.1595,135.2043,18.7476
19613,-13.2567,0.0560,0.5000,163.3009,-0.0004,-1.3102,-241.4344,2.2866,46.2160,135.4387,18.5556
19615,-13.1445,0.0562,0.5000,163.4265,-0.0003,-1.3047,-242.0102,2.2689,46.2732,135.6824,18.3649
19617,-13.0321,0.0562,0.5000,163.5527,-0.0003,-1.2992,-242.5020,2.2513,46.3309,135.9347,18.1761
19619,-12.9197,0.0561,0.5000,163.6791,-0.0003,-1.2936,-242.9092,2.2336,46.3890,136.1950,17.9895
19621,-12.8077,0.0560,0.5000,163.8054,-0.0003,-1.2881,-243.2312,2.2161,46.4474,136.4629,17.8055
19623,-12.6961,0.0557,0.5000,163.9315,-0.0003,-1.2826,-243.4680,2.1986,46.5059,136.7378,17.6243
19625,-12.5852,0.0553,0.5000,164.0569,-0.0003,-1.2770,-243.6198,2.1812,46.5645,137.0190,17.4464
19627,-12.4754,0.0547,0.5000,164.1814,-0.0003,-1.2715,-243.6868,2.1640,46.6230,137.3061,17.2719
19629,-12.3667,0.0541,0.5000,164.3047,-0.0003,-1.2660,-243.6698,2.1470,46.6813,137.5983,17.1013
19631,-12.2594,0.0534,0.5000,164.4267,-0.0003,-1.2604,-243.5694,2.1303,46.7393,137.8951,16.9347
19633,-12.1537,0.0525,0.5000,164.5469,-0.0002,-1.2549,-243.3867,2.1137,46.7970,138.1958,16.7723
19635,-12.0498,0.0516,0.5000,164.6652,-0.0002,-1.2494,-243.1228,2.0975,46.8541,138.4999,16.6144
19637,-11.9480,0.0505,0.5000,164.7813,-0.0002,-1.2439,-242.7789,2.0815,46.9105,138.8067,16.4613
19639,-11.8483,0.0494,0.5000,164.8950,-0.0002,-1.2385,-242.3565,2.0659,46.9663,139.1156,16.3130
19641,-11.7511,0.0481,0.5000,165.0060,-0.0002,-1.2330,-241.8571,2.0506,47.0212,139.4260,16.1697
19643,-11.6564,0.0468,0.5000,165.1141,-0.0002,-1.2276,-241.2824,2.0356,47.0752,139.7373,16.0316
19645,-11.5645,0.0454,0.5000,165.2190,-0.0002,-1.2222,-240.6341,2.0211,47.1281,140.0489,15.8989
19647,-11.4755,0.0439,0.5000,165.3207,-0.0002,-1.2169,-239.9141,2.0069,47.1800,140.3600,15.7717
19649,-11.3896,0.0424,0.5000,165.4188,-0.0002,-1.2116,-239.1243,1.9931,47.2306,140.6702,15.6500
19651,-11.3069,0.0407,0.5000,165.5132,-0.0002,-1.2063,-238.2667,1.9797,47.2799,140.9788,15.5339
19653,-11.2276,0.0390,0.5000,165.6037,-0.0002,-1.2011,-237.3434,1.9668,47.3279,141.2853,15.4236
19655,-11.1518,0.0372,0.5000,165.6901,-0.0002,-1.1959,-236.3564,1.9543,47.3743,141.5890,15.3192
19657,-11.0796,0.0354,0.5000,165.7723,-0.0002,-1.1907,-235.3080,1.9422,47.4193,141.8894,15.2206
19659,-11.0111,0.0335,0.5000,165.8501,-0.0002,-1.1856,-234.2003,1.9306,47.4626,142.1858,15.1279
19661,-10.9465,0.0316,0.5000,165.9233,-0.0002,-1.1805,-233.0358,1.9194,47.5042,142.4778,15.0413
19663,-10.8858,0.0296,0.5000,165.9919,-0.0002,-1.1755,-231.8166,1.9088,47.5441,142.7647,14.9607
19665,-10.8292,0.0275,0.5000,166.0557,-0.0002,-1.1706,-230.5453,1.8985,47.5822,143.0460,14.8861
19667,-10.7767,0.0255,0.5000,166.1146,-0.0002,-1.1656,-229.2242,1.8888,47.6185,143.3213,14.8176
19669,-10.7285,0.0233,0.5000,166.1685,-0.0002,-1.1608,-227.8559,1.8795,47.6528,143.5899,14.7552
19671,-10.6845,0.0212,0.5000,166.2172,-0.0001,-1.1560,-226.4429,1.8707,47.6851,143.8514,14.6989
19673,-10.6449,0.0190,0.5000,166.2608,-0.0001,-1.1513,-224.9878,1.8624,47.7154,144.1052,14.6488
19675,-10.6096,0.0168,0.5000,166.2991,-0.0001,-1.1466,-223.4932,1.8546,47.7436,144.3510,14.6048
19677,-10.5788,0.0146,0.5000,166.3320,-0.0001,-1.1419,-221.9619,1.8473,47.7698,144.5882,14.5669
19679,-10.5525,0.0123,0.5000,166.3596,-0.0001,-1.1374,-220.3966,1.8405,47.7938,144.8164,14.5352
19681,-10.5306,0.0101,0.5000,166.3817,-0.0001,-1.1329,-218.8000,1.8343,47.8156,145.0352,14.5095
19683,-10.5133,0.0078,0.5000,166.3983,-0.0001,-1.1284,-217.1750,1.8285,47.8352,145.2441,14.4900
19685,-10.5005,0.0055,0.5000,166.4094,-0.0001,-1.1240,-215.5245,1.8232,47.8526,145.4428,14.4766
19687,-10.4923,0.0033,0.5000,166.4149,-0.0001,-1.1197,-213.8514,1.8184,47.8678,145.6308,14.4692
19689,-10.4886,0.0010,0.5000,166.4148,-0.0001,-1.1154,-212.1586,1.8142,47.8806,145.8079,14.4680
19691,-10.4895,-0.0013,0.5000,166.4092,-0.0001,-1.1112,-210.4492,1.8105,47.8912,145.9737,14.4727
19693,-10.4948,-0.0035,0.5000,166.3979,-0.0001,-1.1071,-208.7261,1.8073,47.8995,146.1279,14.4835
19695,-10.5047,-0.0058,0.5000,166.3811,-0.0001,-1.1030,-206.9925,1.8046,47.9055,146.2702,14.5003
19697,-10.5190,-0.0080,0.5000,166.3588,-0.0001,-1.0990,-205.2514,1.8025,47.9092,146.4002,14.5230
19699,-10.5377,-0.0102,0.5000,166.3308,-0.0001,-1.0950,-203.5059,1.8009,47.9106,146.5178,14.5517
19701,-10.5608,-0.0124,0.5000,166.2974,-0.0001,-1.0911,-201.7592,1.7999,47.9097,146.6228,14.5863
19703,-10.5882,-0.0145,0.5000,166.2585,-0.0001,-1.0872,-200.0144,1.7993,47.9065,146.7149,14.6267
19705,-10.6198,-0.0166,0.5000,166.2142,-0.0001,-1.0834,-198.2748,1.7994,47.9010,146.7939,14.6729
19707,-10.6556,-0.0187,0.5000,166.1644,-0.0001,-1.0797,-196.5434,1.8000,47.8932,146.8596,14.7249
19709,-10.6956,-0.0207,0.5000,166.1094,-0.0001,-1.0760,-194.8236,1.8011,47.8832,146.9121,14.7826
19711,-10.7395,-0.0227,0.5000,166.0491,-0.0001,-1.0724,-193.1184,1.8028,47.8710,146.9510,14.8460
19713,-10.7874,-0.0247,0.5000,165.9836,-0.0001,-1.0688,-191.4311,1.8050,47.8565,146.9764,14.9150
19715,-10.8391,-0.0266,0.5000,165.9130,-0.0002,-1.0653,-189.7649,1.8078,47.8399,146.9882,14.9896
19717,-10.8946,-0.0284,0.5000,165.8374,-0.0002,-1.0619,-188.1229,1.8112,47.8211,146.9863,15.0696
19719,-10.9537,-0.0302,0.5000,165.7568,-0.0002,-1.0585,-186.5083,1.8151,47.8002,146.9708,15.1550
19721,-11.0163,-0.0320,0.5000,165.6715,-0.0002,-1.0551,-184.9242,1.8195,47.7772,146.9416,15.2457
19723,-11.0823,-0.0336,0.5000,165.5814,-0.0002,-1.0518,-183.3737,1.8246,47.7522,146.8988,15.3417
19725,-11.1516,-0.0352,0.5000,165.4868,-0.0002,-1.0485,-181.8598,1.8302,47.7252,146.8424,15.4427
19727,-11.2240,-0.0368,0.5000,165.3877,-0.0002,-1.0453,-180.3854,1.8363,47.6963,146.7727,15.5489
19729,-11.2994,-0.0383,0.5000,165.2843,-0.0002,-1.0422,-178.9536,1.8430,47.6655,146.6896,15.6599
19731,-11.3777,-0.0397,0.5000,165.1766,-0.0002,-1.0391,-177.5672,1.8502,47.6329,146.5933,15.7758
19733,-11.4587,-0.0410,0.5000,165.0649,-0.0002,-1.0360,-176.2289,1.8580,47.5985,146.4840,15.8963
19735,-11.5422,-0.0422,0.5000,164.9494,-0.0002,-1.0330,-174.9413,1.8663,47.5623,146.3619,16.0213
19737,-11.6282,-0.0434,0.5000,164.8301,-0.0002,-1.0300,-173.7070,1.8752,47.5246,146.2272,16.1508
19739,-11.7163,-0.0445,0.5000,164.7072,-0.0002,-1.0271,-172.5285,1.8846,47.4853,146.0802,16.2845
19741,-11.8066,-0.0455,0.5000,164.5809,-0.0002,-1.0242,-171.4080,1.8945,47.4445,145.9211,16.4222
19743,-11.8987,-0.0464,0.5000,164.4515,-0.0002,-1.0213,-170.3477,1.9049,47.4022,145.7502,16.5639
19745,-11.9926,-0.0472,0.5000,164.3190,-0.0002,-1.0185,-169.3496,1.9158,47.3586,145.5680,16.7092
19747,-12.0881,-0.0480,0.5000,164.1837,-0.0002,-1.0158,-168.4155,1.9271,47.3138,145.3746,16.8581
19749,-12.1849,-0.0487,0.5000,164.0458,-0.0002,-1.0130,-167.5471,1.9390,47.2678,145.1704,17.0102
19751,-12.2829,-0.0492,0.5000,163.9054,-0.0002,-1.0103,-166.7459,1.9513,47.2207,144.9559,17.1654
19753,-12.3820,-0.0497,0.5000,163.7629,-0.0002,-1.0077,-166.0131,1.9641,47.1726,144.7315,17.3234
19755,-12.4818,-0.0501,0.5000,163.6184,-0.0003,-1.0050,-165.3498,1.9773,47.1235,144.4975,17.4841
19757,-12.5824,-0.0504,0.5000,163.4721,-0.0003,-1.0024,-164.7569,1.9908,47.0737,144.2544,17.6470
19759,-12.6834,-0.0506,0.5000,163.3243,-0.0003,-0.9999,-164.2351,2.0048,47.0231,144.0027,17.8121
19761,-12.7846,-0.0507,0.5000,163.1752,-0.0003,-0.9973,-163.7848,2.0192,46.9719,143.7429,17.9789
19763,-12.8860,-0.0507,0.5000,163.0250,-0.0003,-0.9948,-163.4062,2.0338,46.9202,143.4754,18.1473
19765,-12.9873,-0.0506,0.5000,162.8741,-0.0003,-0.9923,-163.0993,2.0488,46.8680,143.2007,18.3168
19767,-13.0883,-0.0504,0.5000,162.7226,-0.0003,-0.9899,-162.8640,2.0641,46.8155,142.9193,18.4873
19769,-13.1889,-0.0502,0.5000,162.5708,-0.0003,-0.9875,-162.6998,2.0797,46.7628,142.6318,18.6584
19771,-13.2889,-0.0498,0.5000,162.4189,-0.0003,-0.9851,-162.6062,2.0955,46.7099,142.3386,18.8297
19773,-13.3881,-0.0494,0.5000,162.2672,-0.0003,-0.9827,-162.5823,2.1115,46.6570,142.0404,19.0011
19775,-13.4863,-0.0489,0.5000,162.1159,-0.0003,-0.9803,-162.6272,2.1276,46.6041,141.7375,19.1721
19777,-13.5833,-0.0483,0.5000,161.9654,-0.0004,-0.9780,-162.7398,2.1440,46.5514,141.4307,19.3423
19779,-13.6791,-0.0476,0.5000,161.8158,-0.0004,-0.9757,-162.9188,2.1604,46.4990,141.1204,19.5116
19781,-13.7734,-0.0469,0.5000,161.6674,-0.0004,-0.9734,-163.1629,2.1770,46.4469,140.8071,19.6795
19783,-13.8661,-0.0460,0.5000,161.5204,-0.0004,-0.9711,-163.4704,2.1935,46.3953,140.4914,19.8457
19785,-13.9570,-0.0451,0.5000,161.3752,-0.0004,-0.9689,-163.8398,2.2102,46.3442,140.1739,20.0099
19787,-14.0460,-0.0441,0.5000,161.2319,-0.0004,-0.9666,-164.2695,2.2267,46.2937,139.8550,20.1716
19789,-14.1329,-0.0431,0.5000,161.0907,-0.0004,-0.9644,-164.7578,2.2433,46.2440,139.5353,20.3307
19791,-14.2177,-0.0420,0.5000,160.9520,-0.0004,-0.9622,-165.3028,2.2597,46.1951,139.2154,20.4868
19793,-14.3001,-0.0408,0.5000,160.8160,-0.0005,-0.9600,-165.9027,2.2761,46.1471,138.8957,20.6394
19795,-14.3801,-0.0395,0.5000,160.6828,-0.0005,-0.9578,-166.5559,2.2922,46.1001,138.5767,20.7884
19797,-14.4575,-0.0382,0.5000,160.5527,-0.0005,-0.9556,-167.2606,2.3082,46.0541,138.2590,20.9333
19799,-14.5322,-0.0368,0.5000,160.4260,-0.0005,-0.9534,-168.0150,2.3240,46.0093,137.9431,21.0740
19801,-14.6042,-0.0354,0.5000,160.3027,-0.0005,-0.9512,-168.8175,2.3395,45.9657,137.6295,21.2100
19803,-14.6732,-0.0340,0.5000,160.1831,-0.0005,-0.9490,-169.6663,2.3547,45.9234,137.3186,21.3411
19805,-14.7393,-0.0324,0.5000,160.0674,-0.0005,-0.9468,-170.5600,2.3696,45.8825,137.0109,21.4669
19807,-14.8022,-0.0309,0.5000,159.9558,-0.0005,-0.9447,-171.4969,2.3841,45.8429,136.7069,21.5873
19809,-14.8620,-0.0293,0.5000,159.8484,-0.0005,-0.9425,-172.4756,2.3982,45.8049,136.4070,21.7019
19811,-14.9185,-0.0276,0.5000,159.7453,-0.0006,-0.9403,-173.4947,2.4119,45.7684,136.1117,21.8105
19813,-14.9717,-0.0259,0.5000,159.6468,-0.0006,-0.9381,-174.5527,2.4252,45.7335,135.8215,21.9128
19815,-15.0214,-0.0242,0.5000,159.5530,-0.0006,-0.9359,-175.6483,2.4379,45.7003,135.5367,22.0086
19817,-15.0677,-0.0225,0.5000,159.4640,-0.0006,-0.9337,-176.7803,2.4502,45.6688,135.2579,22.0977
19819,-15.1104,-0.0207,0.5000,159.3798,-0.0006,-0.9315,-177.9473,2.4619,45.6390,134.9853,22.1799
19821,-15.1495,-0.0189,0.5000,159.3007,-0.0006,-0.9293,-179.1481,2.4730,45.6111,134.7194,22.2549
19823,-15.1849,-0.0170,0.5000,159.2267,-0.0006,-0.9271,-180.3815,2.4835,45.5850,134.4606,22.3226
19825,-15.2166,-0.0151,0.5000,159.1579,-0.0006,-0.9248,-181.6462,2.4935,45.5608,134.2093,22.3827
19827,-15.2445,-0.0132,0.5000,159.0944,-0.0006,-0.9226,-182.9408,2.5027,45.5385,133.9658,22.4353
19829,-15.2686,-0.0113,0.5000,159.0362,-0.0006,-0.9203,-184.2642,2.5113,45.5181,133.7305,22.4801
19831,-15.2888,-0.0094,0.5000,158.9834,-0.0006,-0.9180,-185.6150,2.5193,45.4998,133.5038,22.5169
19833,-15.3052,-0.0074,0.5000,158.9360,-0.0006,-0.9157,-186.9918,2.5265,45.4835,133.2860,22.5458
19835,-15.3176,-0.0055,0.5000,158.8942,-0.0006,-0.9134,-188.3931,2.5330,45.4692,133.0774,22.5665
19837,-15.3261,-0.0035,0.5000,158.8578,-0.0006,-0.9110,-189.8174,2.5387,45.4570,132.8783,22.5791
19839,-15.3306,-0.0015,0.5000,158.8269,-0.0006,-0.9087,-191.2630,2.5437,45.4469,132.6891,22.5835
19841,-15.3312,0.0005,0.5000,158.8015,-0.0006,-0.9063,-192.7284,2.5480,45.4389,132.5100,22.5797
19843,-15.3277,0.0025,0.5000,158.7817,-0.0006,-0.9039,-194.2116,2.5515,45.4330,132.3413,22.5676
19845,-15.3203,0.0045,0.5000,158.7674,-0.0006,-0.9015,-195.7107,2.5541,45.4292,132.1833,22.5472
19847,-15.3088,0.0065,0.5000,158.7586,-0.0006,-0.8990,-197.2238,2.5560,45.4276,132.0362,22.5187
19849,-15.2934,0.0085,0.5000,158.7552,-0.0006,-0.8965,-198.7487,2.5571,45.4282,131.9002,22.4820
19851,-15.2740,0.0104,0.5000,158.7573,-0.0006,-0.8940,-200.2830,2.5575,45.4308,131.7756,22.4372
19853,-15.2506,0.0124,0.5000,158.7647,-0.0006,-0.8915,-201.8246,2.5570,45.4357,131.6625,22.3844
19855,-15.2233,0.0144,0.5000,158.7774,-0.0006,-0.8889,-203.3707,2.5557,45.4426,131.5612,22.3238
19857,-15.1922,0.0163,0.5000,158.7954,-0.0006,-0.8863,-204.9189,2.5536,45.4517,131.4717,22.2554
19859,-15.1571,0.0182,0.5000,158.8186,-0.0006,-0.8837,-206.4663,2.5507,45.4630,131.3943,22.1794
19861,-15.1183,0.0201,0.5000,158.8469,-0.0006,-0.8811,-208.0101,2.5471,45.4763,131.3290,22.0961
19863,-15.0757,0.0220,0.5000,158.8802,-0.0006,-0.8784,-209.5474,2.5427,45.4917,131.2760,22.0056
19865,-15.0294,0.0238,0.5000,158.9184,-0.0006,-0.8757,-211.0751,2.5375,45.5092,131.2353,21.9081
19867,-14.9794,0.0256,0.5000,158.9614,-0.0006,-0.8730,-212.5900,2.5316,45.5287,131.2070,21.8039
19869,-14.9260,0.0274,0.5000,159.0091,-0.0006,-0.8702,-214.0889,2.5250,45.5502,131.1911,21.6933
19871,-14.8691,0.0291,0.5000,159.0613,-0.0006,-0.8675,-215.5686,2.5177,45.5737,131.1876,21.5765
19873,-14.8088,0.0308,0.5000,159.1180,-0.0006,-0.8647,-217.0256,2.5097,45.5991,131.1966,21.4538
19875,-14.7453,0.0324,0.5000,159.1790,-0.0006,-0.8618,-218.4566,2.5010,45.6264,131.2179,21.3255
19877,-14.6786,0.0339,0.5000,159.2441,-0.0005,-0.8590,-219.8582,2.4917,45.6555,131.2516,21.1921
19879,-14.6088,0.0354,0.5000,159.3132,-0.0005,-0.8561,-221.2270,2.4818,45.6865,131.2975,21.0537
19881,-14.5362,0.0368,0.5000,159.3862,-0.0005,-0.8531,-222.5596,2.4713,45.7191,131.3555,20.9108
19883,-14.4608,0.0382,0.5000,159.4627,-0.0005,-0.8502,-223.8528,2.4603,45.7535,131.4255,20.7637
19885,-14.3828,0.0395,0.5000,159.5428,-0.0005,-0.8472,-225.1031,2.4487,45.7894,131.5073,20.6129
19887,-14.3023,0.0407,0.5000,159.6261,-0.0005,-0.8442,-226.3074,2.4366,45.8269,131.6008,20.4586
19889,-14.2195,0.0418,0.5000,159.7125,-0.0005,-0.8412,-227.4627,2.4241,45.8659,131.7056,20.3013
19891,-14.1345,0.0429,0.5000,159.8018,-0.0005,-0.8382,-228.5659,2.4112,45.9062,131.8217,20.1414
19893,-14.0475,0.0438,0.5000,159.8938,-0.0004,-0.8351,-229.6142,2.3978,45.9479,131.9487,19.9793
19895,-13.9587,0.0447,0.5000,159.9883,-0.0004,-0.8320,-230.6050,2.3842,45.9908,132.0863,19.8153
19897,-13.8683,0.0455,0.5000,160.0850,-0.0004,-0.8289,-231.5357,2.3702,46.0349,132.2343,19.6499
19899,-13.7764,0.0462,0.5000,160.1837,-0.0004,-0.8258,-232.4040,2.3559,46.0801,132.3923,19.4834
19901,-13.6832,0.0468,0.5000,160.2843,-0.0004,-0.8227,-233.2077,2.3414,46.1262,132.5600,19.3163
19903,-13.5890,0.0473,0.5000,160.3864,-0.0004,-0.8195,-233.9451,2.3267,46.1732,132.7369,19.1489
19905,-13.4938,0.0477,0.5000,160.4898,-0.0004,-0.8163,-234.6143,2.3118,46.2211,132.9227,18.9815
19907,-13.3980,0.0480,0.5000,160.5944,-0.0004,-0.8132,-235.2140,2.2968,46.2696,133.1171,18.8147
19909,-13.3017,0.0482,0.5000,160.6998,-0.0004,-0.8100,-235.7429,2.2817,46.3187,133.3195,18.6486
19911,-13.2052,0.0483,0.5000,160.8058,-0.0003,-0.8068,-236.2000,2.2665,46.3684,133.5295,18.4837
19913,-13.1085,0.0483,0.5000,160.9122,-0.0003,-0.8036,-236.5844,2.2513,46.4184,133.7467,18.3203
19915,-13.0120,0.0482,0.5000,161.0188,-0.0003,-0.8003,-236.8958,2.2361,46.4688,133.9707,18.1587
19917,-12.9157,0.0480,0.5000,161.1252,-0.0003,-0.7971,-237.1337,2.2210,46.5193,134.2008,17.9992
19919,-12.8200,0.0477,0.5000,161.2313,-0.0003,-0.7939,-237.2979,2.2059,46.5700,134.4367,17.8421
19921,-12.7250,0.0474,0.5000,161.3368,-0.0003,-0.7907,-237.3887,2.1909,46.6207,134.6778,17.6876
19923,-12.6309,0.0469,0.5000,161.4415,-0.0003,-0.7874,-237.4063,2.1760,46.6713,134.9236,17.5362
19925,-12.5378,0.0463,0.5000,161.5452,-0.0003,-0.7842,-237.3511,2.1613,46.7217,135.1737,17.3879
19927,-12.4461,0.0456,0.5000,161.6475,-0.0003,-0.7810,-237.2238,2.1468,46.7718,135.4275,17.2430
19929,-12.3558,0.0449,0.5000,161.7484,-0.0003,-0.7778,-237.0252,2.1324,46.8215,135.6844,17.1018
19931,-12.2671,0.0440,0.5000,161.8475,-0.0003,-0.7746,-236.7563,2.1183,46.8708,135.9439,16.9644
19933,-12.1802,0.0431,0.5000,161.9447,-0.0002,-0.7714,-236.4181,2.1044,46.9194,136.2056,16.8310
19935,-12.0953,0.0421,0.5000,162.0398,-0.0002,-0.7682,-236.0119,2.0908,46.9675,136.4688,16.7018
19937,-12.0125,0.0410,0.5000,162.1325,-0.0002,-0.7650,-235.5391,2.0775,47.0147,136.7331,16.5771
19939,-11.9320,0.0398,0.5000,162.2227,-0.0002,-0.7619,-235.0011,2.0645,47.0612,136.9979,16.4568
19941,-11.8540,0.0386,0.5000,162.3101,-0.0002,-0.7588,-234.3994,2.0517,47.1067,137.2626,16.3411
19943,-11.7785,0.0372,0.5000,162.3946,-0.0002,-0.7556,-233.7357,2.0394,47.1512,137.5269,16.2303
19945,-11.7057,0.0359,0.5000,162.4760,-0.0002,-0.7525,-233.0117,2.0273,47.1946,137.7900,16.1243
19947,-11.6358,0.0344,0.5000,162.5542,-0.0002,-0.7494,-232.2293,2.0157,47.2368,138.0516,16.0233
19949,-11.5688,0.0329,0.5000,162.6290,-0.0002,-0.7464,-231.3902,2.0043,47.2779,138.3110,15.9274
19951,-11.5049,0.0314,0.5000,162.7002,-0.0002,-0.7433,-230.4966,1.9934,47.3176,138.5679,15.8366
19953,-11.4442,0.0297,0.5000,162.7677,-0.0002,-0.7403,-229.5502,1.9829,47.3560,138.8217,15.7511
19955,-11.3868,0.0281,0.5000,162.8313,-0.0002,-0.7373,-228.5533,1.9727,47.3929,139.0718,15.6708
19957,-11.3328,0.0264,0.5000,162.8910,-0.0002,-0.7344,-227.5079,1.9630,47.4283,139.3179,15.5959
19959,-11.2822,0.0246,0.5000,162.9466,-0.0002,-0.7314,-226.4162,1.9537,47.4622,139.5595,15.5264
19961,-11.2352,0.0228,0.5000,162.9980,-0.0002,-0.7285,-225.2803,1.9448,47.4945,139.7960,15.4622
19963,-11.1918,0.0210,0.5000,163.0452,-0.0002,-0.7256,-224.1026,1.9363,47.5251,140.0271,15.4036
19965,-11.1520,0.0192,0.5000,163.0879,-0.0002,-0.7228,-222.8854,1.9283,47.5541,140.2523,15.3504
19967,-11.1160,0.0173,0.5000,163.1262,-0.0002,-0.7199,-221.6309,1.9206,47.5813,140.4711,15.3028
19969,-11.0839,0.0154,0.5000,163.1599,-0.0002,-0.7172,-220.3416,1.9135,47.6067,140.6832,15.2606
19971,-11.0555,0.0135,0.5000,163.1890,-0.0002,-0.7144,-219.0198,1.9068,47.6302,140.8882,15.2240
19973,-11.0310,0.0115,0.5000,163.2135,-0.0002,-0.7117,-217.6682,1.9005,47.6520,141.0856,15.1929
19975,-11.0104,0.0096,0.5000,163.2333,-0.0002,-0.7090,-216.2890,1.8947,47.6718,141.2751,15.1674
19977,-10.9938,0.0076,0.5000,163.2483,-0.0002,-0.7063,-214.8850,1.8894,47.6897,141.4563,15.1474
19979,-10.9810,0.0056,0.5000,163.2585,-0.0002,-0.7037,-213.4586,1.8845,47.7057,141.6289,15.1329
19981,-10.9723,0.0037,0.5000,163.2638,-0.0002,-0.7011,-212.0124,1.8801,47.7197,141.7926,15.1240
19983,-10.9674,0.0017,0.5000,163.2644,-0.0002,-0.6985,-210.5491,1.8761,47.7317,141.9470,15.1206
19985,-10.9665,-0.0003,0.5000,163.2600,-0.0002,-0.6959,-209.0713,1.8727,47.7418,142.0919,15.1226
19987,-10.9695,-0.0022,0.5000,163.2509,-0.0002,-0.6934,-207.5818,1.8697,47.7498,142.2270,15.1301
19989,-10.9765,-0.0042,0.5000,163.2368,-0.0002,-0.6910,-206.0831,1.8672,47.7558,142.3519,15.1431
19991,-10.9873,-0.0061,0.5000,163.2179,-0.0002,-0.6885,-204.5781,1.8652,47.7598,142.4666,15.1615
19993,-11.0020,-0.0080,0.5000,163.1942,-0.0002,-0.6861,-203.0695,1.8636,47.7618,142.5707,15.1852
19995,-11.0204,-0.0099,0.5000,163.1657,-0.0002,-0.6838,-201.5600,1.8626,47.7618,142.6641,15.2143
19997,-11.0426,-0.0118,0.5000,163.1324,-0.0002,-0.6814,-200.0524,1.8620,47.7598,142.7465,15.2487
19999,-11.0686,-0.0137,0.5000,163.0944,-0.0002,-0.6791,-198.5494,1.8620,47.7557,142.8179,15.2884
